Metasequoia Document
Format Text Ver 1.1

Scene {
	pos 252.4774 496.3041 8067.5977
	lookat 173.7373 426.1536 -1074.4911
	head -0.6208
	pich 0.2508
	bank 0.0000
	ortho 0
	zoom2 1.2293
	amb 0.250 0.250 0.250
	dirlights 1 {
		light {
			dir 0.408 0.408 0.816
			color 1.000 1.000 1.000
		}
	}
}
Material 1 {
	"mat1" shader(3) col(1.000 1.000 1.000 1.000) dif(0.800) amb(0.600) emi(0.000) spc(0.000) power(5.00)
}
Object "$body" {
	depth 0
	folding 0
	scale 1.000000 1.000000 1.000000
	rotation 0.000000 0.000000 0.000000
	translation 0.000000 0.000000 0.000000
	visible 15
	locking 0
	shading 1
	facet 59.5
	color 0.898 0.498 0.698
	color_type 0
	vertex 216 {
		-78.9329 23.2318 1.6237
		-78.9825 23.2318 -1941.8636
		-78.9825 5.3501 -1941.8636
		-78.9329 5.3485 1.6237
		-71.7323 23.2318 -1941.8636
		-71.6842 23.2318 1.6237
		-71.6842 5.3485 1.6237
		-71.7323 5.3501 -1941.8636
		73.3170 23.2318 1.6237
		73.2666 23.2318 -1941.8636
		73.2666 5.3501 -1941.8636
		73.3170 5.3485 1.6237
		80.5168 23.2318 -1941.8636
		80.5672 23.2318 1.6237
		80.5672 5.3485 1.6237
		80.5168 5.3501 -1941.8636
		-135.9565 5.9284 -1316.5111
		137.5511 5.9284 -1316.5111
		137.5511 -23.4158 -1316.5111
		-135.9565 -23.4158 -1316.5111
		-135.9565 5.9284 -1279.9052
		-135.9565 -23.4158 -1279.9052
		137.5511 5.9284 -1279.9052
		137.5511 -23.4158 -1279.9052
		-135.9565 5.9284 -1235.1632
		137.5511 5.9284 -1235.1632
		137.5511 -23.4158 -1235.1632
		-135.9565 -23.4158 -1235.1632
		-135.9565 5.9284 -1198.5577
		-135.9565 -23.4158 -1198.5577
		137.5511 5.9284 -1198.5577
		137.5511 -23.4158 -1198.5577
		-135.9565 5.9284 -1397.8590
		137.5511 5.9284 -1397.8590
		137.5511 -23.4158 -1397.8590
		-135.9565 -23.4158 -1397.8590
		-135.9565 5.9284 -1361.2528
		-135.9565 -23.4158 -1361.2528
		137.5511 5.9284 -1361.2528
		137.5511 -23.4158 -1361.2528
		-135.9565 5.9284 -1153.8187
		137.5511 5.9284 -1153.8187
		137.5511 -23.4158 -1153.8187
		-135.9565 -23.4158 -1153.8187
		-135.9565 5.9284 -1117.2128
		-135.9565 -23.4158 -1117.2128
		137.5511 5.9284 -1117.2128
		137.5511 -23.4158 -1117.2128
		-135.9565 5.9284 -1072.4711
		137.5511 5.9284 -1072.4711
		137.5511 -23.4158 -1072.4711
		-135.9565 -23.4158 -1072.4711
		-135.9565 5.9284 -1035.8651
		-135.9565 -23.4158 -1035.8651
		137.5511 5.9284 -1035.8651
		137.5511 -23.4158 -1035.8651
		-135.9565 5.9284 -991.1271
		137.5511 5.9284 -991.1271
		137.5511 -23.4158 -991.1271
		-135.9565 -23.4158 -991.1271
		-135.9565 5.9284 -954.5215
		-135.9565 -23.4158 -954.5215
		137.5511 5.9284 -954.5215
		137.5511 -23.4158 -954.5215
		-135.9565 5.9284 -909.7790
		137.5511 5.9284 -909.7790
		137.5511 -23.4158 -909.7790
		-135.9565 -23.4158 -909.7790
		-135.9565 5.9284 -873.1732
		-135.9565 -23.4158 -873.1732
		137.5511 5.9284 -873.1732
		137.5511 -23.4158 -873.1732
		-135.9565 5.9284 -828.4345
		137.5511 5.9284 -828.4345
		137.5511 -23.4158 -828.4345
		-135.9565 -23.4158 -828.4345
		-135.9565 5.9284 -791.8251
		-135.9565 -23.4158 -791.8251
		137.5511 5.9284 -791.8251
		137.5511 -23.4158 -791.8251
		-135.9565 5.9284 -747.0865
		137.5511 5.9284 -747.0865
		137.5511 -23.4158 -747.0865
		-135.9565 -23.4158 -747.0865
		-135.9565 5.9284 -710.4805
		-135.9565 -23.4158 -710.4805
		137.5511 5.9284 -710.4805
		137.5511 -23.4158 -710.4805
		-135.9565 5.9284 -665.7402
		137.5511 5.9284 -665.7402
		137.5511 -23.4158 -665.7402
		-135.9565 -23.4158 -665.7402
		-135.9565 5.9284 -629.1345
		-135.9565 -23.4158 -629.1345
		137.5511 5.9284 -629.1345
		137.5511 -23.4158 -629.1345
		-135.9565 5.9284 -584.3937
		137.5511 5.9284 -584.3937
		137.5511 -23.4158 -584.3937
		-135.9565 -23.4158 -584.3937
		-135.9565 5.9284 -547.7880
		-135.9565 -23.4158 -547.7880
		137.5511 5.9284 -547.7880
		137.5511 -23.4158 -547.7880
		-135.9565 5.9284 -503.0462
		137.5511 5.9284 -503.0462
		137.5511 -23.4158 -503.0462
		-135.9565 -23.4158 -503.0462
		-135.9565 5.9284 -466.4418
		-135.9565 -23.4158 -466.4418
		137.5511 5.9284 -466.4418
		137.5511 -23.4158 -466.4418
		-135.9565 5.9284 -1885.9401
		137.5511 5.9284 -1885.9401
		137.5511 -23.4158 -1885.9401
		-135.9565 -23.4158 -1885.9401
		-135.9565 5.9284 -1849.3314
		-135.9565 -23.4158 -1849.3314
		137.5511 5.9284 -1849.3314
		137.5511 -23.4158 -1849.3314
		-135.9565 5.9284 -1804.5927
		137.5511 5.9284 -1804.5927
		137.5511 -23.4158 -1804.5927
		-135.9565 -23.4158 -1804.5927
		-135.9565 5.9284 -1767.9838
		-135.9565 -23.4158 -1767.9838
		137.5511 5.9284 -1767.9838
		137.5511 -23.4158 -1767.9838
		-135.9565 5.9284 -1723.2450
		137.5511 5.9284 -1723.2450
		137.5511 -23.4158 -1723.2450
		-135.9565 -23.4158 -1723.2450
		-135.9565 5.9284 -1686.6393
		-135.9565 -23.4158 -1686.6393
		137.5511 5.9284 -1686.6393
		137.5511 -23.4158 -1686.6393
		-135.9565 5.9284 -1641.9005
		137.5511 5.9284 -1641.9005
		137.5511 -23.4158 -1641.9005
		-135.9565 -23.4158 -1641.9005
		-135.9565 5.9284 -1605.2919
		-135.9565 -23.4158 -1605.2919
		137.5511 5.9284 -1605.2919
		137.5511 -23.4158 -1605.2919
		-135.9565 5.9284 -1560.5514
		137.5511 5.9284 -1560.5514
		137.5511 -23.4158 -1560.5514
		-135.9565 -23.4158 -1560.5514
		-135.9565 5.9284 -1523.9454
		-135.9565 -23.4158 -1523.9454
		137.5511 5.9284 -1523.9454
		137.5511 -23.4158 -1523.9454
		-135.9565 5.9284 -1479.2035
		137.5511 5.9284 -1479.2035
		137.5511 -23.4158 -1479.2035
		-135.9565 -23.4158 -1479.2035
		-135.9565 5.9284 -1442.5978
		-135.9565 -23.4158 -1442.5978
		137.5511 5.9284 -1442.5978
		137.5511 -23.4158 -1442.5978
		-135.9565 5.9284 -340.3539
		137.5511 5.9284 -340.3539
		137.5511 -23.4158 -340.3539
		-135.9565 -23.4158 -340.3539
		-135.9565 5.9284 -303.7480
		-135.9565 -23.4158 -303.7480
		137.5511 5.9284 -303.7480
		137.5511 -23.4158 -303.7480
		-135.9565 5.9284 -421.7000
		137.5511 5.9284 -421.7000
		137.5511 -23.4158 -421.7000
		-135.9565 -23.4158 -421.7000
		-135.9565 5.9284 -385.0957
		-135.9565 -23.4158 -385.0957
		137.5511 5.9284 -385.0957
		137.5511 -23.4158 -385.0957
		-135.2752 5.6430 -259.0077
		136.8698 5.6430 -259.0077
		136.8698 -23.7012 -259.0077
		-135.2752 -23.7012 -259.0077
		-135.2752 5.6430 -222.4019
		-135.2752 -23.7012 -222.4019
		136.8698 5.6430 -222.4019
		136.8698 -23.7012 -222.4019
		-135.9565 5.9284 -17.0880
		137.5511 5.9284 -17.0911
		137.5511 -23.4158 -17.0911
		-135.9565 -23.4158 -17.0880
		-135.9565 5.9284 19.5162
		-135.9565 -23.4158 19.5162
		137.5504 5.9284 19.5162
		137.5504 -23.4158 19.5162
		-135.9565 5.9284 -98.4357
		137.5511 5.9284 -98.4357
		137.5511 -23.4158 -98.4357
		-135.9565 -23.4158 -98.4357
		-135.9565 5.9284 -61.8298
		-135.9565 -23.4158 -61.8298
		137.5511 5.9284 -61.8298
		137.5511 -23.4158 -61.8298
		-135.2752 5.6430 -179.7819
		136.8698 5.6430 -179.7819
		136.8698 -23.7012 -179.7819
		-135.2752 -23.7012 -179.7819
		-135.2752 5.6430 -143.1775
		-135.2752 -23.7012 -143.1775
		136.8698 5.6430 -143.1775
		136.8698 -23.7012 -143.1775
		-135.9565 5.9284 -1956.0734
		137.5511 5.9284 -1956.0765
		137.5511 -23.4158 -1956.0765
		-135.9565 -23.4158 -1956.0734
		-135.9565 5.9284 -1919.4691
		-135.9565 -23.4158 -1919.4691
		137.5504 5.9284 -1919.4691
		137.5504 -23.4158 -1919.4691
	}
	face 316 {
		3 V(0 1 4) M(0) UV(0.05186 0.41195 0.05184 0.07073 0.05486 0.07073)
		3 V(5 0 4) M(0) UV(0.05488 0.41195 0.05186 0.41195 0.05486 0.07073)
		3 V(8 9 12) M(0) UV(0.08729 0.41195 0.08727 0.07073 0.09029 0.07073)
		3 V(13 8 12) M(0) UV(0.09031 0.41195 0.08729 0.41195 0.09029 0.07073)
		3 V(2 1 0) M(0) UV(0.05184 0.42873 0.05184 0.42559 0.86169 0.42559)
		3 V(3 2 0) M(0) UV(0.86169 0.42873 0.05184 0.42873 0.86169 0.42559)
		3 V(6 5 4) M(0) UV(0.12271 0.07387 0.12271 0.07073 0.93256 0.07073)
		3 V(7 6 4) M(0) UV(0.93256 0.07387 0.12271 0.07387 0.93256 0.07073)
		3 V(2 3 6) M(0) UV(0.96495 0.41195 0.96497 0.07073 0.96799 0.07073)
		3 V(7 2 6) M(0) UV(0.96797 0.41195 0.96495 0.41195 0.96799 0.07073)
		3 V(10 9 8) M(0) UV(0.12271 0.09066 0.12271 0.08752 0.93256 0.08752)
		3 V(11 10 8) M(0) UV(0.93256 0.09066 0.12271 0.09066 0.93256 0.08752)
		3 V(14 13 12) M(0) UV(0.12271 0.10745 0.12271 0.10431 0.93256 0.10431)
		3 V(15 14 12) M(0) UV(0.93256 0.10745 0.12271 0.10745 0.93256 0.10431)
		3 V(10 11 14) M(0) UV(0.12271 0.46231 0.12273 0.12110 0.12575 0.12110)
		3 V(15 10 14) M(0) UV(0.12573 0.46231 0.12271 0.46231 0.12575 0.12110)
		3 V(18 17 16) M(0) UV(0.02565 0.55347 0.02565 0.54741 0.15300 0.54741)
		3 V(19 18 16) M(0) UV(0.15300 0.55347 0.02565 0.55347 0.15300 0.54741)
		3 V(19 16 20) M(0) UV(0.83886 0.79522 0.83886 0.78916 0.85590 0.78916)
		3 V(21 19 20) M(0) UV(0.85590 0.79522 0.83886 0.79522 0.85590 0.78916)
		3 V(21 20 22) M(0) UV(0.02565 0.57518 0.02565 0.56912 0.15300 0.56912)
		3 V(23 21 22) M(0) UV(0.15300 0.57518 0.02565 0.57518 0.15300 0.56912)
		3 V(23 22 17) M(0) UV(0.83886 0.81692 0.83886 0.81087 0.85590 0.81087)
		3 V(18 23 17) M(0) UV(0.85590 0.81692 0.83886 0.81692 0.85590 0.81087)
		3 V(20 16 17) M(0) UV(0.02565 0.59838 0.02565 0.59082 0.15300 0.59082)
		3 V(22 20 17) M(0) UV(0.15300 0.59838 0.02565 0.59838 0.15300 0.59082)
		3 V(26 25 24) M(0) UV(0.02565 0.62008 0.02565 0.61403 0.15300 0.61403)
		3 V(27 26 24) M(0) UV(0.15300 0.62008 0.02565 0.62008 0.15300 0.61403)
		3 V(27 24 28) M(0) UV(0.89119 0.66349 0.89119 0.65744 0.90824 0.65744)
		3 V(29 27 28) M(0) UV(0.90824 0.66349 0.89119 0.66349 0.90824 0.65744)
		3 V(29 28 30) M(0) UV(0.02565 0.64179 0.02565 0.63573 0.15300 0.63573)
		3 V(31 29 30) M(0) UV(0.15300 0.64179 0.02565 0.64179 0.15300 0.63573)
		3 V(31 30 25) M(0) UV(0.89119 0.68670 0.89119 0.68064 0.90824 0.68064)
		3 V(26 31 25) M(0) UV(0.90824 0.68670 0.89119 0.68670 0.90824 0.68064)
		3 V(28 24 25) M(0) UV(0.02565 0.66499 0.02565 0.65744 0.15300 0.65744)
		3 V(30 28 25) M(0) UV(0.15300 0.66499 0.02565 0.66499 0.15300 0.65744)
		3 V(34 33 32) M(0) UV(0.18829 0.55347 0.18829 0.54741 0.31565 0.54741)
		3 V(35 34 32) M(0) UV(0.31565 0.55347 0.18829 0.55347 0.31565 0.54741)
		3 V(35 32 36) M(0) UV(0.89119 0.70840 0.89119 0.70234 0.90824 0.70234)
		3 V(37 35 36) M(0) UV(0.90824 0.70840 0.89119 0.70840 0.90824 0.70234)
		3 V(37 36 38) M(0) UV(0.18829 0.57518 0.18829 0.56912 0.31565 0.56912)
		3 V(39 37 38) M(0) UV(0.31565 0.57518 0.18829 0.57518 0.31565 0.56912)
		3 V(39 38 33) M(0) UV(0.89119 0.73011 0.89119 0.72405 0.90824 0.72405)
		3 V(34 39 33) M(0) UV(0.90824 0.73011 0.89119 0.73011 0.90824 0.72405)
		3 V(36 32 33) M(0) UV(0.18829 0.59838 0.18829 0.59082 0.31565 0.59082)
		3 V(38 36 33) M(0) UV(0.31565 0.59838 0.18829 0.59838 0.31565 0.59082)
		3 V(42 41 40) M(0) UV(0.18829 0.62008 0.18829 0.61403 0.31565 0.61403)
		3 V(43 42 40) M(0) UV(0.31565 0.62008 0.18829 0.62008 0.31565 0.61403)
		3 V(43 40 44) M(0) UV(0.89119 0.83863 0.89119 0.83257 0.90824 0.83257)
		3 V(45 43 44) M(0) UV(0.90824 0.83863 0.89119 0.83863 0.90824 0.83257)
		3 V(45 44 46) M(0) UV(0.18829 0.64179 0.18829 0.63573 0.31565 0.63573)
		3 V(47 45 46) M(0) UV(0.31565 0.64179 0.18829 0.64179 0.31565 0.63573)
		3 V(47 46 41) M(0) UV(0.89119 0.86033 0.89119 0.85428 0.90824 0.85428)
		3 V(42 47 41) M(0) UV(0.90824 0.86033 0.89119 0.86033 0.90824 0.85428)
		3 V(44 40 41) M(0) UV(0.18829 0.66499 0.18829 0.65744 0.31565 0.65744)
		3 V(46 44 41) M(0) UV(0.31565 0.66499 0.18829 0.66499 0.31565 0.65744)
		3 V(50 49 48) M(0) UV(0.02565 0.68670 0.02565 0.68064 0.15300 0.68064)
		3 V(51 50 48) M(0) UV(0.15300 0.68670 0.02565 0.68670 0.15300 0.68064)
		3 V(51 48 52) M(0) UV(0.89119 0.88204 0.89119 0.87598 0.90824 0.87598)
		3 V(53 51 52) M(0) UV(0.90824 0.88204 0.89119 0.88204 0.90824 0.87598)
		3 V(53 52 54) M(0) UV(0.18829 0.68670 0.18829 0.68064 0.31565 0.68064)
		3 V(55 53 54) M(0) UV(0.31565 0.68670 0.18829 0.68670 0.31565 0.68064)
		3 V(55 54 49) M(0) UV(0.89119 0.90374 0.89119 0.89768 0.90824 0.89768)
		3 V(50 55 49) M(0) UV(0.90824 0.90374 0.89119 0.90374 0.90824 0.89768)
		3 V(52 48 49) M(0) UV(0.02565 0.70990 0.02565 0.70234 0.15300 0.70234)
		3 V(54 52 49) M(0) UV(0.15300 0.70990 0.02565 0.70990 0.15300 0.70234)
		3 V(58 57 56) M(0) UV(0.18829 0.70840 0.18829 0.70234 0.31565 0.70234)
		3 V(59 58 56) M(0) UV(0.31565 0.70840 0.18829 0.70840 0.31565 0.70234)
		3 V(59 56 60) M(0) UV(0.94353 0.62008 0.94353 0.61403 0.96057 0.61403)
		3 V(61 59 60) M(0) UV(0.96057 0.62008 0.94353 0.62008 0.96057 0.61403)
		3 V(61 60 62) M(0) UV(0.18829 0.73011 0.18829 0.72405 0.31565 0.72405)
		3 V(63 61 62) M(0) UV(0.31565 0.73011 0.18829 0.73011 0.31565 0.72405)
		3 V(63 62 57) M(0) UV(0.94353 0.64179 0.94353 0.63573 0.96057 0.63573)
		3 V(58 63 57) M(0) UV(0.96057 0.64179 0.94353 0.64179 0.96057 0.63573)
		3 V(60 56 57) M(0) UV(0.02565 0.73310 0.02565 0.72555 0.15300 0.72555)
		3 V(62 60 57) M(0) UV(0.15300 0.73310 0.02565 0.73310 0.15300 0.72555)
		3 V(66 65 64) M(0) UV(0.35094 0.55347 0.35094 0.54741 0.47829 0.54741)
		3 V(67 66 64) M(0) UV(0.47829 0.55347 0.35094 0.55347 0.47829 0.54741)
		3 V(67 64 68) M(0) UV(0.83886 0.75181 0.83886 0.74575 0.85590 0.74575)
		3 V(69 67 68) M(0) UV(0.85590 0.75181 0.83886 0.75181 0.85590 0.74575)
		3 V(69 68 70) M(0) UV(0.35094 0.57518 0.35094 0.56912 0.47829 0.56912)
		3 V(71 69 70) M(0) UV(0.47829 0.57518 0.35094 0.57518 0.47829 0.56912)
		3 V(71 70 65) M(0) UV(0.83886 0.77352 0.83886 0.76746 0.85590 0.76746)
		3 V(66 71 65) M(0) UV(0.85590 0.77352 0.83886 0.77352 0.85590 0.76746)
		3 V(68 64 65) M(0) UV(0.35094 0.59838 0.35094 0.59082 0.47829 0.59082)
		3 V(70 68 65) M(0) UV(0.47829 0.59838 0.35094 0.59838 0.47829 0.59082)
		3 V(74 73 72) M(0) UV(0.35094 0.62008 0.35094 0.61403 0.47829 0.61403)
		3 V(75 74 72) M(0) UV(0.47829 0.62008 0.35094 0.62008 0.47829 0.61403)
		3 V(75 72 76) M(0) UV(0.83886 0.55347 0.83886 0.54741 0.85590 0.54741)
		3 V(77 75 76) M(0) UV(0.85590 0.55347 0.83886 0.55347 0.85590 0.54741)
		3 V(77 76 78) M(0) UV(0.35094 0.64179 0.35094 0.63573 0.47829 0.63573)
		3 V(79 77 78) M(0) UV(0.47829 0.64179 0.35094 0.64179 0.47829 0.63573)
		3 V(79 78 73) M(0) UV(0.83886 0.57518 0.83886 0.56912 0.85590 0.56912)
		3 V(74 79 73) M(0) UV(0.85590 0.57518 0.83886 0.57518 0.85590 0.56912)
		3 V(76 72 73) M(0) UV(0.35094 0.66499 0.35094 0.65744 0.47829 0.65744)
		3 V(78 76 73) M(0) UV(0.47829 0.66499 0.35094 0.66499 0.47829 0.65744)
		3 V(82 81 80) M(0) UV(0.35094 0.68670 0.35094 0.68064 0.47829 0.68064)
		3 V(83 82 80) M(0) UV(0.47829 0.68670 0.35094 0.68670 0.47829 0.68064)
		3 V(83 80 84) M(0) UV(0.89119 0.75181 0.89119 0.74575 0.90824 0.74575)
		3 V(85 83 84) M(0) UV(0.90824 0.75181 0.89119 0.75181 0.90824 0.74575)
		3 V(85 84 86) M(0) UV(0.35094 0.70840 0.35094 0.70234 0.47829 0.70234)
		3 V(87 85 86) M(0) UV(0.47829 0.70840 0.35094 0.70840 0.47829 0.70234)
		3 V(87 86 81) M(0) UV(0.89119 0.77352 0.89119 0.76746 0.90824 0.76746)
		3 V(82 87 81) M(0) UV(0.90824 0.77352 0.89119 0.77352 0.90824 0.76746)
		3 V(84 80 81) M(0) UV(0.35094 0.73161 0.35094 0.72405 0.47829 0.72405)
		3 V(86 84 81) M(0) UV(0.47829 0.73161 0.35094 0.73161 0.47829 0.72405)
		3 V(90 89 88) M(0) UV(0.18829 0.75181 0.18829 0.74575 0.31565 0.74575)
		3 V(91 90 88) M(0) UV(0.31565 0.75181 0.18829 0.75181 0.31565 0.74575)
		3 V(91 88 92) M(0) UV(0.89119 0.62008 0.89119 0.61403 0.90824 0.61403)
		3 V(93 91 92) M(0) UV(0.90824 0.62008 0.89119 0.62008 0.90824 0.61403)
		3 V(93 92 94) M(0) UV(0.35094 0.75181 0.35094 0.74575 0.47829 0.74575)
		3 V(95 93 94) M(0) UV(0.47829 0.75181 0.35094 0.75181 0.47829 0.74575)
		3 V(95 94 89) M(0) UV(0.89119 0.64179 0.89119 0.63573 0.90824 0.63573)
		3 V(90 95 89) M(0) UV(0.90824 0.64179 0.89119 0.64179 0.90824 0.63573)
		3 V(92 88 89) M(0) UV(0.02565 0.75631 0.02565 0.74875 0.15300 0.74875)
		3 V(94 92 89) M(0) UV(0.15300 0.75631 0.02565 0.75631 0.15300 0.74875)
		3 V(98 97 96) M(0) UV(0.18829 0.77352 0.18829 0.76746 0.31565 0.76746)
		3 V(99 98 96) M(0) UV(0.31565 0.77352 0.18829 0.77352 0.31565 0.76746)
		3 V(99 96 100) M(0) UV(0.89119 0.79522 0.89119 0.78916 0.90824 0.78916)
		3 V(101 99 100) M(0) UV(0.90824 0.79522 0.89119 0.79522 0.90824 0.78916)
		3 V(101 100 102) M(0) UV(0.35094 0.77352 0.35094 0.76746 0.47829 0.76746)
		3 V(103 101 102) M(0) UV(0.47829 0.77352 0.35094 0.77352 0.47829 0.76746)
		3 V(103 102 97) M(0) UV(0.89119 0.81692 0.89119 0.81087 0.90824 0.81087)
		3 V(98 103 97) M(0) UV(0.90824 0.81692 0.89119 0.81692 0.90824 0.81087)
		3 V(100 96 97) M(0) UV(0.02565 0.77951 0.02565 0.77195 0.15300 0.77195)
		3 V(102 100 97) M(0) UV(0.15300 0.77951 0.02565 0.77951 0.15300 0.77195)
		3 V(106 105 104) M(0) UV(0.18829 0.79522 0.18829 0.78916 0.31565 0.78916)
		3 V(107 106 104) M(0) UV(0.31565 0.79522 0.18829 0.79522 0.31565 0.78916)
		3 V(107 104 108) M(0) UV(0.94353 0.70840 0.94353 0.70234 0.96057 0.70234)
		3 V(109 107 108) M(0) UV(0.96057 0.70840 0.94353 0.70840 0.96057 0.70234)
		3 V(109 108 110) M(0) UV(0.35094 0.79522 0.35094 0.78916 0.47829 0.78916)
		3 V(111 109 110) M(0) UV(0.47829 0.79522 0.35094 0.79522 0.47829 0.78916)
		3 V(111 110 105) M(0) UV(0.94353 0.73011 0.94353 0.72405 0.96057 0.72405)
		3 V(106 111 105) M(0) UV(0.96057 0.73011 0.94353 0.73011 0.96057 0.72405)
		3 V(108 104 105) M(0) UV(0.02565 0.80272 0.02565 0.79516 0.15300 0.79516)
		3 V(110 108 105) M(0) UV(0.15300 0.80272 0.02565 0.80272 0.15300 0.79516)
		3 V(114 113 112) M(0) UV(0.18829 0.81692 0.18829 0.81087 0.31565 0.81087)
		3 V(115 114 112) M(0) UV(0.31565 0.81692 0.18829 0.81692 0.31565 0.81087)
		3 V(115 112 116) M(0) UV(0.83886 0.68670 0.83886 0.68064 0.85590 0.68064)
		3 V(117 115 116) M(0) UV(0.85590 0.68670 0.83886 0.68670 0.85590 0.68064)
		3 V(117 116 118) M(0) UV(0.35094 0.81692 0.35094 0.81087 0.47829 0.81087)
		3 V(119 117 118) M(0) UV(0.47829 0.81692 0.35094 0.81692 0.47829 0.81087)
		3 V(119 118 113) M(0) UV(0.83886 0.70840 0.83886 0.70234 0.85590 0.70234)
		3 V(114 119 113) M(0) UV(0.85590 0.70840 0.83886 0.70840 0.85590 0.70234)
		3 V(116 112 113) M(0) UV(0.51358 0.55497 0.51358 0.54741 0.64093 0.54741)
		3 V(118 116 113) M(0) UV(0.64093 0.55497 0.51358 0.55497 0.64093 0.54741)
		3 V(122 121 120) M(0) UV(0.51358 0.57518 0.51358 0.56912 0.64093 0.56912)
		3 V(123 122 120) M(0) UV(0.64093 0.57518 0.51358 0.57518 0.64093 0.56912)
		3 V(123 120 124) M(0) UV(0.83886 0.59688 0.83886 0.59082 0.85590 0.59082)
		3 V(125 123 124) M(0) UV(0.85590 0.59688 0.83886 0.59688 0.85590 0.59082)
		3 V(125 124 126) M(0) UV(0.51358 0.59688 0.51358 0.59082 0.64093 0.59082)
		3 V(127 125 126) M(0) UV(0.64093 0.59688 0.51358 0.59688 0.64093 0.59082)
		3 V(127 126 121) M(0) UV(0.83886 0.62008 0.83886 0.61403 0.85590 0.61403)
		3 V(122 127 121) M(0) UV(0.85590 0.62008 0.83886 0.62008 0.85590 0.61403)
		3 V(124 120 121) M(0) UV(0.51358 0.62158 0.51358 0.61403 0.64093 0.61403)
		3 V(126 124 121) M(0) UV(0.64093 0.62158 0.51358 0.62158 0.64093 0.61403)
		3 V(130 129 128) M(0) UV(0.51358 0.64179 0.51358 0.63573 0.64093 0.63573)
		3 V(131 130 128) M(0) UV(0.64093 0.64179 0.51358 0.64179 0.64093 0.63573)
		3 V(131 128 132) M(0) UV(0.89119 0.92695 0.89119 0.92089 0.90824 0.92089)
		3 V(133 131 132) M(0) UV(0.90824 0.92695 0.89119 0.92695 0.90824 0.92089)
		3 V(133 132 134) M(0) UV(0.51358 0.66349 0.51358 0.65744 0.64093 0.65744)
		3 V(135 133 134) M(0) UV(0.64093 0.66349 0.51358 0.66349 0.64093 0.65744)
		3 V(135 134 129) M(0) UV(0.94353 0.55347 0.94353 0.54741 0.96057 0.54741)
		3 V(130 135 129) M(0) UV(0.96057 0.55347 0.94353 0.55347 0.96057 0.54741)
		3 V(132 128 129) M(0) UV(0.51358 0.68820 0.51358 0.68064 0.64093 0.68064)
		3 V(134 132 129) M(0) UV(0.64093 0.68820 0.51358 0.68820 0.64093 0.68064)
		3 V(138 137 136) M(0) UV(0.51358 0.70840 0.51358 0.70234 0.64093 0.70234)
		3 V(139 138 136) M(0) UV(0.64093 0.70840 0.51358 0.70840 0.64093 0.70234)
		3 V(139 136 140) M(0) UV(0.83886 0.64179 0.83886 0.63573 0.85590 0.63573)
		3 V(141 139 140) M(0) UV(0.85590 0.64179 0.83886 0.64179 0.85590 0.63573)
		3 V(141 140 142) M(0) UV(0.51358 0.73011 0.51358 0.72405 0.64093 0.72405)
		3 V(143 141 142) M(0) UV(0.64093 0.73011 0.51358 0.73011 0.64093 0.72405)
		3 V(143 142 137) M(0) UV(0.83886 0.66349 0.83886 0.65744 0.85590 0.65744)
		3 V(138 143 137) M(0) UV(0.85590 0.66349 0.83886 0.66349 0.85590 0.65744)
		3 V(140 136 137) M(0) UV(0.51358 0.75331 0.51358 0.74575 0.64093 0.74575)
		3 V(142 140 137) M(0) UV(0.64093 0.75331 0.51358 0.75331 0.64093 0.74575)
		3 V(146 145 144) M(0) UV(0.51358 0.77352 0.51358 0.76746 0.64093 0.76746)
		3 V(147 146 144) M(0) UV(0.64093 0.77352 0.51358 0.77352 0.64093 0.76746)
		3 V(147 144 148) M(0) UV(0.83886 0.83863 0.83886 0.83257 0.85590 0.83257)
		3 V(149 147 148) M(0) UV(0.85590 0.83863 0.83886 0.83863 0.85590 0.83257)
		3 V(149 148 150) M(0) UV(0.51358 0.79522 0.51358 0.78916 0.64093 0.78916)
		3 V(151 149 150) M(0) UV(0.64093 0.79522 0.51358 0.79522 0.64093 0.78916)
		3 V(151 150 145) M(0) UV(0.83886 0.86033 0.83886 0.85428 0.85590 0.85428)
		3 V(146 151 145) M(0) UV(0.85590 0.86033 0.83886 0.86033 0.85590 0.85428)
		3 V(148 144 145) M(0) UV(0.51358 0.81842 0.51358 0.81087 0.64093 0.81087)
		3 V(150 148 145) M(0) UV(0.64093 0.81842 0.51358 0.81842 0.64093 0.81087)
		3 V(154 153 152) M(0) UV(0.02565 0.82442 0.02565 0.81836 0.15300 0.81836)
		3 V(155 154 152) M(0) UV(0.15300 0.82442 0.02565 0.82442 0.15300 0.81836)
		3 V(155 152 156) M(0) UV(0.94353 0.57518 0.94353 0.56912 0.96057 0.56912)
		3 V(157 155 156) M(0) UV(0.96057 0.57518 0.94353 0.57518 0.96057 0.56912)
		3 V(157 156 158) M(0) UV(0.18829 0.83863 0.18829 0.83257 0.31565 0.83257)
		3 V(159 157 158) M(0) UV(0.31565 0.83863 0.18829 0.83863 0.31565 0.83257)
		3 V(159 158 153) M(0) UV(0.94353 0.59688 0.94353 0.59082 0.96057 0.59082)
		3 V(154 159 153) M(0) UV(0.96057 0.59688 0.94353 0.59688 0.96057 0.59082)
		3 V(156 152 153) M(0) UV(0.35094 0.84013 0.35094 0.83257 0.47829 0.83257)
		3 V(158 156 153) M(0) UV(0.47829 0.84013 0.35094 0.84013 0.47829 0.83257)
		3 V(162 161 160) M(0) UV(0.51358 0.83863 0.51358 0.83257 0.64093 0.83257)
		3 V(163 162 160) M(0) UV(0.64093 0.83863 0.51358 0.83863 0.64093 0.83257)
		3 V(163 160 164) M(0) UV(0.83886 0.88204 0.83886 0.87598 0.85590 0.87598)
		3 V(165 163 164) M(0) UV(0.85590 0.88204 0.83886 0.88204 0.85590 0.87598)
		3 V(165 164 166) M(0) UV(0.02565 0.84612 0.02565 0.84007 0.15300 0.84007)
		3 V(167 165 166) M(0) UV(0.15300 0.84612 0.02565 0.84612 0.15300 0.84007)
		3 V(167 166 161) M(0) UV(0.83886 0.90374 0.83886 0.89768 0.85590 0.89768)
		3 V(162 167 161) M(0) UV(0.85590 0.90374 0.83886 0.90374 0.85590 0.89768)
		3 V(164 160 161) M(0) UV(0.18829 0.86183 0.18829 0.85428 0.31565 0.85428)
		3 V(166 164 161) M(0) UV(0.31565 0.86183 0.18829 0.86183 0.31565 0.85428)
		3 V(170 169 168) M(0) UV(0.35094 0.86183 0.35094 0.85577 0.47829 0.85577)
		3 V(171 170 168) M(0) UV(0.47829 0.86183 0.35094 0.86183 0.47829 0.85577)
		3 V(171 168 172) M(0) UV(0.94353 0.77352 0.94353 0.76746 0.96057 0.76746)
		3 V(173 171 172) M(0) UV(0.96057 0.77352 0.94353 0.77352 0.96057 0.76746)
		3 V(173 172 174) M(0) UV(0.51358 0.86033 0.51358 0.85428 0.64093 0.85428)
		3 V(175 173 174) M(0) UV(0.64093 0.86033 0.51358 0.86033 0.64093 0.85428)
		3 V(175 174 169) M(0) UV(0.94353 0.79522 0.94353 0.78916 0.96057 0.78916)
		3 V(170 175 169) M(0) UV(0.96057 0.79522 0.94353 0.79522 0.96057 0.78916)
		3 V(172 168 169) M(0) UV(0.02565 0.86933 0.02565 0.86177 0.15300 0.86177)
		3 V(174 172 169) M(0) UV(0.15300 0.86933 0.02565 0.86933 0.15300 0.86177)
		3 V(178 177 176) M(0) UV(0.35094 0.92845 0.35094 0.92239 0.47765 0.92239)
		3 V(179 178 176) M(0) UV(0.47765 0.92845 0.35094 0.92845 0.47765 0.92239)
		3 V(179 176 180) M(0) UV(0.83886 0.92695 0.83886 0.92089 0.85590 0.92089)
		3 V(181 179 180) M(0) UV(0.85590 0.92695 0.83886 0.92695 0.85590 0.92089)
		3 V(181 180 182) M(0) UV(0.02565 0.93594 0.02565 0.92988 0.15237 0.92988)
		3 V(183 181 182) M(0) UV(0.15237 0.93594 0.02565 0.93594 0.15237 0.92988)
		3 V(183 182 177) M(0) UV(0.89119 0.55347 0.89119 0.54741 0.90824 0.54741)
		3 V(178 183 177) M(0) UV(0.90824 0.55347 0.89119 0.55347 0.90824 0.54741)
		3 V(180 176 177) M(0) UV(0.51358 0.95165 0.51358 0.94409 0.64029 0.94409)
		3 V(182 180 177) M(0) UV(0.64029 0.95165 0.51358 0.95165 0.64029 0.94409)
		3 V(186 185 184) M(0) UV(0.51358 0.88204 0.51358 0.87598 0.64093 0.87598)
		3 V(187 186 184) M(0) UV(0.64093 0.88204 0.51358 0.88204 0.64093 0.87598)
		3 V(187 184 188) M(0) UV(0.94353 0.75181 0.94353 0.74575 0.96057 0.74575)
		3 V(189 187 188) M(0) UV(0.96057 0.75181 0.94353 0.75181 0.96057 0.74575)
		3 V(189 188 190) M(0) UV(0.18829 0.92844 0.18829 0.92239 0.31565 0.92239)
		3 V(191 189 190) M(0) UV(0.31565 0.92844 0.18829 0.92844 0.31565 0.92239)
		3 V(191 190 185) M(0) UV(0.83886 0.73011 0.83886 0.72405 0.85590 0.72405)
		3 V(186 191 185) M(0) UV(0.85590 0.73011 0.83886 0.73011 0.85590 0.72405)
		3 V(188 184 185) M(0) UV(0.35094 0.88504 0.35094 0.87748 0.47829 0.87748)
		3 V(190 188 185) M(0) UV(0.47829 0.88504 0.35094 0.88504 0.47829 0.87748)
		3 V(194 193 192) M(0) UV(0.18829 0.88354 0.18829 0.87748 0.31565 0.87748)
		3 V(195 194 192) M(0) UV(0.31565 0.88354 0.18829 0.88354 0.31565 0.87748)
		3 V(195 192 196) M(0) UV(0.89119 0.57518 0.89119 0.56912 0.90824 0.56912)
		3 V(197 195 196) M(0) UV(0.90824 0.57518 0.89119 0.57518 0.90824 0.56912)
		3 V(197 196 198) M(0) UV(0.02565 0.89103 0.02565 0.88497 0.15300 0.88497)
		3 V(199 197 198) M(0) UV(0.15300 0.89103 0.02565 0.89103 0.15300 0.88497)
		3 V(199 198 193) M(0) UV(0.89119 0.59688 0.89119 0.59082 0.90824 0.59082)
		3 V(194 199 193) M(0) UV(0.90824 0.59688 0.89119 0.59688 0.90824 0.59082)
		3 V(196 192 193) M(0) UV(0.67622 0.55497 0.67622 0.54741 0.80357 0.54741)
		3 V(198 196 193) M(0) UV(0.80357 0.55497 0.67622 0.55497 0.80357 0.54741)
		3 V(202 201 200) M(0) UV(0.67622 0.95015 0.67622 0.94409 0.80293 0.94409)
		3 V(203 202 200) M(0) UV(0.80293 0.95015 0.67622 0.95015 0.80293 0.94409)
		3 V(203 200 204) M(0) UV(0.94353 0.66349 0.94353 0.65744 0.96057 0.65744)
		3 V(205 203 204) M(0) UV(0.96057 0.66349 0.94353 0.66349 0.96057 0.65744)
		3 V(205 204 206) M(0) UV(0.18829 0.95015 0.18829 0.94409 0.31501 0.94409)
		3 V(207 205 206) M(0) UV(0.31501 0.95015 0.18829 0.95015 0.31501 0.94409)
		3 V(207 206 201) M(0) UV(0.94353 0.68670 0.94353 0.68064 0.96057 0.68064)
		3 V(202 207 201) M(0) UV(0.96057 0.68670 0.94353 0.68670 0.96057 0.68064)
		3 V(204 200 201) M(0) UV(0.35030 0.95165 0.35030 0.94409 0.47702 0.94409)
		3 V(206 204 201) M(0) UV(0.47702 0.95165 0.35030 0.95165 0.47702 0.94409)
		3 V(139 141 138) M(0) UV(0.67622 0.57668 0.67622 0.56912 0.80357 0.57668)
		3 V(141 143 138) M(0) UV(0.67622 0.56912 0.80357 0.56912 0.80357 0.57668)
		3 V(133 135 131) M(0) UV(0.67622 0.59082 0.80357 0.59082 0.67622 0.59838)
		3 V(135 130 131) M(0) UV(0.80357 0.59082 0.80357 0.59838 0.67622 0.59838)
		3 V(125 127 123) M(0) UV(0.67622 0.61403 0.80357 0.61403 0.67622 0.62158)
		3 V(127 122 123) M(0) UV(0.80357 0.61403 0.80357 0.62158 0.67622 0.62158)
		3 V(115 117 114) M(0) UV(0.67622 0.64329 0.67622 0.63573 0.80357 0.64329)
		3 V(117 119 114) M(0) UV(0.67622 0.63573 0.80357 0.63573 0.80357 0.64329)
		3 V(149 151 147) M(0) UV(0.67622 0.65744 0.80357 0.65744 0.67622 0.66499)
		3 V(151 146 147) M(0) UV(0.80357 0.65744 0.80357 0.66499 0.67622 0.66499)
		3 V(155 157 154) M(0) UV(0.67622 0.68820 0.67622 0.68064 0.80357 0.68820)
		3 V(157 159 154) M(0) UV(0.67622 0.68064 0.80357 0.68064 0.80357 0.68820)
		3 V(35 37 34) M(0) UV(0.67622 0.70990 0.67622 0.70234 0.80357 0.70990)
		3 V(37 39 34) M(0) UV(0.67622 0.70234 0.80357 0.70234 0.80357 0.70990)
		3 V(21 23 19) M(0) UV(0.67622 0.72405 0.80357 0.72405 0.67622 0.73161)
		3 V(23 18 19) M(0) UV(0.80357 0.72405 0.80357 0.73161 0.67622 0.73161)
		3 V(27 29 26) M(0) UV(0.67622 0.75331 0.67622 0.74575 0.80357 0.75331)
		3 V(29 31 26) M(0) UV(0.67622 0.74575 0.80357 0.74575 0.80357 0.75331)
		3 V(43 45 42) M(0) UV(0.67622 0.77501 0.67622 0.76746 0.80357 0.77501)
		3 V(45 47 42) M(0) UV(0.67622 0.76746 0.80357 0.76746 0.80357 0.77501)
		3 V(53 55 51) M(0) UV(0.67622 0.78916 0.80357 0.78916 0.67622 0.79672)
		3 V(55 50 51) M(0) UV(0.80357 0.78916 0.80357 0.79672 0.67622 0.79672)
		3 V(61 63 59) M(0) UV(0.67622 0.81087 0.80357 0.81087 0.67622 0.81842)
		3 V(63 58 59) M(0) UV(0.80357 0.81087 0.80357 0.81842 0.67622 0.81842)
		3 V(69 71 67) M(0) UV(0.67622 0.83257 0.80357 0.83257 0.67622 0.84013)
		3 V(71 66 67) M(0) UV(0.80357 0.83257 0.80357 0.84013 0.67622 0.84013)
		3 V(77 79 75) M(0) UV(0.67622 0.85428 0.80357 0.85428 0.67622 0.86183)
		3 V(79 74 75) M(0) UV(0.80357 0.85428 0.80357 0.86183 0.67622 0.86183)
		3 V(85 87 83) M(0) UV(0.67622 0.87598 0.80357 0.87598 0.67622 0.88354)
		3 V(87 82 83) M(0) UV(0.80357 0.87598 0.80357 0.88354 0.67622 0.88354)
		3 V(93 95 91) M(0) UV(0.51358 0.89768 0.64093 0.89768 0.51358 0.90524)
		3 V(95 90 91) M(0) UV(0.64093 0.89768 0.64093 0.90524 0.51358 0.90524)
		3 V(99 101 98) M(0) UV(0.67622 0.90524 0.67622 0.89768 0.80357 0.90524)
		3 V(101 103 98) M(0) UV(0.67622 0.89768 0.80357 0.89768 0.80357 0.90524)
		3 V(107 109 106) M(0) UV(0.18829 0.90674 0.18829 0.89918 0.31565 0.90674)
		3 V(109 111 106) M(0) UV(0.18829 0.89918 0.31565 0.89918 0.31565 0.90674)
		3 V(165 167 163) M(0) UV(0.35094 0.89918 0.47829 0.89918 0.35094 0.90674)
		3 V(167 162 163) M(0) UV(0.47829 0.89918 0.47829 0.90674 0.35094 0.90674)
		3 V(179 181 178) M(0) UV(0.02565 0.95914 0.02565 0.95159 0.15237 0.95914)
		3 V(181 183 178) M(0) UV(0.02565 0.95159 0.15237 0.95159 0.15237 0.95914)
		3 V(203 205 202) M(0) UV(0.83822 0.95165 0.83822 0.94409 0.96494 0.95165)
		3 V(205 207 202) M(0) UV(0.83822 0.94409 0.96494 0.94409 0.96494 0.95165)
		3 V(197 199 195) M(0) UV(0.02565 0.90668 0.15300 0.90668 0.02565 0.91424)
		3 V(199 194 195) M(0) UV(0.15300 0.90668 0.15300 0.91424 0.02565 0.91424)
		3 V(187 189 186) M(0) UV(0.67622 0.92844 0.67622 0.92089 0.80357 0.92845)
		3 V(189 191 186) M(0) UV(0.67622 0.92089 0.80357 0.92089 0.80357 0.92845)
		3 V(173 175 171) M(0) UV(0.51358 0.92089 0.64093 0.92089 0.51358 0.92844)
		3 V(175 170 171) M(0) UV(0.64093 0.92089 0.64093 0.92844 0.51358 0.92844)
		3 V(210 209 208) M(0) UV(0.51358 0.88204 0.51358 0.87598 0.64093 0.87598)
		3 V(211 210 208) M(0) UV(0.64093 0.88204 0.51358 0.88204 0.64093 0.87598)
		3 V(211 208 212) M(0) UV(0.94353 0.75181 0.94353 0.74575 0.96057 0.74575)
		3 V(213 211 212) M(0) UV(0.96057 0.75181 0.94353 0.75181 0.96057 0.74575)
		3 V(213 212 214) M(0) UV(0.18829 0.92844 0.18829 0.92239 0.31565 0.92239)
		3 V(215 213 214) M(0) UV(0.31565 0.92844 0.18829 0.92844 0.31565 0.92239)
		3 V(215 214 209) M(0) UV(0.83886 0.73011 0.83886 0.72405 0.85590 0.72405)
		3 V(210 215 209) M(0) UV(0.85590 0.73011 0.83886 0.73011 0.85590 0.72405)
		3 V(212 208 209) M(0) UV(0.35094 0.88504 0.35094 0.87748 0.47829 0.87748)
		3 V(214 212 209) M(0) UV(0.47829 0.88504 0.35094 0.88504 0.47829 0.87748)
		3 V(211 213 210) M(0) UV(0.67622 0.92844 0.67622 0.92089 0.80357 0.92845)
		3 V(213 215 210) M(0) UV(0.67622 0.92089 0.80357 0.92089 0.80357 0.92845)
	}
}
Eof
