Metasequoia Document
Format Text Ver 1.1

Scene {
	pos 1.5516 -59.2229 3840.0000
	lookat 0.0000 0.0000 0.0000
	head -0.7108
	pich 0.4200
	bank 0.0000
	ortho 0
	zoom2 3.1250
	amb 0.250 0.250 0.250
	dirlights 1 {
		light {
			dir 0.408 0.408 0.816
			color 1.000 1.000 1.000
		}
	}
}
Material 1 {
	"mat1" shader(3) col(1.000 1.000 1.000 1.000) dif(0.800) amb(0.600) emi(0.000) spc(0.000) power(5.00) tex(".\ƒpƒ“ƒWƒƒƒ“ƒhƒ‰ƒ€.png")
}
Object "$body" {
	depth 0
	folding 0
	scale 1.000000 1.000000 1.000000
	rotation 0.000000 0.000000 0.000000
	translation 0.000000 0.000000 0.000000
	visible 15
	locking 0
	shading 1
	facet 59.5
	color 0.898 0.498 0.698
	color_type 0
	vertex 0 {
	}
	face 0 {
	}
}
Object "$blade0" {
	depth 0
	folding 0
	scale 1.000000 1.000000 1.000000
	rotation 0.000000 0.000000 0.000000
	translation 0.000000 0.000000 0.000000
	visible 15
	locking 0
	shading 1
	facet 59.5
	color 0.898 0.498 0.698
	color_type 0
	vertex 1086 {
		131.3559 346.7823 0.0000
		131.3559 337.5611 58.2200
		131.3559 310.8002 110.7411
		131.3559 269.1194 152.4219
		131.3559 216.5983 179.1828
		131.3559 158.3783 188.4040
		131.3559 100.1582 179.1828
		131.3559 47.6372 152.4219
		131.3559 5.9560 110.7411
		131.3559 -20.8046 58.2200
		131.3559 -30.0257 0.0000
		131.3559 -20.8046 -58.2202
		131.3559 5.9562 -110.7411
		131.3559 47.6372 -152.4221
		131.3559 100.1584 -179.1828
		131.3559 158.3784 -188.4038
		131.3559 216.5984 -179.1828
		131.3559 269.1196 -152.4219
		131.3559 310.8004 -110.7409
		131.3559 337.5613 -58.2198
		109.2945 346.7821 0.0000
		109.2945 337.5611 58.2200
		109.2945 310.8004 110.7411
		109.2945 269.1194 152.4219
		109.2945 216.5983 179.1828
		109.2945 158.3783 188.4038
		109.2945 100.1582 179.1828
		109.2945 47.6372 152.4219
		109.2945 5.9562 110.7409
		109.2945 -20.8046 58.2200
		109.2945 -30.0258 0.0000
		109.2945 -20.8046 -58.2202
		109.2945 5.9562 -110.7411
		109.2945 47.6372 -152.4221
		109.2945 100.1584 -179.1830
		109.2945 158.3784 -188.4040
		109.2945 216.5984 -179.1828
		109.2948 269.1194 -152.4217
		109.2945 310.8004 -110.7409
		109.2945 337.5613 -58.2198
		131.3559 337.3620 0.0000
		131.3559 328.6018 55.3090
		131.3559 303.1790 105.2039
		131.3559 263.5822 144.8008
		131.3559 213.6872 170.2236
		131.3559 158.3783 178.9838
		131.3559 103.0693 170.2236
		131.3559 53.1742 144.8008
		131.3559 13.5772 105.2039
		131.3559 -11.8454 55.3090
		131.3559 -20.6055 0.0000
		131.3559 -11.8454 -55.3091
		131.3559 13.5774 -105.2041
		131.3559 53.1742 -144.8009
		131.3559 103.0693 -170.2236
		131.3559 158.3784 -178.9836
		131.3559 213.6874 -170.2236
		131.3559 263.5824 -144.8008
		131.3559 303.1792 -105.2037
		131.3559 328.6018 -55.3088
		109.2945 337.3619 0.0000
		109.2945 328.6018 55.3090
		109.2945 303.1792 105.2039
		109.2945 263.5822 144.8009
		109.2945 213.6872 170.2236
		109.2945 158.3783 178.9836
		109.2945 103.0693 170.2236
		109.2945 53.1742 144.8009
		109.2945 13.5774 105.2039
		109.2945 -11.8454 55.3090
		109.2945 -20.6056 0.0000
		109.2945 -11.8454 -55.3091
		109.2945 13.5774 -105.2041
		109.2945 53.1742 -144.8009
		109.2945 103.0693 -170.2236
		109.2945 158.3784 -178.9838
		109.2948 213.6874 -170.2234
		109.2945 263.5824 -144.8008
		109.2945 303.1792 -105.2037
		109.2945 328.6020 -55.3088
		131.3559 346.7823 0.0000
		131.3559 337.5611 58.2200
		131.3559 310.8002 110.7411
		131.3559 269.1194 152.4219
		131.3559 216.5983 179.1828
		131.3559 158.3783 188.4040
		131.3559 100.1582 179.1828
		131.3559 47.6372 152.4219
		131.3559 5.9560 110.7411
		131.3559 -20.8046 58.2200
		131.3559 -30.0257 0.0000
		131.3559 -20.8046 -58.2202
		131.3559 5.9562 -110.7411
		131.3559 47.6372 -152.4221
		131.3559 100.1584 -179.1828
		131.3559 158.3784 -188.4038
		131.3559 216.5984 -179.1828
		131.3559 269.1196 -152.4219
		131.3559 310.8004 -110.7409
		131.3559 337.5613 -58.2198
		109.2945 346.7821 0.0000
		109.2945 337.5611 58.2200
		109.2945 310.8004 110.7411
		109.2945 269.1194 152.4219
		109.2945 216.5983 179.1828
		109.2945 158.3783 188.4038
		109.2945 100.1582 179.1828
		109.2945 47.6372 152.4219
		109.2945 5.9562 110.7409
		109.2945 -20.8046 58.2200
		109.2945 -30.0258 0.0000
		109.2945 -20.8046 -58.2202
		109.2945 5.9562 -110.7411
		109.2945 47.6372 -152.4221
		109.2945 100.1584 -179.1830
		109.2945 158.3784 -188.4040
		109.2945 216.5984 -179.1828
		109.2948 269.1194 -152.4217
		109.2945 310.8004 -110.7409
		109.2945 337.5613 -58.2198
		131.3559 337.3620 0.0000
		131.3559 328.6018 55.3090
		131.3559 303.1790 105.2039
		131.3559 263.5822 144.8008
		131.3559 213.6872 170.2236
		131.3559 158.3783 178.9838
		131.3559 103.0693 170.2236
		131.3559 53.1742 144.8008
		131.3559 13.5772 105.2039
		131.3559 -11.8454 55.3090
		131.3559 -20.6055 0.0000
		131.3559 -11.8454 -55.3091
		131.3559 13.5774 -105.2041
		131.3559 53.1742 -144.8009
		131.3559 103.0693 -170.2236
		131.3559 158.3784 -178.9836
		131.3559 213.6874 -170.2236
		131.3559 263.5824 -144.8008
		131.3559 303.1792 -105.2037
		131.3559 328.6018 -55.3088
		109.2945 337.3619 0.0000
		109.2945 328.6018 55.3090
		109.2945 303.1792 105.2039
		109.2945 263.5822 144.8009
		109.2945 213.6872 170.2236
		109.2945 158.3783 178.9836
		109.2945 103.0693 170.2236
		109.2945 53.1742 144.8009
		109.2945 13.5774 105.2039
		109.2945 -11.8454 55.3090
		109.2945 -20.6056 0.0000
		109.2945 -11.8454 -55.3091
		109.2945 13.5774 -105.2041
		109.2945 53.1742 -144.8009
		109.2945 103.0693 -170.2236
		109.2945 158.3784 -178.9838
		109.2948 213.6874 -170.2234
		109.2945 263.5824 -144.8008
		109.2945 303.1792 -105.2037
		109.2945 328.6020 -55.3088
		-131.3559 346.7823 0.0000
		-131.3559 337.5611 58.2200
		-131.3559 310.8002 110.7411
		-131.3559 269.1194 152.4219
		-131.3559 216.5983 179.1828
		-131.3559 158.3783 188.4040
		-131.3559 100.1582 179.1828
		-131.3559 47.6372 152.4219
		-131.3559 5.9560 110.7411
		-131.3559 -20.8046 58.2200
		-131.3559 -30.0257 0.0000
		-131.3559 -20.8046 -58.2202
		-131.3559 5.9562 -110.7411
		-131.3559 47.6372 -152.4221
		-131.3559 100.1584 -179.1828
		-131.3559 158.3784 -188.4038
		-131.3559 216.5984 -179.1828
		-131.3559 269.1196 -152.4219
		-131.3559 310.8004 -110.7409
		-131.3559 337.5613 -58.2198
		-109.2945 346.7821 0.0000
		-109.2945 337.5611 58.2200
		-109.2945 310.8004 110.7411
		-109.2945 269.1194 152.4219
		-109.2945 216.5983 179.1828
		-109.2945 158.3783 188.4038
		-109.2945 100.1582 179.1828
		-109.2945 47.6372 152.4219
		-109.2945 5.9562 110.7409
		-109.2945 -20.8046 58.2200
		-109.2945 -30.0258 0.0000
		-109.2945 -20.8046 -58.2202
		-109.2945 5.9562 -110.7411
		-109.2945 47.6372 -152.4221
		-109.2945 100.1584 -179.1830
		-109.2945 158.3784 -188.4040
		-109.2945 216.5984 -179.1828
		-109.2948 269.1194 -152.4217
		-109.2945 310.8004 -110.7409
		-109.2945 337.5613 -58.2198
		-131.3559 337.3620 0.0000
		-131.3559 328.6018 55.3090
		-131.3559 303.1790 105.2039
		-131.3559 263.5822 144.8008
		-131.3559 213.6872 170.2236
		-131.3559 158.3783 178.9838
		-131.3559 103.0693 170.2236
		-131.3559 53.1742 144.8008
		-131.3559 13.5772 105.2039
		-131.3559 -11.8454 55.3090
		-131.3559 -20.6055 0.0000
		-131.3559 -11.8454 -55.3091
		-131.3559 13.5774 -105.2041
		-131.3559 53.1742 -144.8009
		-131.3559 103.0693 -170.2236
		-131.3559 158.3784 -178.9836
		-131.3559 213.6874 -170.2236
		-131.3559 263.5824 -144.8008
		-131.3559 303.1792 -105.2037
		-131.3559 328.6018 -55.3088
		-109.2945 337.3619 0.0000
		-109.2945 328.6018 55.3090
		-109.2945 303.1792 105.2039
		-109.2945 263.5822 144.8009
		-109.2945 213.6872 170.2236
		-109.2945 158.3783 178.9836
		-109.2945 103.0693 170.2236
		-109.2945 53.1742 144.8009
		-109.2945 13.5774 105.2039
		-109.2945 -11.8454 55.3090
		-109.2945 -20.6056 0.0000
		-109.2945 -11.8454 -55.3091
		-109.2945 13.5774 -105.2041
		-109.2945 53.1742 -144.8009
		-109.2945 103.0693 -170.2236
		-109.2945 158.3784 -178.9838
		-109.2948 213.6874 -170.2234
		-109.2945 263.5824 -144.8008
		-109.2945 303.1792 -105.2037
		-109.2945 328.6020 -55.3088
		-131.3559 346.7823 0.0000
		-131.3559 337.5611 58.2200
		-131.3559 310.8002 110.7411
		-131.3559 269.1194 152.4219
		-131.3559 216.5983 179.1828
		-131.3559 158.3783 188.4040
		-131.3559 100.1582 179.1828
		-131.3559 47.6372 152.4219
		-131.3559 5.9560 110.7411
		-131.3559 -20.8046 58.2200
		-131.3559 -30.0257 0.0000
		-131.3559 -20.8046 -58.2202
		-131.3559 5.9562 -110.7411
		-131.3559 47.6372 -152.4221
		-131.3559 100.1584 -179.1828
		-131.3559 158.3784 -188.4038
		-131.3559 216.5984 -179.1828
		-131.3559 269.1196 -152.4219
		-131.3559 310.8004 -110.7409
		-131.3559 337.5613 -58.2198
		-109.2945 346.7821 0.0000
		-109.2945 337.5611 58.2200
		-109.2945 310.8004 110.7411
		-109.2945 269.1194 152.4219
		-109.2945 216.5983 179.1828
		-109.2945 158.3783 188.4038
		-109.2945 100.1582 179.1828
		-109.2945 47.6372 152.4219
		-109.2945 5.9562 110.7409
		-109.2945 -20.8046 58.2200
		-109.2945 -30.0258 0.0000
		-109.2945 -20.8046 -58.2202
		-109.2945 5.9562 -110.7411
		-109.2945 47.6372 -152.4221
		-109.2945 100.1584 -179.1830
		-109.2945 158.3784 -188.4040
		-109.2945 216.5984 -179.1828
		-109.2948 269.1194 -152.4217
		-109.2945 310.8004 -110.7409
		-109.2945 337.5613 -58.2198
		-131.3559 337.3620 0.0000
		-131.3559 328.6018 55.3090
		-131.3559 303.1790 105.2039
		-131.3559 263.5822 144.8008
		-131.3559 213.6872 170.2236
		-131.3559 158.3783 178.9838
		-131.3559 103.0693 170.2236
		-131.3559 53.1742 144.8008
		-131.3559 13.5772 105.2039
		-131.3559 -11.8454 55.3090
		-131.3559 -20.6055 0.0000
		-131.3559 -11.8454 -55.3091
		-131.3559 13.5774 -105.2041
		-131.3559 53.1742 -144.8009
		-131.3559 103.0693 -170.2236
		-131.3559 158.3784 -178.9836
		-131.3559 213.6874 -170.2236
		-131.3559 263.5824 -144.8008
		-131.3559 303.1792 -105.2037
		-131.3559 328.6018 -55.3088
		-109.2945 337.3619 0.0000
		-109.2945 328.6018 55.3090
		-109.2945 303.1792 105.2039
		-109.2945 263.5822 144.8009
		-109.2945 213.6872 170.2236
		-109.2945 158.3783 178.9836
		-109.2945 103.0693 170.2236
		-109.2945 53.1742 144.8009
		-109.2945 13.5774 105.2039
		-109.2945 -11.8454 55.3090
		-109.2945 -20.6056 0.0000
		-109.2945 -11.8454 -55.3091
		-109.2945 13.5774 -105.2041
		-109.2945 53.1742 -144.8009
		-109.2945 103.0693 -170.2236
		-109.2945 158.3784 -178.9838
		-109.2948 213.6874 -170.2234
		-109.2945 263.5824 -144.8008
		-109.2945 303.1792 -105.2037
		-109.2945 328.6020 -55.3088
		116.4136 342.1768 3.8127
		116.4136 195.3740 3.8127
		124.0389 342.1768 3.8127
		124.0389 195.3740 3.8127
		124.0389 342.1768 -3.8127
		124.0389 195.3740 -3.8127
		116.4136 342.1768 -3.8127
		116.4136 195.3740 -3.8127
		116.4136 301.6270 -115.2227
		116.4136 189.1693 -20.8597
		124.0389 301.6270 -115.2227
		124.0389 189.1693 -20.8597
		124.0389 296.7254 -121.0641
		124.0389 184.2680 -26.7012
		116.4136 296.7254 -121.0641
		116.4136 184.2680 -26.7012
		116.4136 194.0493 -180.3443
		116.4136 168.5573 -35.7717
		124.0389 194.0493 -180.3443
		124.0389 168.5573 -35.7717
		124.0389 186.5397 -181.6685
		124.0389 161.0477 -37.0958
		116.4136 186.5397 -181.6685
		116.4136 161.0477 -37.0958
		116.4136 69.7807 -161.0806
		116.4136 143.1822 -33.9457
		124.0389 69.7807 -161.0806
		124.0389 143.1822 -33.9457
		124.0389 63.1769 -157.2678
		124.0389 136.5784 -30.1329
		116.4136 63.1769 -157.2678
		116.4136 136.5784 -30.1329
		116.4136 -13.0321 -66.4455
		116.4136 124.9177 -16.2361
		124.0389 -13.0321 -66.4455
		124.0389 124.9177 -16.2361
		124.0389 -15.6401 -59.2802
		124.0389 122.3096 -9.0705
		116.4136 -15.6401 -59.2802
		116.4136 122.3096 -9.0705
		116.4136 -15.6401 59.2802
		116.4136 122.3096 9.0705
		124.0389 -15.6401 59.2802
		124.0389 122.3096 9.0705
		124.0389 -13.0321 66.4455
		124.0389 124.9177 16.2361
		116.4136 -13.0321 66.4455
		116.4136 124.9177 16.2361
		116.4136 63.1769 157.2678
		116.4136 136.5784 30.1329
		124.0389 63.1769 157.2678
		124.0389 136.5784 30.1329
		124.0389 69.7807 161.0806
		124.0389 143.1824 33.9457
		116.4136 69.7807 161.0806
		116.4136 143.1824 33.9457
		116.4136 186.5397 181.6685
		116.4136 161.0477 37.0958
		124.0389 186.5397 181.6685
		124.0389 161.0477 37.0958
		124.0389 194.0493 180.3443
		124.0389 168.5573 35.7717
		116.4136 194.0493 180.3443
		116.4136 168.5573 35.7717
		116.4136 296.7254 121.0641
		116.4136 184.2680 26.7012
		124.0389 296.7254 121.0641
		124.0389 184.2680 26.7012
		124.0389 301.6270 115.2227
		124.0389 189.1693 20.8597
		116.4136 301.6270 115.2227
		116.4136 189.1693 20.8597
		116.4136 342.1768 3.8127
		116.4136 195.3740 3.8127
		124.0389 342.1768 3.8127
		124.0389 195.3740 3.8127
		124.0389 342.1768 -3.8127
		124.0389 195.3740 -3.8127
		116.4136 342.1768 -3.8127
		116.4136 195.3740 -3.8127
		116.4136 301.6270 -115.2227
		116.4136 189.1693 -20.8597
		124.0389 301.6270 -115.2227
		124.0389 189.1693 -20.8597
		124.0389 296.7254 -121.0641
		124.0389 184.2680 -26.7012
		116.4136 296.7254 -121.0641
		116.4136 184.2680 -26.7012
		116.4136 194.0493 -180.3443
		116.4136 168.5573 -35.7717
		124.0389 194.0493 -180.3443
		124.0389 168.5573 -35.7717
		124.0389 186.5397 -181.6685
		124.0389 161.0477 -37.0958
		116.4136 186.5397 -181.6685
		116.4136 161.0477 -37.0958
		116.4136 69.7807 -161.0806
		116.4136 143.1822 -33.9457
		124.0389 69.7807 -161.0806
		124.0389 143.1822 -33.9457
		124.0389 63.1769 -157.2678
		124.0389 136.5784 -30.1329
		116.4136 63.1769 -157.2678
		116.4136 136.5784 -30.1329
		116.4136 -13.0321 -66.4455
		116.4136 124.9177 -16.2361
		124.0389 -13.0321 -66.4455
		124.0389 124.9177 -16.2361
		124.0389 -15.6401 -59.2802
		124.0389 122.3096 -9.0705
		116.4136 -15.6401 -59.2802
		116.4136 122.3096 -9.0705
		116.4136 -15.6401 59.2802
		116.4136 122.3096 9.0705
		124.0389 -15.6401 59.2802
		124.0389 122.3096 9.0705
		124.0389 -13.0321 66.4455
		124.0389 124.9177 16.2361
		116.4136 -13.0321 66.4455
		116.4136 124.9177 16.2361
		116.4136 63.1769 157.2678
		116.4136 136.5784 30.1329
		124.0389 63.1769 157.2678
		124.0389 136.5784 30.1329
		124.0389 69.7807 161.0806
		124.0389 143.1824 33.9457
		116.4136 69.7807 161.0806
		116.4136 143.1824 33.9457
		116.4136 186.5397 181.6685
		116.4136 161.0477 37.0958
		124.0389 186.5397 181.6685
		124.0389 161.0477 37.0958
		124.0389 194.0493 180.3443
		124.0389 168.5573 35.7717
		116.4136 194.0493 180.3443
		116.4136 168.5573 35.7717
		116.4136 296.7254 121.0641
		116.4136 184.2680 26.7012
		124.0389 296.7254 121.0641
		124.0389 184.2680 26.7012
		124.0389 301.6270 115.2227
		124.0389 189.1693 20.8597
		116.4136 301.6270 115.2227
		116.4136 189.1693 20.8597
		-116.4136 342.1768 3.8127
		-116.4136 195.3740 3.8127
		-124.0389 342.1768 3.8127
		-124.0389 195.3740 3.8127
		-124.0389 342.1768 -3.8127
		-124.0389 195.3740 -3.8127
		-116.4136 342.1768 -3.8127
		-116.4136 195.3740 -3.8127
		-116.4136 301.6270 -115.2227
		-116.4136 189.1693 -20.8597
		-124.0389 301.6270 -115.2227
		-124.0389 189.1693 -20.8597
		-124.0389 296.7254 -121.0641
		-124.0389 184.2680 -26.7012
		-116.4136 296.7254 -121.0641
		-116.4136 184.2680 -26.7012
		-116.4136 194.0493 -180.3443
		-116.4136 168.5573 -35.7717
		-124.0389 194.0493 -180.3443
		-124.0389 168.5573 -35.7717
		-124.0389 186.5397 -181.6685
		-124.0389 161.0477 -37.0958
		-116.4136 186.5397 -181.6685
		-116.4136 161.0477 -37.0958
		-116.4136 69.7807 -161.0806
		-116.4136 143.1822 -33.9457
		-124.0389 69.7807 -161.0806
		-124.0389 143.1822 -33.9457
		-124.0389 63.1769 -157.2678
		-124.0389 136.5784 -30.1329
		-116.4136 63.1769 -157.2678
		-116.4136 136.5784 -30.1329
		-116.4136 -13.0321 -66.4455
		-116.4136 124.9177 -16.2361
		-124.0389 -13.0321 -66.4455
		-124.0389 124.9177 -16.2361
		-124.0389 -15.6401 -59.2802
		-124.0389 122.3096 -9.0705
		-116.4136 -15.6401 -59.2802
		-116.4136 122.3096 -9.0705
		-116.4136 -15.6401 59.2802
		-116.4136 122.3096 9.0705
		-124.0389 -15.6401 59.2802
		-124.0389 122.3096 9.0705
		-124.0389 -13.0321 66.4455
		-124.0389 124.9177 16.2361
		-116.4136 -13.0321 66.4455
		-116.4136 124.9177 16.2361
		-116.4136 63.1769 157.2678
		-116.4136 136.5784 30.1329
		-124.0389 63.1769 157.2678
		-124.0389 136.5784 30.1329
		-124.0389 69.7807 161.0806
		-124.0389 143.1824 33.9457
		-116.4136 69.7807 161.0806
		-116.4136 143.1824 33.9457
		-116.4136 186.5397 181.6685
		-116.4136 161.0477 37.0958
		-124.0389 186.5397 181.6685
		-124.0389 161.0477 37.0958
		-124.0389 194.0493 180.3443
		-124.0389 168.5573 35.7717
		-116.4136 194.0493 180.3443
		-116.4136 168.5573 35.7717
		-116.4136 296.7254 121.0641
		-116.4136 184.2680 26.7012
		-124.0389 296.7254 121.0641
		-124.0389 184.2680 26.7012
		-124.0389 301.6270 115.2227
		-124.0389 189.1693 20.8597
		-116.4136 301.6270 115.2227
		-116.4136 189.1693 20.8597
		-116.4136 342.1768 3.8127
		-116.4136 195.3740 3.8127
		-124.0389 342.1768 3.8127
		-124.0389 195.3740 3.8127
		-124.0389 342.1768 -3.8127
		-124.0389 195.3740 -3.8127
		-116.4136 342.1768 -3.8127
		-116.4136 195.3740 -3.8127
		-116.4136 301.6270 -115.2227
		-116.4136 189.1693 -20.8597
		-124.0389 301.6270 -115.2227
		-124.0389 189.1693 -20.8597
		-124.0389 296.7254 -121.0641
		-124.0389 184.2680 -26.7012
		-116.4136 296.7254 -121.0641
		-116.4136 184.2680 -26.7012
		-116.4136 194.0493 -180.3443
		-116.4136 168.5573 -35.7717
		-124.0389 194.0493 -180.3443
		-124.0389 168.5573 -35.7717
		-124.0389 186.5397 -181.6685
		-124.0389 161.0477 -37.0958
		-116.4136 186.5397 -181.6685
		-116.4136 161.0477 -37.0958
		-116.4136 69.7807 -161.0806
		-116.4136 143.1822 -33.9457
		-124.0389 69.7807 -161.0806
		-124.0389 143.1822 -33.9457
		-124.0389 63.1769 -157.2678
		-124.0389 136.5784 -30.1329
		-116.4136 63.1769 -157.2678
		-116.4136 136.5784 -30.1329
		-116.4136 -13.0321 -66.4455
		-116.4136 124.9177 -16.2361
		-124.0389 -13.0321 -66.4455
		-124.0389 124.9177 -16.2361
		-124.0389 -15.6401 -59.2802
		-124.0389 122.3096 -9.0705
		-116.4136 -15.6401 -59.2802
		-116.4136 122.3096 -9.0705
		-116.4136 -15.6401 59.2802
		-116.4136 122.3096 9.0705
		-124.0389 -15.6401 59.2802
		-124.0389 122.3096 9.0705
		-124.0389 -13.0321 66.4455
		-124.0389 124.9177 16.2361
		-116.4136 -13.0321 66.4455
		-116.4136 124.9177 16.2361
		-116.4136 63.1769 157.2678
		-116.4136 136.5784 30.1329
		-124.0389 63.1769 157.2678
		-124.0389 136.5784 30.1329
		-124.0389 69.7807 161.0806
		-124.0389 143.1824 33.9457
		-116.4136 69.7807 161.0806
		-116.4136 143.1824 33.9457
		-116.4136 186.5397 181.6685
		-116.4136 161.0477 37.0958
		-124.0389 186.5397 181.6685
		-124.0389 161.0477 37.0958
		-124.0389 194.0493 180.3443
		-124.0389 168.5573 35.7717
		-116.4136 194.0493 180.3443
		-116.4136 168.5573 35.7717
		-116.4136 296.7254 121.0641
		-116.4136 184.2680 26.7012
		-124.0389 296.7254 121.0641
		-124.0389 184.2680 26.7012
		-124.0389 301.6270 115.2227
		-124.0389 189.1693 20.8597
		-116.4136 301.6270 115.2227
		-116.4136 189.1693 20.8597
		-117.3042 237.6727 3.2502
		-117.3042 231.1723 3.2502
		117.3042 237.6727 3.2502
		117.3042 231.1723 3.2502
		117.3042 237.6727 -3.2502
		117.3042 231.1723 -3.2502
		-117.3042 237.6727 -3.2502
		-117.3042 231.1723 -3.2502
		-117.3042 221.2106 -48.4797
		-117.3042 216.2308 -44.3013
		117.3042 221.2106 -48.4797
		117.3042 216.2308 -44.3013
		117.3042 217.0321 -53.4592
		117.3042 212.0524 -49.2810
		-117.3042 217.0321 -53.4592
		-117.3042 212.0524 -49.2810
		-117.3042 175.3483 -77.5253
		-117.3042 174.2196 -71.1236
		117.3042 175.3483 -77.5253
		117.3042 174.2196 -71.1236
		117.3042 168.9468 -78.6541
		117.3042 167.8179 -72.2525
		-117.3042 168.9468 -78.6541
		-117.3042 167.8179 -72.2525
		-117.3042 121.5459 -70.2961
		-117.3042 124.7960 -64.6666
		117.3042 121.5459 -70.2961
		117.3042 124.7960 -64.6666
		117.3042 115.9162 -67.0459
		117.3042 119.1665 -61.4163
		-117.3042 115.9162 -67.0459
		-117.3042 119.1665 -61.4163
		-117.3042 84.9773 -30.1746
		-117.3042 91.0858 -27.9512
		117.3042 84.9773 -30.1746
		117.3042 91.0858 -27.9512
		117.3042 82.7542 -24.0661
		117.3042 88.8626 -21.8428
		-117.3042 82.7542 -24.0661
		-117.3042 88.8626 -21.8428
		-117.3042 82.7542 24.0661
		-117.3042 88.8626 21.8428
		117.3042 82.7542 24.0661
		117.3042 88.8626 21.8428
		117.3042 84.9773 30.1746
		117.3042 91.0858 27.9512
		-117.3042 84.9773 30.1746
		-117.3042 91.0858 27.9512
		-117.3042 115.9162 67.0459
		-117.3042 119.1665 61.4163
		117.3042 115.9162 67.0459
		117.3042 119.1665 61.4163
		117.3042 121.5459 70.2961
		117.3042 124.7960 64.6666
		-117.3042 121.5459 70.2961
		-117.3042 124.7960 64.6666
		-117.3042 168.9468 78.6541
		-117.3042 167.8180 72.2525
		117.3042 168.9468 78.6541
		117.3042 167.8180 72.2525
		117.3042 175.3485 77.5253
		117.3042 174.2196 71.1238
		-117.3042 175.3485 77.5253
		-117.3042 174.2196 71.1238
		-117.3042 217.0321 53.4592
		-117.3042 212.0524 49.2808
		117.3042 217.0321 53.4592
		117.3042 212.0524 49.2808
		117.3042 221.2106 48.4797
		117.3042 216.2308 44.3013
		-117.3042 221.2106 48.4797
		-117.3042 216.2308 44.3013
		130.9079 158.3783 73.0361
		130.9079 135.8088 69.4615
		130.9079 115.4487 59.0874
		130.9079 99.2906 42.9295
		130.9079 88.9167 22.5695
		130.9079 85.3419 0.0000
		130.9079 88.9167 -22.5695
		130.9079 99.2906 -42.9295
		130.9079 115.4487 -59.0874
		130.9079 135.8088 -69.4615
		130.9079 158.3783 -73.0361
		130.9079 180.9477 -69.4615
		130.9079 201.3077 -59.0874
		130.9079 217.4658 -42.9295
		130.9079 227.8398 -22.5693
		130.9079 231.4145 0.0000
		130.9079 227.8398 22.5695
		130.9079 217.4657 42.9297
		130.9079 201.3077 59.0876
		130.9079 180.9475 69.4615
		-130.9086 158.3783 73.0361
		-130.9086 135.8088 69.4615
		-130.9086 115.4487 59.0874
		-130.9086 99.2906 42.9295
		-130.9086 88.9167 22.5695
		-130.9086 85.3419 0.0000
		-130.9086 88.9167 -22.5695
		-130.9086 99.2906 -42.9295
		-130.9086 115.4487 -59.0874
		-130.9086 135.8088 -69.4615
		-130.9086 158.3783 -73.0361
		-130.9086 180.9477 -69.4615
		-130.9086 201.3079 -59.0874
		-130.9086 217.4658 -42.9295
		-130.9086 227.8398 -22.5693
		-130.9086 231.4145 0.0000
		-130.9086 227.8398 22.5695
		-130.9086 217.4657 42.9297
		-130.9086 201.3077 59.0876
		-130.9086 180.9475 69.4615
		130.9079 158.3783 0.0000
		130.9079 158.3783 73.0361
		130.9079 135.8088 69.4615
		130.9079 115.4487 59.0874
		130.9079 99.2906 42.9295
		130.9079 88.9167 22.5695
		130.9079 85.3419 0.0000
		130.9079 88.9167 -22.5695
		130.9079 99.2906 -42.9295
		130.9079 115.4487 -59.0874
		130.9079 135.8088 -69.4615
		130.9079 158.3783 -73.0361
		130.9079 180.9477 -69.4615
		130.9079 201.3077 -59.0874
		130.9079 217.4658 -42.9295
		130.9079 227.8398 -22.5693
		130.9079 231.4145 0.0000
		130.9079 227.8398 22.5695
		130.9079 217.4657 42.9297
		130.9079 201.3077 59.0876
		130.9079 180.9475 69.4615
		-130.9086 158.3783 73.0361
		-130.9086 135.8088 69.4615
		-130.9086 115.4487 59.0874
		-130.9086 99.2906 42.9295
		-130.9086 88.9167 22.5695
		-130.9086 85.3419 0.0000
		-130.9086 88.9167 -22.5695
		-130.9086 99.2906 -42.9295
		-130.9086 115.4487 -59.0874
		-130.9086 135.8088 -69.4615
		-130.9086 158.3783 -73.0361
		-130.9086 180.9477 -69.4615
		-130.9086 201.3079 -59.0874
		-130.9086 217.4658 -42.9295
		-130.9086 227.8398 -22.5693
		-130.9086 231.4145 0.0000
		-130.9086 227.8398 22.5695
		-130.9086 217.4657 42.9297
		-130.9086 201.3077 59.0876
		-130.9086 180.9475 69.4615
		-130.9086 158.3783 0.0000
		131.0151 319.5355 8.9708
		133.9192 326.5462 8.9707
		138.0258 322.4394 8.9707
		138.0258 316.6316 8.9708
		133.9189 312.5249 8.9708
		128.1112 312.5249 8.9707
		124.0044 316.6316 8.9708
		124.0044 322.4394 8.9708
		128.1112 326.5462 8.9707
		133.9192 326.5462 -56.4674
		138.0258 322.4394 -56.4674
		138.0258 316.6316 -56.4674
		133.9189 312.5249 -56.4674
		128.1112 312.5249 -56.4674
		124.0044 316.6316 -56.4674
		124.0044 322.4394 -56.4674
		128.1112 326.5462 -56.4674
		131.0151 319.5355 -56.4674
		131.0151 287.5980 -96.7179
		133.9192 292.9687 -101.2243
		138.0258 289.8227 -98.5846
		138.0258 285.3735 -94.8513
		133.9189 282.2276 -92.2114
		128.1112 282.2276 -92.2116
		124.0044 285.3735 -94.8513
		124.0044 289.8227 -98.5846
		128.1112 292.9687 -101.2243
		133.9192 250.9059 -151.3529
		138.0258 247.7597 -148.7132
		138.0258 243.3107 -144.9800
		133.9189 240.1648 -142.3401
		128.1112 240.1648 -142.3401
		124.0044 243.3107 -144.9800
		124.0044 247.7597 -148.7132
		128.1112 250.9059 -151.3529
		131.0151 245.5352 -146.8464
		131.0151 195.1974 -157.1510
		133.9192 196.4147 -164.0553
		138.0258 195.7016 -160.0110
		138.0258 194.6931 -154.2914
		133.9189 193.9800 -150.2470
		128.1112 193.9800 -150.2470
		124.0044 194.6931 -154.2912
		124.0044 195.7016 -160.0110
		128.1112 196.4147 -164.0553
		133.9192 131.9708 -175.4185
		138.0258 131.2575 -171.3742
		138.0258 130.2490 -165.6547
		133.9189 129.5359 -161.6101
		128.1112 129.5359 -161.6101
		124.0044 130.2490 -165.6547
		124.0044 131.2575 -171.3742
		128.1112 131.9706 -175.4187
		131.0151 130.7532 -168.5144
		131.0151 85.5684 -144.0517
		133.9192 82.0631 -150.1230
		138.0258 84.1165 -146.5665
		138.0258 87.0204 -141.5367
		133.9189 89.0738 -137.9802
		128.1112 89.0738 -137.9802
		124.0044 87.0204 -141.5367
		124.0044 84.1165 -146.5665
		128.1112 82.0631 -150.1230
		133.9192 25.3919 -117.4040
		138.0258 27.4452 -113.8474
		138.0258 30.3490 -108.8177
		133.9189 32.4027 -105.2611
		128.1112 32.4025 -105.2611
		124.0044 30.3493 -108.8177
		124.0044 27.4452 -113.8474
		128.1112 25.3918 -117.4040
		131.0151 28.8972 -111.3326
		131.0151 10.0081 -63.5488
		133.9192 3.4201 -65.9466
		138.0258 7.2792 -64.5419
		138.0258 12.7369 -62.5555
		133.9189 16.5960 -61.1510
		128.1112 16.5960 -61.1510
		124.0044 12.7369 -62.5555
		124.0044 7.2792 -64.5419
		128.1112 3.4201 -65.9466
		133.9192 -18.9611 -4.4548
		138.0258 -15.1020 -3.0501
		138.0258 -9.6443 -1.0637
		133.9189 -5.7853 0.3408
		128.1112 -5.7853 0.3410
		124.0044 -9.6443 -1.0637
		124.0044 -15.1020 -3.0501
		128.1112 -18.9611 -4.4546
		131.0151 -12.3732 -2.0568
		131.0151 3.8717 46.6893
		133.9192 -2.7161 49.0871
		138.0258 1.1429 47.6826
		138.0258 6.6004 45.6960
		133.9189 10.4596 44.2915
		128.1112 10.4596 44.2915
		124.0044 6.6006 45.6960
		124.0044 1.1429 47.6826
		128.1112 -2.7161 49.0871
		133.9192 19.6651 110.5789
		138.0258 23.5242 109.1744
		138.0258 28.9816 107.1880
		133.9189 32.8407 105.7833
		128.1112 32.8408 105.7833
		124.0044 28.9816 107.1878
		124.0044 23.5242 109.1744
		128.1112 19.6651 110.5789
		131.0151 26.2530 108.1811
		131.0151 70.0306 135.0809
		133.9192 66.5252 141.1523
		138.0258 68.5786 137.5959
		138.0258 71.4825 132.5661
		133.9189 73.5359 129.0095
		128.1112 73.5361 129.0095
		124.0044 71.4825 132.5661
		124.0044 68.5786 137.5959
		128.1112 66.5252 141.1523
		133.9192 123.1965 173.8715
		138.0258 125.2501 170.3150
		138.0258 128.1539 165.2852
		133.9189 130.2072 161.7285
		128.1112 130.2074 161.7285
		124.0044 128.1539 165.2852
		124.0044 125.2501 170.3150
		128.1112 123.1967 173.8715
		131.0151 126.7019 167.8000
		131.0151 177.5284 160.2667
		133.9192 178.7458 167.1707
		138.0258 178.0327 163.1264
		138.0258 177.0242 157.4069
		133.9189 176.3111 153.3624
		128.1112 176.3111 153.3624
		124.0044 177.0242 157.4069
		124.0044 178.0327 163.1264
		128.1112 178.7458 167.1709
		133.9192 243.1900 155.8076
		138.0258 242.4768 151.7633
		138.0258 241.4683 146.0437
		133.9189 240.7552 141.9992
		128.1112 240.7552 141.9992
		124.0044 241.4683 146.0437
		124.0044 242.4768 151.7633
		128.1112 243.1900 155.8077
		131.0151 241.9726 148.9035
		131.0151 276.0656 110.4619
		133.9192 281.4361 114.9682
		138.0258 278.2901 112.3284
		138.0258 273.8410 108.5952
		133.9189 270.6950 105.9555
		128.1112 270.6952 105.9555
		124.0044 273.8410 108.5952
		124.0044 278.2901 112.3284
		128.1112 281.4361 114.9682
		133.9192 323.4990 64.8397
		138.0258 320.3530 62.1998
		138.0258 315.9040 58.4666
		133.9189 312.7581 55.8269
		128.1112 312.7581 55.8269
		124.0044 315.9040 58.4666
		124.0044 320.3530 62.1998
		128.1112 323.4992 64.8396
		131.0151 318.1285 60.3331
		-131.0151 319.5355 8.9708
		-133.9192 326.5462 8.9707
		-138.0258 322.4394 8.9707
		-138.0258 316.6316 8.9708
		-133.9189 312.5249 8.9708
		-128.1112 312.5249 8.9707
		-124.0044 316.6316 8.9708
		-124.0044 322.4394 8.9708
		-128.1112 326.5462 8.9707
		-133.9192 326.5462 -56.4674
		-138.0258 322.4394 -56.4674
		-138.0258 316.6316 -56.4674
		-133.9189 312.5249 -56.4674
		-128.1112 312.5249 -56.4674
		-124.0044 316.6316 -56.4674
		-124.0044 322.4394 -56.4674
		-128.1112 326.5462 -56.4674
		-131.0151 319.5355 -56.4674
		-131.0151 287.5980 -96.7179
		-133.9192 292.9687 -101.2243
		-138.0258 289.8227 -98.5846
		-138.0258 285.3735 -94.8513
		-133.9189 282.2276 -92.2114
		-128.1112 282.2276 -92.2116
		-124.0044 285.3735 -94.8513
		-124.0044 289.8227 -98.5846
		-128.1112 292.9687 -101.2243
		-133.9192 250.9059 -151.3529
		-138.0258 247.7597 -148.7132
		-138.0258 243.3107 -144.9800
		-133.9189 240.1648 -142.3401
		-128.1112 240.1648 -142.3401
		-124.0044 243.3107 -144.9800
		-124.0044 247.7597 -148.7132
		-128.1112 250.9059 -151.3529
		-131.0151 245.5352 -146.8464
		-131.0151 195.1974 -157.1510
		-133.9192 196.4147 -164.0553
		-138.0258 195.7016 -160.0110
		-138.0258 194.6931 -154.2914
		-133.9189 193.9800 -150.2470
		-128.1112 193.9800 -150.2470
		-124.0044 194.6931 -154.2912
		-124.0044 195.7016 -160.0110
		-128.1112 196.4147 -164.0553
		-133.9192 131.9708 -175.4185
		-138.0258 131.2575 -171.3742
		-138.0258 130.2490 -165.6547
		-133.9189 129.5359 -161.6101
		-128.1112 129.5359 -161.6101
		-124.0044 130.2490 -165.6547
		-124.0044 131.2575 -171.3742
		-128.1112 131.9706 -175.4187
		-131.0151 130.7532 -168.5144
		-131.0151 85.5684 -144.0517
		-133.9192 82.0631 -150.1230
		-138.0258 84.1165 -146.5665
		-138.0258 87.0204 -141.5367
		-133.9189 89.0738 -137.9802
		-128.1112 89.0738 -137.9802
		-124.0044 87.0204 -141.5367
		-124.0044 84.1165 -146.5665
		-128.1112 82.0631 -150.1230
		-133.9192 25.3919 -117.4040
		-138.0258 27.4452 -113.8474
		-138.0258 30.3490 -108.8177
		-133.9189 32.4027 -105.2611
		-128.1112 32.4025 -105.2611
		-124.0044 30.3493 -108.8177
		-124.0044 27.4452 -113.8474
		-128.1112 25.3918 -117.4040
		-131.0151 28.8972 -111.3326
		-131.0151 10.0081 -63.5488
		-133.9192 3.4201 -65.9466
		-138.0258 7.2792 -64.5419
		-138.0258 12.7369 -62.5555
		-133.9189 16.5960 -61.1510
		-128.1112 16.5960 -61.1510
		-124.0044 12.7369 -62.5555
		-124.0044 7.2792 -64.5419
		-128.1112 3.4201 -65.9466
		-133.9192 -18.9611 -4.4548
		-138.0258 -15.1020 -3.0501
		-138.0258 -9.6443 -1.0637
		-133.9189 -5.7853 0.3408
		-128.1112 -5.7853 0.3410
		-124.0044 -9.6443 -1.0637
		-124.0044 -15.1020 -3.0501
		-128.1112 -18.9611 -4.4546
		-131.0151 -12.3732 -2.0568
		-131.0151 3.8717 46.6893
		-133.9192 -2.7161 49.0871
		-138.0258 1.1429 47.6826
		-138.0258 6.6004 45.6960
		-133.9189 10.4596 44.2915
		-128.1112 10.4596 44.2915
		-124.0044 6.6006 45.6960
		-124.0044 1.1429 47.6826
		-128.1112 -2.7161 49.0871
		-133.9192 19.6651 110.5789
		-138.0258 23.5242 109.1744
		-138.0258 28.9816 107.1880
		-133.9189 32.8407 105.7833
		-128.1112 32.8408 105.7833
		-124.0044 28.9816 107.1878
		-124.0044 23.5242 109.1744
		-128.1112 19.6651 110.5789
		-131.0151 26.2530 108.1811
		-131.0151 70.0306 135.0809
		-133.9192 66.5252 141.1523
		-138.0258 68.5786 137.5959
		-138.0258 71.4825 132.5661
		-133.9189 73.5359 129.0095
		-128.1112 73.5361 129.0095
		-124.0044 71.4825 132.5661
		-124.0044 68.5786 137.5959
		-128.1112 66.5252 141.1523
		-133.9192 123.1965 173.8715
		-138.0258 125.2501 170.3150
		-138.0258 128.1539 165.2852
		-133.9189 130.2072 161.7285
		-128.1112 130.2074 161.7285
		-124.0044 128.1539 165.2852
		-124.0044 125.2501 170.3150
		-128.1112 123.1967 173.8715
		-131.0151 126.7019 167.8000
		-131.0151 177.5284 160.2667
		-133.9192 178.7458 167.1707
		-138.0258 178.0327 163.1264
		-138.0258 177.0242 157.4069
		-133.9189 176.3111 153.3624
		-128.1112 176.3111 153.3624
		-124.0044 177.0242 157.4069
		-124.0044 178.0327 163.1264
		-128.1112 178.7458 167.1709
		-133.9192 243.1900 155.8076
		-138.0258 242.4768 151.7633
		-138.0258 241.4683 146.0437
		-133.9189 240.7552 141.9992
		-128.1112 240.7552 141.9992
		-124.0044 241.4683 146.0437
		-124.0044 242.4768 151.7633
		-128.1112 243.1900 155.8077
		-131.0151 241.9726 148.9035
		-131.0151 276.0656 110.4619
		-133.9192 281.4361 114.9682
		-138.0258 278.2901 112.3284
		-138.0258 273.8410 108.5952
		-133.9189 270.6950 105.9555
		-128.1112 270.6952 105.9555
		-124.0044 273.8410 108.5952
		-124.0044 278.2901 112.3284
		-128.1112 281.4361 114.9682
		-133.9192 323.4990 64.8397
		-138.0258 320.3530 62.1998
		-138.0258 315.9040 58.4666
		-133.9189 312.7581 55.8269
		-128.1112 312.7581 55.8269
		-124.0044 315.9040 58.4666
		-124.0044 320.3530 62.1998
		-128.1112 323.4992 64.8396
		-131.0151 318.1285 60.3331
	}
	face 760 {
		4 V(0 1 21 20) M(0) UV(0.98701 0.02516 0.98701 0.04840 0.93141 0.04840 0.93141 0.02516)
		4 V(41 40 60 61) M(0) UV(0.98701 0.07098 0.98701 0.04890 0.93141 0.04890 0.93141 0.07098)
		4 V(1 2 22 21) M(0) UV(0.98701 0.04840 0.98701 0.11584 0.93141 0.11584 0.93141 0.04840)
		4 V(42 41 61 62) M(0) UV(0.98701 0.13505 0.98701 0.07098 0.93141 0.07098 0.93141 0.13505)
		4 V(2 3 23 22) M(0) UV(0.98701 0.11584 0.98701 0.22089 0.93141 0.22089 0.93141 0.11584)
		4 V(43 42 62 63) M(0) UV(0.98701 0.23485 0.98701 0.13505 0.93141 0.13505 0.93141 0.23485)
		4 V(3 4 24 23) M(0) UV(0.98701 0.22089 0.98701 0.35326 0.93141 0.35326 0.93141 0.22089)
		4 V(44 43 63 64) M(0) UV(0.98701 0.36060 0.98701 0.23485 0.93141 0.23485 0.93141 0.36060)
		4 V(4 5 25 24) M(0) UV(0.98701 0.35326 0.98701 0.49999 0.93141 0.49999 0.93141 0.35326)
		4 V(45 44 64 65) M(0) UV(0.98701 0.49999 0.98701 0.36060 0.93141 0.36060 0.93141 0.49999)
		4 V(5 6 26 25) M(0) UV(0.98701 0.49999 0.98701 0.64672 0.93141 0.64672 0.93141 0.49999)
		4 V(46 45 65 66) M(0) UV(0.98701 0.63938 0.98701 0.49999 0.93141 0.49999 0.93141 0.63938)
		4 V(6 7 27 26) M(0) UV(0.98701 0.64672 0.98701 0.77909 0.93141 0.77909 0.93141 0.64672)
		4 V(47 46 66 67) M(0) UV(0.98701 0.76513 0.98701 0.63938 0.93141 0.63938 0.93141 0.76513)
		4 V(7 8 28 27) M(0) UV(0.98701 0.77909 0.98701 0.88414 0.93141 0.88414 0.93141 0.77909)
		4 V(48 47 67 68) M(0) UV(0.98701 0.86493 0.98701 0.76513 0.93141 0.76513 0.93141 0.86493)
		4 V(8 9 29 28) M(0) UV(0.98701 0.88414 0.98701 0.95158 0.93141 0.95158 0.93141 0.88414)
		4 V(49 48 68 69) M(0) UV(0.98701 0.92900 0.98701 0.86493 0.93141 0.86493 0.93141 0.92900)
		4 V(9 10 30 29) M(0) UV(0.98701 0.95158 0.98701 0.97482 0.93141 0.97482 0.93141 0.95158)
		4 V(50 49 69 70) M(0) UV(0.98701 0.95108 0.98701 0.92900 0.93141 0.92900 0.93141 0.95108)
		4 V(10 11 31 30) M(0) UV(0.98701 0.97482 0.98701 0.95158 0.93141 0.95158 0.93141 0.97482)
		4 V(51 50 70 71) M(0) UV(0.98701 0.92900 0.98701 0.95108 0.93141 0.95108 0.93141 0.92900)
		4 V(11 12 32 31) M(0) UV(0.98701 0.95158 0.98701 0.88414 0.93141 0.88413 0.93141 0.95158)
		4 V(52 51 71 72) M(0) UV(0.98701 0.86493 0.98701 0.92900 0.93141 0.92900 0.93141 0.86493)
		4 V(12 13 33 32) M(0) UV(0.98701 0.88414 0.98701 0.77909 0.93141 0.77909 0.93141 0.88413)
		4 V(53 52 72 73) M(0) UV(0.98701 0.76513 0.98701 0.86493 0.93141 0.86493 0.93141 0.76513)
		4 V(13 14 34 33) M(0) UV(0.98701 0.77909 0.98701 0.64672 0.93141 0.64672 0.93141 0.77909)
		4 V(54 53 73 74) M(0) UV(0.98701 0.63938 0.98701 0.76513 0.93141 0.76513 0.93141 0.63938)
		4 V(14 15 35 34) M(0) UV(0.98701 0.64672 0.98701 0.49999 0.93141 0.49999 0.93141 0.64672)
		4 V(55 54 74 75) M(0) UV(0.98701 0.49999 0.98701 0.63938 0.93141 0.63938 0.93141 0.49999)
		4 V(15 16 36 35) M(0) UV(0.98701 0.49999 0.98701 0.35326 0.93141 0.35326 0.93141 0.49999)
		4 V(56 55 75 76) M(0) UV(0.98701 0.36059 0.98701 0.49999 0.93141 0.49999 0.93141 0.36059)
		4 V(16 17 37 36) M(0) UV(0.98701 0.35326 0.98701 0.22089 0.93141 0.22089 0.93141 0.35326)
		4 V(57 56 76 77) M(0) UV(0.98701 0.23485 0.98701 0.36059 0.93141 0.36059 0.93141 0.23485)
		4 V(17 18 38 37) M(0) UV(0.98701 0.22089 0.98701 0.11584 0.93141 0.11584 0.93141 0.22089)
		4 V(58 57 77 78) M(0) UV(0.98701 0.13505 0.98701 0.23485 0.93141 0.23485 0.93141 0.13505)
		4 V(18 19 39 38) M(0) UV(0.98701 0.11584 0.98701 0.04840 0.93141 0.04840 0.93141 0.11584)
		4 V(59 58 78 79) M(0) UV(0.98701 0.07098 0.98701 0.13505 0.93141 0.13505 0.93141 0.07098)
		4 V(19 0 20 39) M(0) UV(0.98701 0.04840 0.98701 0.02516 0.93141 0.02516 0.93141 0.04840)
		4 V(40 59 79 60) M(0) UV(0.98701 0.04890 0.98701 0.07098 0.93141 0.07098 0.93141 0.04890)
		4 V(80 120 121 81) M(0) UV(0.57483 0.01481 0.57483 0.03185 0.47478 0.04769 0.46952 0.03149)
		4 V(100 101 141 140) M(0) UV(0.57483 0.01481 0.46952 0.03149 0.47478 0.04769 0.57483 0.03185)
		4 V(81 121 122 82) M(0) UV(0.46952 0.03149 0.47478 0.04769 0.38453 0.09368 0.37451 0.07989)
		4 V(101 102 142 141) M(0) UV(0.46952 0.03149 0.37451 0.07989 0.38453 0.09368 0.47478 0.04769)
		4 V(82 122 123 83) M(0) UV(0.37451 0.07989 0.38453 0.09368 0.31290 0.16531 0.29912 0.15529)
		4 V(102 103 143 142) M(0) UV(0.37451 0.07989 0.29912 0.15529 0.31290 0.16531 0.38453 0.09368)
		4 V(83 123 124 84) M(0) UV(0.29912 0.15529 0.31290 0.16531 0.26691 0.25556 0.25071 0.25029)
		4 V(103 104 144 143) M(0) UV(0.29912 0.15529 0.25071 0.25029 0.26691 0.25556 0.31290 0.16531)
		4 V(84 124 125 85) M(0) UV(0.25071 0.25029 0.26691 0.25556 0.25107 0.35561 0.23403 0.35561)
		4 V(104 105 145 144) M(0) UV(0.25071 0.25029 0.23403 0.35561 0.25107 0.35561 0.26691 0.25556)
		4 V(85 125 126 86) M(0) UV(0.23403 0.35561 0.25107 0.35561 0.26691 0.45565 0.25071 0.46092)
		4 V(105 106 146 145) M(0) UV(0.23403 0.35561 0.25071 0.46092 0.26691 0.45565 0.25107 0.35561)
		4 V(86 126 127 87) M(0) UV(0.25071 0.46092 0.26691 0.45565 0.31290 0.54591 0.29912 0.55593)
		4 V(106 107 147 146) M(0) UV(0.25071 0.46092 0.29912 0.55593 0.31290 0.54591 0.26691 0.45565)
		4 V(87 127 128 88) M(0) UV(0.29912 0.55593 0.31290 0.54591 0.38453 0.61754 0.37451 0.63132)
		4 V(107 108 148 147) M(0) UV(0.29912 0.55593 0.37451 0.63132 0.38453 0.61754 0.31290 0.54591)
		4 V(88 128 129 89) M(0) UV(0.37451 0.63132 0.38453 0.61754 0.47478 0.66352 0.46952 0.67973)
		4 V(108 109 149 148) M(0) UV(0.37451 0.63132 0.46952 0.67973 0.47478 0.66352 0.38453 0.61754)
		4 V(89 129 130 90) M(0) UV(0.46952 0.67973 0.47478 0.66352 0.57483 0.67937 0.57483 0.69641)
		4 V(109 110 150 149) M(0) UV(0.46952 0.67973 0.57483 0.69641 0.57483 0.67937 0.47478 0.66352)
		4 V(90 130 131 91) M(0) UV(0.57483 0.69641 0.57483 0.67937 0.67488 0.66352 0.68014 0.67973)
		4 V(110 111 151 150) M(0) UV(0.57483 0.69641 0.68014 0.67973 0.67488 0.66352 0.57483 0.67937)
		4 V(91 131 132 92) M(0) UV(0.68014 0.67973 0.67488 0.66352 0.76513 0.61754 0.77515 0.63132)
		4 V(111 112 152 151) M(0) UV(0.68014 0.67973 0.77515 0.63132 0.76513 0.61754 0.67488 0.66352)
		4 V(92 132 133 93) M(0) UV(0.77515 0.63132 0.76513 0.61754 0.83676 0.54591 0.85054 0.55592)
		4 V(112 113 153 152) M(0) UV(0.77515 0.63132 0.85054 0.55592 0.83676 0.54591 0.76513 0.61754)
		4 V(93 133 134 94) M(0) UV(0.85054 0.55592 0.83676 0.54591 0.88275 0.45565 0.89895 0.46092)
		4 V(113 114 154 153) M(0) UV(0.85054 0.55592 0.89895 0.46092 0.88274 0.45565 0.83676 0.54591)
		4 V(94 134 135 95) M(0) UV(0.89895 0.46092 0.88275 0.45565 0.89859 0.35561 0.91563 0.35561)
		4 V(114 115 155 154) M(0) UV(0.89895 0.46092 0.91563 0.35561 0.89859 0.35561 0.88274 0.45565)
		4 V(95 135 136 96) M(0) UV(0.91563 0.35561 0.89859 0.35561 0.88274 0.25556 0.89895 0.25029)
		4 V(115 116 156 155) M(0) UV(0.91563 0.35561 0.89895 0.25029 0.88274 0.25556 0.89859 0.35561)
		4 V(96 136 137 97) M(0) UV(0.89895 0.25029 0.88274 0.25556 0.83676 0.16530 0.85054 0.15529)
		4 V(116 117 157 156) M(0) UV(0.89895 0.25029 0.85054 0.15529 0.83676 0.16530 0.88274 0.25556)
		4 V(97 137 138 98) M(0) UV(0.85054 0.15529 0.83676 0.16530 0.76513 0.09368 0.77515 0.07989)
		4 V(117 118 158 157) M(0) UV(0.85054 0.15529 0.77515 0.07989 0.76513 0.09368 0.83676 0.16530)
		4 V(98 138 139 99) M(0) UV(0.77515 0.07989 0.76513 0.09368 0.67488 0.04769 0.68014 0.03149)
		4 V(118 119 159 158) M(0) UV(0.77515 0.07989 0.68014 0.03149 0.67488 0.04769 0.76513 0.09368)
		4 V(99 139 120 80) M(0) UV(0.68014 0.03149 0.67488 0.04769 0.57483 0.03185 0.57483 0.01481)
		4 V(119 100 140 159) M(0) UV(0.68014 0.03149 0.57483 0.01481 0.57483 0.03185 0.67488 0.04769)
		4 V(180 181 161 160) M(0) UV(0.93141 0.02516 0.93141 0.04840 0.98701 0.04840 0.98701 0.02516)
		4 V(221 220 200 201) M(0) UV(0.93141 0.07098 0.93141 0.04890 0.98701 0.04890 0.98701 0.07098)
		4 V(181 182 162 161) M(0) UV(0.93141 0.04840 0.93141 0.11584 0.98701 0.11584 0.98701 0.04840)
		4 V(222 221 201 202) M(0) UV(0.93141 0.13505 0.93141 0.07098 0.98701 0.07098 0.98701 0.13505)
		4 V(182 183 163 162) M(0) UV(0.93141 0.11584 0.93141 0.22089 0.98701 0.22089 0.98701 0.11584)
		4 V(223 222 202 203) M(0) UV(0.93141 0.23485 0.93141 0.13505 0.98701 0.13505 0.98701 0.23485)
		4 V(183 184 164 163) M(0) UV(0.93141 0.22089 0.93141 0.35326 0.98701 0.35326 0.98701 0.22089)
		4 V(224 223 203 204) M(0) UV(0.93141 0.36060 0.93141 0.23485 0.98701 0.23485 0.98701 0.36060)
		4 V(184 185 165 164) M(0) UV(0.93141 0.35326 0.93141 0.49999 0.98701 0.49999 0.98701 0.35326)
		4 V(225 224 204 205) M(0) UV(0.93141 0.49999 0.93141 0.36060 0.98701 0.36060 0.98701 0.49999)
		4 V(185 186 166 165) M(0) UV(0.93141 0.49999 0.93141 0.64672 0.98701 0.64672 0.98701 0.49999)
		4 V(226 225 205 206) M(0) UV(0.93141 0.63938 0.93141 0.49999 0.98701 0.49999 0.98701 0.63938)
		4 V(186 187 167 166) M(0) UV(0.93141 0.64672 0.93141 0.77909 0.98701 0.77909 0.98701 0.64672)
		4 V(227 226 206 207) M(0) UV(0.93141 0.76513 0.93141 0.63938 0.98701 0.63938 0.98701 0.76513)
		4 V(187 188 168 167) M(0) UV(0.93141 0.77909 0.93141 0.88414 0.98701 0.88414 0.98701 0.77909)
		4 V(228 227 207 208) M(0) UV(0.93141 0.86493 0.93141 0.76513 0.98701 0.76513 0.98701 0.86493)
		4 V(188 189 169 168) M(0) UV(0.93141 0.88414 0.93141 0.95158 0.98701 0.95158 0.98701 0.88414)
		4 V(229 228 208 209) M(0) UV(0.93141 0.92900 0.93141 0.86493 0.98701 0.86493 0.98701 0.92900)
		4 V(189 190 170 169) M(0) UV(0.93141 0.95158 0.93141 0.97482 0.98701 0.97482 0.98701 0.95158)
		4 V(230 229 209 210) M(0) UV(0.93141 0.95108 0.93141 0.92900 0.98701 0.92900 0.98701 0.95108)
		4 V(190 191 171 170) M(0) UV(0.93141 0.97482 0.93141 0.95158 0.98701 0.95158 0.98701 0.97482)
		4 V(231 230 210 211) M(0) UV(0.93141 0.92900 0.93141 0.95108 0.98701 0.95108 0.98701 0.92900)
		4 V(191 192 172 171) M(0) UV(0.93141 0.95158 0.93141 0.88413 0.98701 0.88414 0.98701 0.95158)
		4 V(232 231 211 212) M(0) UV(0.93141 0.86493 0.93141 0.92900 0.98701 0.92900 0.98701 0.86493)
		4 V(192 193 173 172) M(0) UV(0.93141 0.88413 0.93141 0.77909 0.98701 0.77909 0.98701 0.88414)
		4 V(233 232 212 213) M(0) UV(0.93141 0.76513 0.93141 0.86493 0.98701 0.86493 0.98701 0.76513)
		4 V(193 194 174 173) M(0) UV(0.93141 0.77909 0.93141 0.64672 0.98701 0.64672 0.98701 0.77909)
		4 V(234 233 213 214) M(0) UV(0.93141 0.63938 0.93141 0.76513 0.98701 0.76513 0.98701 0.63938)
		4 V(194 195 175 174) M(0) UV(0.93141 0.64672 0.93141 0.49999 0.98701 0.49999 0.98701 0.64672)
		4 V(235 234 214 215) M(0) UV(0.93141 0.49999 0.93141 0.63938 0.98701 0.63938 0.98701 0.49999)
		4 V(195 196 176 175) M(0) UV(0.93141 0.49999 0.93141 0.35326 0.98701 0.35326 0.98701 0.49999)
		4 V(236 235 215 216) M(0) UV(0.93141 0.36059 0.93141 0.49999 0.98701 0.49999 0.98701 0.36059)
		4 V(196 197 177 176) M(0) UV(0.93141 0.35326 0.93141 0.22089 0.98701 0.22089 0.98701 0.35326)
		4 V(237 236 216 217) M(0) UV(0.93141 0.23485 0.93141 0.36059 0.98701 0.36059 0.98701 0.23485)
		4 V(197 198 178 177) M(0) UV(0.93141 0.22089 0.93141 0.11584 0.98701 0.11584 0.98701 0.22089)
		4 V(238 237 217 218) M(0) UV(0.93141 0.13505 0.93141 0.23485 0.98701 0.23485 0.98701 0.13505)
		4 V(198 199 179 178) M(0) UV(0.93141 0.11584 0.93141 0.04840 0.98701 0.04840 0.98701 0.11584)
		4 V(239 238 218 219) M(0) UV(0.93141 0.07098 0.93141 0.13505 0.98701 0.13505 0.98701 0.07098)
		4 V(199 180 160 179) M(0) UV(0.93141 0.04840 0.93141 0.02516 0.98701 0.02516 0.98701 0.04840)
		4 V(220 239 219 200) M(0) UV(0.93141 0.04890 0.93141 0.07098 0.98701 0.07098 0.98701 0.04890)
		4 V(241 281 280 240) M(0) UV(0.46952 0.03149 0.47478 0.04769 0.57483 0.03185 0.57483 0.01481)
		4 V(300 301 261 260) M(0) UV(0.57483 0.03185 0.47478 0.04769 0.46952 0.03149 0.57483 0.01481)
		4 V(242 282 281 241) M(0) UV(0.37451 0.07989 0.38453 0.09368 0.47478 0.04769 0.46952 0.03149)
		4 V(301 302 262 261) M(0) UV(0.47478 0.04769 0.38453 0.09368 0.37451 0.07989 0.46952 0.03149)
		4 V(243 283 282 242) M(0) UV(0.29912 0.15529 0.31290 0.16531 0.38453 0.09368 0.37451 0.07989)
		4 V(302 303 263 262) M(0) UV(0.38453 0.09368 0.31290 0.16531 0.29912 0.15529 0.37451 0.07989)
		4 V(244 284 283 243) M(0) UV(0.25071 0.25029 0.26691 0.25556 0.31290 0.16531 0.29912 0.15529)
		4 V(303 304 264 263) M(0) UV(0.31290 0.16531 0.26691 0.25556 0.25071 0.25029 0.29912 0.15529)
		4 V(245 285 284 244) M(0) UV(0.23403 0.35561 0.25107 0.35561 0.26691 0.25556 0.25071 0.25029)
		4 V(304 305 265 264) M(0) UV(0.26691 0.25556 0.25107 0.35561 0.23403 0.35561 0.25071 0.25029)
		4 V(246 286 285 245) M(0) UV(0.25071 0.46092 0.26691 0.45565 0.25107 0.35561 0.23403 0.35561)
		4 V(305 306 266 265) M(0) UV(0.25107 0.35561 0.26691 0.45565 0.25071 0.46092 0.23403 0.35561)
		4 V(247 287 286 246) M(0) UV(0.29912 0.55593 0.31290 0.54591 0.26691 0.45565 0.25071 0.46092)
		4 V(306 307 267 266) M(0) UV(0.26691 0.45565 0.31290 0.54591 0.29912 0.55593 0.25071 0.46092)
		4 V(248 288 287 247) M(0) UV(0.37451 0.63132 0.38453 0.61754 0.31290 0.54591 0.29912 0.55593)
		4 V(307 308 268 267) M(0) UV(0.31290 0.54591 0.38453 0.61754 0.37451 0.63132 0.29912 0.55593)
		4 V(249 289 288 248) M(0) UV(0.46952 0.67973 0.47478 0.66352 0.38453 0.61754 0.37451 0.63132)
		4 V(308 309 269 268) M(0) UV(0.38453 0.61754 0.47478 0.66352 0.46952 0.67973 0.37451 0.63132)
		4 V(250 290 289 249) M(0) UV(0.57483 0.69641 0.57483 0.67937 0.47478 0.66352 0.46952 0.67973)
		4 V(309 310 270 269) M(0) UV(0.47478 0.66352 0.57483 0.67937 0.57483 0.69641 0.46952 0.67973)
		4 V(251 291 290 250) M(0) UV(0.68014 0.67973 0.67488 0.66352 0.57483 0.67937 0.57483 0.69641)
		4 V(310 311 271 270) M(0) UV(0.57483 0.67937 0.67488 0.66352 0.68014 0.67973 0.57483 0.69641)
		4 V(252 292 291 251) M(0) UV(0.77515 0.63132 0.76513 0.61754 0.67488 0.66352 0.68014 0.67973)
		4 V(311 312 272 271) M(0) UV(0.67488 0.66352 0.76513 0.61754 0.77515 0.63132 0.68014 0.67973)
		4 V(253 293 292 252) M(0) UV(0.85054 0.55592 0.83676 0.54591 0.76513 0.61754 0.77515 0.63132)
		4 V(312 313 273 272) M(0) UV(0.76513 0.61754 0.83676 0.54591 0.85054 0.55592 0.77515 0.63132)
		4 V(254 294 293 253) M(0) UV(0.89895 0.46092 0.88275 0.45565 0.83676 0.54591 0.85054 0.55592)
		4 V(313 314 274 273) M(0) UV(0.83676 0.54591 0.88274 0.45565 0.89895 0.46092 0.85054 0.55592)
		4 V(255 295 294 254) M(0) UV(0.91563 0.35561 0.89859 0.35561 0.88275 0.45565 0.89895 0.46092)
		4 V(314 315 275 274) M(0) UV(0.88274 0.45565 0.89859 0.35561 0.91563 0.35561 0.89895 0.46092)
		4 V(256 296 295 255) M(0) UV(0.89895 0.25029 0.88274 0.25556 0.89859 0.35561 0.91563 0.35561)
		4 V(315 316 276 275) M(0) UV(0.89859 0.35561 0.88274 0.25556 0.89895 0.25029 0.91563 0.35561)
		4 V(257 297 296 256) M(0) UV(0.85054 0.15529 0.83676 0.16530 0.88274 0.25556 0.89895 0.25029)
		4 V(316 317 277 276) M(0) UV(0.88274 0.25556 0.83676 0.16530 0.85054 0.15529 0.89895 0.25029)
		4 V(258 298 297 257) M(0) UV(0.77515 0.07989 0.76513 0.09368 0.83676 0.16530 0.85054 0.15529)
		4 V(317 318 278 277) M(0) UV(0.83676 0.16530 0.76513 0.09368 0.77515 0.07989 0.85054 0.15529)
		4 V(259 299 298 258) M(0) UV(0.68014 0.03149 0.67488 0.04769 0.76513 0.09368 0.77515 0.07989)
		4 V(318 319 279 278) M(0) UV(0.76513 0.09368 0.67488 0.04769 0.68014 0.03149 0.77515 0.07989)
		4 V(240 280 299 259) M(0) UV(0.57483 0.01481 0.57483 0.03185 0.67488 0.04769 0.68014 0.03149)
		4 V(319 300 260 279) M(0) UV(0.67488 0.04769 0.57483 0.03185 0.57483 0.01481 0.68014 0.03149)
		4 V(320 322 323 321) M(0) UV(0.94960 0.03719 0.96912 0.03719 0.96912 0.41291 0.94960 0.41291)
		4 V(324 326 327 325) M(0) UV(0.96912 0.03719 0.94960 0.03719 0.94960 0.41291 0.96912 0.41291)
		4 V(328 330 331 329) M(0) UV(0.94960 0.14097 0.96912 0.14097 0.96912 0.42879 0.94960 0.42879)
		4 V(332 334 335 333) M(0) UV(0.96912 0.15352 0.94960 0.15352 0.94960 0.44133 0.96912 0.44133)
		4 V(336 338 339 337) M(0) UV(0.94960 0.41630 0.96912 0.41630 0.96912 0.48154 0.94960 0.48154)
		4 V(340 342 343 341) M(0) UV(0.96912 0.43552 0.94960 0.43552 0.94960 0.50076 0.96912 0.50076)
		4 V(344 346 347 345) M(0) UV(0.94960 0.73435 0.96912 0.73435 0.96912 0.54649 0.94960 0.54649)
		4 V(348 350 351 349) M(0) UV(0.96912 0.75125 0.94960 0.75125 0.94960 0.56339 0.96912 0.56339)
		4 V(352 354 355 353) M(0) UV(0.94960 0.94629 0.96912 0.94629 0.96912 0.59323 0.94960 0.59323)
		4 V(356 358 359 357) M(0) UV(0.96912 0.95297 0.94960 0.95297 0.94960 0.59991 0.96912 0.59991)
		4 V(360 362 363 361) M(0) UV(0.94960 0.95297 0.96912 0.95297 0.96912 0.59991 0.94960 0.59991)
		4 V(364 366 367 365) M(0) UV(0.96912 0.94629 0.94960 0.94629 0.94960 0.59323 0.96912 0.59323)
		4 V(368 370 371 369) M(0) UV(0.94960 0.75125 0.96912 0.75125 0.96912 0.56339 0.94960 0.56339)
		4 V(372 374 375 373) M(0) UV(0.96912 0.73435 0.94960 0.73435 0.94960 0.54649 0.96912 0.54649)
		4 V(376 378 379 377) M(0) UV(0.94960 0.43552 0.96912 0.43552 0.96912 0.50076 0.94960 0.50076)
		4 V(380 382 383 381) M(0) UV(0.96912 0.41630 0.94960 0.41630 0.94960 0.48154 0.96912 0.48154)
		4 V(384 386 387 385) M(0) UV(0.94960 0.15352 0.96912 0.15352 0.96912 0.44133 0.94960 0.44133)
		4 V(388 390 391 389) M(0) UV(0.96912 0.14097 0.94960 0.14097 0.94960 0.42879 0.96912 0.42879)
		4 V(394 396 397 395) M(0) UV(0.56793 0.02314 0.58173 0.02314 0.58173 0.28869 0.56793 0.28869)
		4 V(398 392 393 399) M(0) UV(0.58173 0.02314 0.56793 0.02314 0.56793 0.28869 0.58173 0.28869)
		4 V(402 404 405 403) M(0) UV(0.78325 0.09649 0.79382 0.10535 0.62313 0.30878 0.61256 0.29991)
		4 V(406 400 401 407) M(0) UV(0.79382 0.10535 0.78325 0.09649 0.61256 0.29991 0.62313 0.30878)
		4 V(410 412 413 411) M(0) UV(0.90105 0.29108 0.90345 0.30467 0.64193 0.35078 0.63954 0.33719)
		4 V(414 408 409 415) M(0) UV(0.90345 0.30467 0.90105 0.29108 0.63954 0.33719 0.64193 0.35078)
		4 V(418 420 421 419) M(0) UV(0.86621 0.51587 0.85931 0.52782 0.62934 0.39504 0.63623 0.38309)
		4 V(422 416 417 423) M(0) UV(0.85931 0.52782 0.86621 0.51587 0.63623 0.38309 0.62934 0.39504)
		4 V(426 428 429 427) M(0) UV(0.69502 0.66567 0.68206 0.67039 0.59124 0.42085 0.60420 0.41613)
		4 V(430 424 425 431) M(0) UV(0.68206 0.67039 0.69502 0.66567 0.60420 0.41613 0.59124 0.42085)
		4 V(434 436 437 435) M(0) UV(0.46760 0.67039 0.45464 0.66567 0.54546 0.41613 0.55842 0.42085)
		4 V(438 432 433 439) M(0) UV(0.45464 0.66567 0.46760 0.67039 0.55842 0.42085 0.54546 0.41613)
		4 V(442 444 445 443) M(0) UV(0.29035 0.52782 0.28345 0.51587 0.51343 0.38309 0.52032 0.39504)
		4 V(446 440 441 447) M(0) UV(0.28345 0.51587 0.29035 0.52782 0.52032 0.39504 0.51343 0.38309)
		4 V(450 452 453 451) M(0) UV(0.24621 0.30467 0.24861 0.29108 0.51012 0.33719 0.50773 0.35078)
		4 V(454 448 449 455) M(0) UV(0.24861 0.29108 0.24621 0.30467 0.50773 0.35078 0.51012 0.33719)
		4 V(458 460 461 459) M(0) UV(0.35584 0.10535 0.36641 0.09649 0.53710 0.29991 0.52653 0.30878)
		4 V(462 456 457 463) M(0) UV(0.36641 0.09649 0.35584 0.10535 0.52653 0.30878 0.53710 0.29991)
		4 V(465 467 466 464) M(0) UV(0.94960 0.41291 0.96912 0.41291 0.96912 0.03719 0.94960 0.03719)
		4 V(469 471 470 468) M(0) UV(0.96912 0.41291 0.94960 0.41291 0.94960 0.03719 0.96912 0.03719)
		4 V(473 475 474 472) M(0) UV(0.94960 0.42879 0.96912 0.42879 0.96912 0.14097 0.94960 0.14097)
		4 V(477 479 478 476) M(0) UV(0.96912 0.44133 0.94960 0.44133 0.94960 0.15352 0.96912 0.15352)
		4 V(481 483 482 480) M(0) UV(0.94960 0.48154 0.96912 0.48154 0.96912 0.41630 0.94960 0.41630)
		4 V(485 487 486 484) M(0) UV(0.96912 0.50076 0.94960 0.50076 0.94960 0.43552 0.96912 0.43552)
		4 V(489 491 490 488) M(0) UV(0.94960 0.54649 0.96912 0.54649 0.96912 0.73435 0.94960 0.73435)
		4 V(493 495 494 492) M(0) UV(0.96912 0.56339 0.94960 0.56339 0.94960 0.75125 0.96912 0.75125)
		4 V(497 499 498 496) M(0) UV(0.94960 0.59323 0.96912 0.59323 0.96912 0.94629 0.94960 0.94629)
		4 V(501 503 502 500) M(0) UV(0.96912 0.59991 0.94960 0.59991 0.94960 0.95297 0.96912 0.95297)
		4 V(505 507 506 504) M(0) UV(0.94960 0.59991 0.96912 0.59991 0.96912 0.95297 0.94960 0.95297)
		4 V(509 511 510 508) M(0) UV(0.96912 0.59323 0.94960 0.59323 0.94960 0.94629 0.96912 0.94629)
		4 V(513 515 514 512) M(0) UV(0.94960 0.56339 0.96912 0.56339 0.96912 0.75125 0.94960 0.75125)
		4 V(517 519 518 516) M(0) UV(0.96912 0.54649 0.94960 0.54649 0.94960 0.73435 0.96912 0.73435)
		4 V(521 523 522 520) M(0) UV(0.94960 0.50076 0.96912 0.50076 0.96912 0.43552 0.94960 0.43552)
		4 V(525 527 526 524) M(0) UV(0.96912 0.48154 0.94960 0.48154 0.94960 0.41630 0.96912 0.41630)
		4 V(529 531 530 528) M(0) UV(0.94960 0.44133 0.96912 0.44133 0.96912 0.15352 0.94960 0.15352)
		4 V(533 535 534 532) M(0) UV(0.96912 0.42879 0.94960 0.42879 0.94960 0.14097 0.96912 0.14097)
		4 V(539 541 540 538) M(0) UV(0.56793 0.28869 0.58173 0.28869 0.58173 0.02314 0.56793 0.02314)
		4 V(543 537 536 542) M(0) UV(0.58173 0.28869 0.56793 0.28869 0.56793 0.02314 0.58173 0.02314)
		4 V(547 549 548 546) M(0) UV(0.61256 0.29991 0.62313 0.30878 0.79382 0.10535 0.78325 0.09649)
		4 V(551 545 544 550) M(0) UV(0.62313 0.30878 0.61256 0.29991 0.78325 0.09649 0.79382 0.10535)
		4 V(555 557 556 554) M(0) UV(0.63954 0.33719 0.64193 0.35078 0.90345 0.30467 0.90105 0.29108)
		4 V(559 553 552 558) M(0) UV(0.64193 0.35078 0.63954 0.33719 0.90105 0.29108 0.90345 0.30467)
		4 V(563 565 564 562) M(0) UV(0.63623 0.38309 0.62934 0.39504 0.85931 0.52782 0.86621 0.51587)
		4 V(567 561 560 566) M(0) UV(0.62934 0.39504 0.63623 0.38309 0.86621 0.51587 0.85931 0.52782)
		4 V(571 573 572 570) M(0) UV(0.60420 0.41613 0.59124 0.42085 0.68206 0.67039 0.69502 0.66567)
		4 V(575 569 568 574) M(0) UV(0.59124 0.42085 0.60420 0.41613 0.69502 0.66567 0.68206 0.67039)
		4 V(579 581 580 578) M(0) UV(0.55842 0.42085 0.54546 0.41613 0.45464 0.66567 0.46760 0.67039)
		4 V(583 577 576 582) M(0) UV(0.54546 0.41613 0.55842 0.42085 0.46760 0.67039 0.45464 0.66567)
		4 V(587 589 588 586) M(0) UV(0.52032 0.39504 0.51343 0.38309 0.28345 0.51587 0.29035 0.52782)
		4 V(591 585 584 590) M(0) UV(0.51343 0.38309 0.52032 0.39504 0.29035 0.52782 0.28345 0.51587)
		4 V(595 597 596 594) M(0) UV(0.50773 0.35078 0.51012 0.33719 0.24861 0.29108 0.24621 0.30467)
		4 V(599 593 592 598) M(0) UV(0.51012 0.33719 0.50773 0.35078 0.24621 0.30467 0.24861 0.29108)
		4 V(603 605 604 602) M(0) UV(0.52653 0.30878 0.53710 0.29991 0.36641 0.09649 0.35584 0.10535)
		4 V(607 601 600 606) M(0) UV(0.53710 0.29991 0.52653 0.30878 0.35584 0.10535 0.36641 0.09649)
		4 V(608 610 611 609) M(0) UV(0.05931 0.71461 0.47012 0.71461 0.47012 0.72599 0.05931 0.72599)
		4 V(612 614 615 613) M(0) UV(0.47012 0.71461 0.05931 0.71461 0.05931 0.72599 0.47012 0.72599)
		4 V(614 612 610 608) M(0) UV(0.05931 0.71461 0.47012 0.71461 0.47012 0.71461 0.05931 0.71461)
		4 V(609 611 613 615) M(0) UV(0.05931 0.72599 0.47012 0.72599 0.47012 0.72599 0.05931 0.72599)
		4 V(616 618 619 617) M(0) UV(0.05931 0.74344 0.47012 0.74344 0.47012 0.75216 0.05931 0.75216)
		4 V(620 622 623 621) M(0) UV(0.47012 0.75075 0.05931 0.75075 0.05931 0.75947 0.47012 0.75947)
		4 V(622 620 618 616) M(0) UV(0.05931 0.75075 0.47012 0.75075 0.47012 0.74344 0.05931 0.74344)
		4 V(617 619 621 623) M(0) UV(0.05931 0.75216 0.47012 0.75216 0.47012 0.75947 0.05931 0.75947)
		4 V(624 626 627 625) M(0) UV(0.05931 0.82374 0.47012 0.82374 0.47012 0.82572 0.05931 0.82572)
		4 V(628 630 631 629) M(0) UV(0.47012 0.83495 0.05931 0.83495 0.05931 0.83693 0.47012 0.83693)
		4 V(630 628 626 624) M(0) UV(0.05931 0.83495 0.47012 0.83495 0.47012 0.82374 0.05931 0.82374)
		4 V(625 627 629 631) M(0) UV(0.05931 0.82572 0.47012 0.82572 0.47012 0.83693 0.05931 0.83693)
		4 V(632 634 635 633) M(0) UV(0.05931 0.91795 0.47012 0.91795 0.47012 0.91226 0.05931 0.91226)
		4 V(636 638 639 637) M(0) UV(0.47012 0.92781 0.05931 0.92781 0.05931 0.92212 0.47012 0.92212)
		4 V(638 636 634 632) M(0) UV(0.05931 0.92781 0.47012 0.92781 0.47012 0.91795 0.05931 0.91795)
		4 V(633 635 637 639) M(0) UV(0.05931 0.91226 0.47012 0.91226 0.47012 0.92212 0.05931 0.92212)
		4 V(640 642 643 641) M(0) UV(0.05931 0.98198 0.47012 0.98198 0.47012 0.97129 0.05931 0.97129)
		4 V(644 646 647 645) M(0) UV(0.47012 0.98588 0.05931 0.98588 0.05931 0.97518 0.47012 0.97518)
		4 V(646 644 642 640) M(0) UV(0.05931 0.98588 0.47012 0.98588 0.47012 0.98198 0.05931 0.98198)
		4 V(641 643 645 647) M(0) UV(0.05931 0.97129 0.47012 0.97129 0.47012 0.97518 0.05931 0.97518)
		4 V(648 650 651 649) M(0) UV(0.05931 0.98588 0.47012 0.98588 0.47012 0.97518 0.05931 0.97518)
		4 V(652 654 655 653) M(0) UV(0.47012 0.98198 0.05931 0.98198 0.05931 0.97129 0.47012 0.97129)
		4 V(654 652 650 648) M(0) UV(0.05931 0.98198 0.47012 0.98198 0.47012 0.98588 0.05931 0.98588)
		4 V(649 651 653 655) M(0) UV(0.05931 0.97518 0.47012 0.97518 0.47012 0.97129 0.05931 0.97129)
		4 V(656 658 659 657) M(0) UV(0.05931 0.92781 0.47012 0.92781 0.47012 0.92212 0.05931 0.92212)
		4 V(660 662 663 661) M(0) UV(0.47012 0.91795 0.05931 0.91795 0.05931 0.91226 0.47012 0.91226)
		4 V(662 660 658 656) M(0) UV(0.05931 0.91795 0.47012 0.91795 0.47012 0.92781 0.05931 0.92781)
		4 V(657 659 661 663) M(0) UV(0.05931 0.92212 0.47012 0.92212 0.47012 0.91226 0.05931 0.91226)
		4 V(664 666 667 665) M(0) UV(0.05931 0.83495 0.47012 0.83495 0.47012 0.83693 0.05931 0.83693)
		4 V(668 670 671 669) M(0) UV(0.47012 0.82374 0.05931 0.82374 0.05931 0.82572 0.47012 0.82572)
		4 V(670 668 666 664) M(0) UV(0.05931 0.82374 0.47012 0.82374 0.47012 0.83495 0.05931 0.83495)
		4 V(665 667 669 671) M(0) UV(0.05931 0.83693 0.47012 0.83693 0.47012 0.82572 0.05931 0.82572)
		4 V(672 674 675 673) M(0) UV(0.05931 0.75075 0.47012 0.75075 0.47012 0.75947 0.05931 0.75947)
		4 V(676 678 679 677) M(0) UV(0.47012 0.74344 0.05931 0.74344 0.05931 0.75216 0.47012 0.75216)
		4 V(678 676 674 672) M(0) UV(0.05931 0.74344 0.47012 0.74344 0.47012 0.75075 0.05931 0.75075)
		4 V(673 675 677 679) M(0) UV(0.05931 0.75947 0.47012 0.75947 0.47012 0.75216 0.05931 0.75216)
		4 V(680 681 701 700) M(0) UV(0.49394 0.85346 0.49394 0.89298 0.03549 0.89298 0.03549 0.85346)
		4 V(681 682 702 701) M(0) UV(0.49394 0.89298 0.49394 0.92863 0.03549 0.92863 0.03549 0.89298)
		4 V(682 683 703 702) M(0) UV(0.49394 0.92863 0.49394 0.95692 0.03549 0.95692 0.03549 0.92863)
		4 V(683 684 704 703) M(0) UV(0.49394 0.95692 0.49394 0.97509 0.03549 0.97509 0.03549 0.95692)
		4 V(684 685 705 704) M(0) UV(0.49394 0.97509 0.49394 0.98135 0.03549 0.98135 0.03549 0.97509)
		4 V(685 686 706 705) M(0) UV(0.49394 0.98135 0.49394 0.97509 0.03549 0.97509 0.03549 0.98135)
		4 V(686 687 707 706) M(0) UV(0.49394 0.97509 0.49394 0.95692 0.03549 0.95692 0.03549 0.97509)
		4 V(687 688 708 707) M(0) UV(0.49394 0.95692 0.49394 0.92863 0.03549 0.92863 0.03549 0.95692)
		4 V(688 689 709 708) M(0) UV(0.49394 0.92863 0.49394 0.89298 0.03549 0.89298 0.03549 0.92863)
		4 V(689 690 710 709) M(0) UV(0.49394 0.89298 0.49394 0.85346 0.03549 0.85346 0.03549 0.89298)
		4 V(690 691 711 710) M(0) UV(0.49394 0.85346 0.49394 0.81394 0.03549 0.81394 0.03549 0.85346)
		4 V(691 692 712 711) M(0) UV(0.49394 0.81394 0.49394 0.77829 0.03549 0.77829 0.03549 0.81394)
		4 V(692 693 713 712) M(0) UV(0.49394 0.77829 0.49394 0.74999 0.03549 0.74999 0.03549 0.77829)
		4 V(693 694 714 713) M(0) UV(0.49394 0.74999 0.49394 0.73183 0.03549 0.73183 0.03549 0.74999)
		4 V(694 695 715 714) M(0) UV(0.49394 0.73183 0.49394 0.72557 0.03549 0.72557 0.03549 0.73183)
		4 V(695 696 716 715) M(0) UV(0.49394 0.72557 0.49394 0.73183 0.03549 0.73183 0.03549 0.72557)
		4 V(696 697 717 716) M(0) UV(0.49394 0.73183 0.49394 0.74999 0.03549 0.74999 0.03549 0.73183)
		4 V(697 698 718 717) M(0) UV(0.49394 0.74999 0.49394 0.77829 0.03549 0.77829 0.03549 0.74999)
		4 V(698 699 719 718) M(0) UV(0.49394 0.77829 0.49394 0.81394 0.03549 0.81394 0.03549 0.77829)
		4 V(699 680 700 719) M(0) UV(0.49394 0.81394 0.49394 0.85346 0.03549 0.85346 0.03549 0.81394)
		3 V(720 722 721) M(0) UV(0.57483 0.35561 0.44918 0.39643 0.44272 0.35561)
		3 V(720 723 722) M(0) UV(0.57483 0.35561 0.46795 0.43326 0.44918 0.39643)
		3 V(720 724 723) M(0) UV(0.57483 0.35561 0.49718 0.46249 0.46795 0.43326)
		3 V(720 725 724) M(0) UV(0.57483 0.35561 0.53400 0.48125 0.49718 0.46249)
		3 V(720 726 725) M(0) UV(0.57483 0.35561 0.57483 0.48772 0.53400 0.48125)
		3 V(720 727 726) M(0) UV(0.57483 0.35561 0.61566 0.48125 0.57483 0.48772)
		3 V(720 728 727) M(0) UV(0.57483 0.35561 0.65248 0.46249 0.61566 0.48125)
		3 V(720 729 728) M(0) UV(0.57483 0.35561 0.68171 0.43326 0.65248 0.46249)
		3 V(720 730 729) M(0) UV(0.57483 0.35561 0.70048 0.39643 0.68171 0.43326)
		3 V(720 731 730) M(0) UV(0.57483 0.35561 0.70694 0.35561 0.70048 0.39643)
		3 V(720 732 731) M(0) UV(0.57483 0.35561 0.70048 0.31478 0.70694 0.35561)
		3 V(720 733 732) M(0) UV(0.57483 0.35561 0.68171 0.27795 0.70048 0.31478)
		3 V(720 734 733) M(0) UV(0.57483 0.35561 0.65248 0.24872 0.68171 0.27795)
		3 V(720 735 734) M(0) UV(0.57483 0.35561 0.61566 0.22996 0.65248 0.24872)
		3 V(720 736 735) M(0) UV(0.57483 0.35561 0.57483 0.22349 0.61566 0.22996)
		3 V(720 737 736) M(0) UV(0.57483 0.35561 0.53400 0.22996 0.57483 0.22349)
		3 V(720 738 737) M(0) UV(0.57483 0.35561 0.49718 0.24872 0.53400 0.22996)
		3 V(720 739 738) M(0) UV(0.57483 0.35561 0.46795 0.27795 0.49718 0.24872)
		3 V(720 740 739) M(0) UV(0.57483 0.35561 0.44918 0.31478 0.46795 0.27795)
		3 V(720 721 740) M(0) UV(0.57483 0.35561 0.44272 0.35561 0.44918 0.31478)
		3 V(761 741 742) M(0) UV(0.57483 0.35561 0.44272 0.35561 0.44918 0.39643)
		3 V(761 742 743) M(0) UV(0.57483 0.35561 0.44918 0.39643 0.46795 0.43326)
		3 V(761 743 744) M(0) UV(0.57483 0.35561 0.46795 0.43326 0.49718 0.46249)
		3 V(761 744 745) M(0) UV(0.57483 0.35561 0.49718 0.46249 0.53400 0.48125)
		3 V(761 745 746) M(0) UV(0.57483 0.35561 0.53400 0.48125 0.57483 0.48772)
		3 V(761 746 747) M(0) UV(0.57483 0.35561 0.57483 0.48772 0.61566 0.48125)
		3 V(761 747 748) M(0) UV(0.57483 0.35561 0.61566 0.48125 0.65248 0.46249)
		3 V(761 748 749) M(0) UV(0.57483 0.35561 0.65248 0.46249 0.68171 0.43326)
		3 V(761 749 750) M(0) UV(0.57483 0.35561 0.68171 0.43326 0.70048 0.39643)
		3 V(761 750 751) M(0) UV(0.57483 0.35561 0.70048 0.39643 0.70694 0.35561)
		3 V(761 751 752) M(0) UV(0.57483 0.35561 0.70694 0.35561 0.70048 0.31478)
		3 V(761 752 753) M(0) UV(0.57483 0.35561 0.70048 0.31478 0.68171 0.27795)
		3 V(761 753 754) M(0) UV(0.57483 0.35561 0.68171 0.27795 0.65248 0.24872)
		3 V(761 754 755) M(0) UV(0.57483 0.35561 0.65248 0.24872 0.61566 0.22996)
		3 V(761 755 756) M(0) UV(0.57483 0.35561 0.61566 0.22996 0.57483 0.22349)
		3 V(761 756 757) M(0) UV(0.57483 0.35561 0.57483 0.22349 0.53400 0.22996)
		3 V(761 757 758) M(0) UV(0.57483 0.35561 0.53400 0.22996 0.49718 0.24872)
		3 V(761 758 759) M(0) UV(0.57483 0.35561 0.49718 0.24872 0.46795 0.27795)
		3 V(761 759 760) M(0) UV(0.57483 0.35561 0.46795 0.27795 0.44918 0.31478)
		3 V(761 760 741) M(0) UV(0.57483 0.35561 0.44918 0.31478 0.44272 0.35561)
		4 V(771 772 764 763) M(0) UV(0.80977 0.68871 0.80977 0.69226 0.75318 0.69226 0.75318 0.68871)
		4 V(772 773 765 764) M(0) UV(0.80977 0.69226 0.80977 0.69728 0.75318 0.69728 0.75318 0.69226)
		4 V(773 774 766 765) M(0) UV(0.80977 0.69728 0.80977 0.70083 0.75318 0.70083 0.75318 0.69728)
		4 V(774 775 767 766) M(0) UV(0.80977 0.70083 0.80977 0.70083 0.75318 0.70083 0.75318 0.70083)
		4 V(775 776 768 767) M(0) UV(0.80977 0.70083 0.80977 0.69728 0.75318 0.69728 0.75318 0.70083)
		4 V(776 777 769 768) M(0) UV(0.80977 0.69728 0.80977 0.69226 0.75318 0.69226 0.75318 0.69728)
		4 V(777 778 770 769) M(0) UV(0.80977 0.69226 0.80977 0.68871 0.75318 0.68871 0.75318 0.69226)
		4 V(778 771 763 770) M(0) UV(0.80977 0.68871 0.80977 0.68871 0.75318 0.68871 0.75318 0.68871)
		3 V(763 764 762) M(0) UV(0.75318 0.68871 0.75318 0.69226 0.75318 0.69477)
		3 V(764 765 762) M(0) UV(0.75318 0.69226 0.75318 0.69728 0.75318 0.69477)
		3 V(765 766 762) M(0) UV(0.75318 0.69728 0.75318 0.70083 0.75318 0.69477)
		3 V(766 767 762) M(0) UV(0.75318 0.70083 0.75318 0.70083 0.75318 0.69477)
		3 V(767 768 762) M(0) UV(0.75318 0.70083 0.75318 0.69728 0.75318 0.69477)
		3 V(768 769 762) M(0) UV(0.75318 0.69728 0.75318 0.69226 0.75318 0.69477)
		3 V(769 770 762) M(0) UV(0.75318 0.69226 0.75318 0.68871 0.75318 0.69477)
		3 V(770 763 762) M(0) UV(0.75318 0.68871 0.75318 0.68871 0.75318 0.69477)
		3 V(772 771 779) M(0) UV(0.80977 0.69226 0.80977 0.68871 0.80977 0.69477)
		3 V(773 772 779) M(0) UV(0.80977 0.69728 0.80977 0.69226 0.80977 0.69477)
		3 V(774 773 779) M(0) UV(0.80977 0.70083 0.80977 0.69728 0.80977 0.69477)
		3 V(775 774 779) M(0) UV(0.80977 0.70083 0.80977 0.70083 0.80977 0.69477)
		3 V(776 775 779) M(0) UV(0.80977 0.69728 0.80977 0.70083 0.80977 0.69477)
		3 V(777 776 779) M(0) UV(0.80977 0.69226 0.80977 0.69728 0.80977 0.69477)
		3 V(778 777 779) M(0) UV(0.80977 0.68871 0.80977 0.69226 0.80977 0.69477)
		3 V(771 778 779) M(0) UV(0.80977 0.68871 0.80977 0.68871 0.80977 0.69477)
		4 V(789 790 782 781) M(0) UV(0.89181 0.75411 0.88953 0.75683 0.84618 0.72046 0.84847 0.71774)
		4 V(790 791 783 782) M(0) UV(0.88953 0.75683 0.88630 0.76068 0.84295 0.72431 0.84618 0.72046)
		4 V(791 792 784 783) M(0) UV(0.88630 0.76068 0.88402 0.76340 0.84067 0.72703 0.84295 0.72431)
		4 V(792 793 785 784) M(0) UV(0.88402 0.76340 0.88402 0.76340 0.84067 0.72703 0.84067 0.72703)
		4 V(793 794 786 785) M(0) UV(0.88402 0.76340 0.88630 0.76068 0.84295 0.72431 0.84067 0.72703)
		4 V(794 795 787 786) M(0) UV(0.88630 0.76068 0.88953 0.75683 0.84618 0.72046 0.84295 0.72431)
		4 V(795 796 788 787) M(0) UV(0.88953 0.75683 0.89181 0.75411 0.84847 0.71774 0.84618 0.72046)
		4 V(796 789 781 788) M(0) UV(0.89181 0.75411 0.89181 0.75411 0.84847 0.71774 0.84847 0.71774)
		3 V(781 782 780) M(0) UV(0.84847 0.71774 0.84618 0.72046 0.84457 0.72239)
		3 V(782 783 780) M(0) UV(0.84618 0.72046 0.84295 0.72431 0.84457 0.72239)
		3 V(783 784 780) M(0) UV(0.84295 0.72431 0.84067 0.72703 0.84457 0.72239)
		3 V(784 785 780) M(0) UV(0.84067 0.72703 0.84067 0.72703 0.84457 0.72239)
		3 V(785 786 780) M(0) UV(0.84067 0.72703 0.84295 0.72431 0.84457 0.72239)
		3 V(786 787 780) M(0) UV(0.84295 0.72431 0.84618 0.72046 0.84457 0.72239)
		3 V(787 788 780) M(0) UV(0.84618 0.72046 0.84847 0.71774 0.84457 0.72239)
		3 V(788 781 780) M(0) UV(0.84847 0.71774 0.84847 0.71774 0.84457 0.72239)
		3 V(790 789 797) M(0) UV(0.88953 0.75683 0.89181 0.75411 0.88791 0.75876)
		3 V(791 790 797) M(0) UV(0.88630 0.76068 0.88953 0.75683 0.88791 0.75876)
		3 V(792 791 797) M(0) UV(0.88402 0.76340 0.88630 0.76068 0.88791 0.75876)
		3 V(793 792 797) M(0) UV(0.88402 0.76340 0.88402 0.76340 0.88791 0.75876)
		3 V(794 793 797) M(0) UV(0.88630 0.76068 0.88402 0.76340 0.88791 0.75876)
		3 V(795 794 797) M(0) UV(0.88953 0.75683 0.88630 0.76068 0.88791 0.75876)
		3 V(796 795 797) M(0) UV(0.89181 0.75411 0.88953 0.75683 0.88791 0.75876)
		3 V(789 796 797) M(0) UV(0.89181 0.75411 0.89181 0.75411 0.88791 0.75876)
		4 V(807 808 800 799) M(0) UV(0.91262 0.85695 0.90912 0.85757 0.89930 0.80185 0.90279 0.80123)
		4 V(808 809 801 800) M(0) UV(0.90912 0.85757 0.90418 0.85844 0.89435 0.80272 0.89930 0.80185)
		4 V(809 810 802 801) M(0) UV(0.90418 0.85844 0.90068 0.85906 0.89085 0.80333 0.89435 0.80272)
		4 V(810 811 803 802) M(0) UV(0.90068 0.85906 0.90068 0.85906 0.89085 0.80333 0.89085 0.80333)
		4 V(811 812 804 803) M(0) UV(0.90068 0.85906 0.90418 0.85844 0.89435 0.80272 0.89085 0.80333)
		4 V(812 813 805 804) M(0) UV(0.90418 0.85844 0.90912 0.85757 0.89930 0.80185 0.89435 0.80272)
		4 V(813 814 806 805) M(0) UV(0.90912 0.85757 0.91262 0.85695 0.90279 0.80123 0.89930 0.80185)
		4 V(814 807 799 806) M(0) UV(0.91262 0.85695 0.91262 0.85695 0.90279 0.80123 0.90279 0.80123)
		3 V(799 800 798) M(0) UV(0.90279 0.80123 0.89930 0.80185 0.89682 0.80228)
		3 V(800 801 798) M(0) UV(0.89930 0.80185 0.89435 0.80272 0.89682 0.80228)
		3 V(801 802 798) M(0) UV(0.89435 0.80272 0.89085 0.80333 0.89682 0.80228)
		3 V(802 803 798) M(0) UV(0.89085 0.80333 0.89085 0.80333 0.89682 0.80228)
		3 V(803 804 798) M(0) UV(0.89085 0.80333 0.89435 0.80272 0.89682 0.80228)
		3 V(804 805 798) M(0) UV(0.89435 0.80272 0.89930 0.80185 0.89682 0.80228)
		3 V(805 806 798) M(0) UV(0.89930 0.80185 0.90279 0.80123 0.89682 0.80228)
		3 V(806 799 798) M(0) UV(0.90279 0.80123 0.90279 0.80123 0.89682 0.80228)
		3 V(808 807 815) M(0) UV(0.90912 0.85757 0.91262 0.85695 0.90665 0.85800)
		3 V(809 808 815) M(0) UV(0.90418 0.85844 0.90912 0.85757 0.90665 0.85800)
		3 V(810 809 815) M(0) UV(0.90068 0.85906 0.90418 0.85844 0.90665 0.85800)
		3 V(811 810 815) M(0) UV(0.90068 0.85906 0.90068 0.85906 0.90665 0.85800)
		3 V(812 811 815) M(0) UV(0.90418 0.85844 0.90068 0.85906 0.90665 0.85800)
		3 V(813 812 815) M(0) UV(0.90912 0.85757 0.90418 0.85844 0.90665 0.85800)
		3 V(814 813 815) M(0) UV(0.91262 0.85695 0.90912 0.85757 0.90665 0.85800)
		3 V(807 814 815) M(0) UV(0.91262 0.85695 0.91262 0.85695 0.90665 0.85800)
		4 V(825 826 818 817) M(0) UV(0.86246 0.94911 0.85938 0.94733 0.88767 0.89833 0.89075 0.90011)
		4 V(826 827 819 818) M(0) UV(0.85938 0.94733 0.85503 0.94482 0.88332 0.89582 0.88767 0.89833)
		4 V(827 828 820 819) M(0) UV(0.85503 0.94482 0.85196 0.94305 0.88025 0.89404 0.88332 0.89582)
		4 V(828 829 821 820) M(0) UV(0.85196 0.94305 0.85196 0.94305 0.88025 0.89404 0.88025 0.89404)
		4 V(829 830 822 821) M(0) UV(0.85196 0.94305 0.85503 0.94482 0.88332 0.89582 0.88025 0.89404)
		4 V(830 831 823 822) M(0) UV(0.85503 0.94482 0.85938 0.94733 0.88767 0.89833 0.88332 0.89582)
		4 V(831 832 824 823) M(0) UV(0.85938 0.94733 0.86246 0.94911 0.89075 0.90011 0.88767 0.89833)
		4 V(832 825 817 824) M(0) UV(0.86246 0.94911 0.86246 0.94911 0.89075 0.90011 0.89075 0.90011)
		3 V(817 818 816) M(0) UV(0.89075 0.90011 0.88767 0.89833 0.88550 0.89707)
		3 V(818 819 816) M(0) UV(0.88767 0.89833 0.88332 0.89582 0.88550 0.89707)
		3 V(819 820 816) M(0) UV(0.88332 0.89582 0.88025 0.89404 0.88550 0.89707)
		3 V(820 821 816) M(0) UV(0.88025 0.89404 0.88025 0.89404 0.88550 0.89707)
		3 V(821 822 816) M(0) UV(0.88025 0.89404 0.88332 0.89582 0.88550 0.89707)
		3 V(822 823 816) M(0) UV(0.88332 0.89582 0.88767 0.89833 0.88550 0.89707)
		3 V(823 824 816) M(0) UV(0.88767 0.89833 0.89075 0.90011 0.88550 0.89707)
		3 V(824 817 816) M(0) UV(0.89075 0.90011 0.89075 0.90011 0.88550 0.89707)
		3 V(826 825 833) M(0) UV(0.85938 0.94733 0.86246 0.94911 0.85721 0.94608)
		3 V(827 826 833) M(0) UV(0.85503 0.94482 0.85938 0.94733 0.85721 0.94608)
		3 V(828 827 833) M(0) UV(0.85196 0.94305 0.85503 0.94482 0.85721 0.94608)
		3 V(829 828 833) M(0) UV(0.85196 0.94305 0.85196 0.94305 0.85721 0.94608)
		3 V(830 829 833) M(0) UV(0.85503 0.94482 0.85196 0.94305 0.85721 0.94608)
		3 V(831 830 833) M(0) UV(0.85938 0.94733 0.85503 0.94482 0.85721 0.94608)
		3 V(832 831 833) M(0) UV(0.86246 0.94911 0.85938 0.94733 0.85721 0.94608)
		3 V(825 832 833) M(0) UV(0.86246 0.94911 0.86246 0.94911 0.85721 0.94608)
		4 V(843 844 836 835) M(0) UV(0.76479 0.98746 0.76358 0.98412 0.81675 0.96477 0.81796 0.96811)
		4 V(844 845 837 836) M(0) UV(0.76358 0.98412 0.76186 0.97940 0.81503 0.96005 0.81675 0.96477)
		4 V(845 846 838 837) M(0) UV(0.76186 0.97940 0.76065 0.97607 0.81382 0.95671 0.81503 0.96005)
		4 V(846 847 839 838) M(0) UV(0.76065 0.97607 0.76065 0.97607 0.81382 0.95671 0.81382 0.95671)
		4 V(847 848 840 839) M(0) UV(0.76065 0.97607 0.76186 0.97940 0.81503 0.96005 0.81382 0.95671)
		4 V(848 849 841 840) M(0) UV(0.76186 0.97940 0.76358 0.98412 0.81675 0.96477 0.81503 0.96005)
		4 V(849 850 842 841) M(0) UV(0.76358 0.98412 0.76479 0.98746 0.81796 0.96811 0.81675 0.96477)
		4 V(850 843 835 842) M(0) UV(0.76479 0.98746 0.76479 0.98746 0.81796 0.96811 0.81796 0.96811)
		3 V(835 836 834) M(0) UV(0.81796 0.96811 0.81675 0.96477 0.81589 0.96241)
		3 V(836 837 834) M(0) UV(0.81675 0.96477 0.81503 0.96005 0.81589 0.96241)
		3 V(837 838 834) M(0) UV(0.81503 0.96005 0.81382 0.95671 0.81589 0.96241)
		3 V(838 839 834) M(0) UV(0.81382 0.95671 0.81382 0.95671 0.81589 0.96241)
		3 V(839 840 834) M(0) UV(0.81382 0.95671 0.81503 0.96005 0.81589 0.96241)
		3 V(840 841 834) M(0) UV(0.81503 0.96005 0.81675 0.96477 0.81589 0.96241)
		3 V(841 842 834) M(0) UV(0.81675 0.96477 0.81796 0.96811 0.81589 0.96241)
		3 V(842 835 834) M(0) UV(0.81796 0.96811 0.81796 0.96811 0.81589 0.96241)
		3 V(844 843 851) M(0) UV(0.76358 0.98412 0.76479 0.98746 0.76272 0.98176)
		3 V(845 844 851) M(0) UV(0.76186 0.97940 0.76358 0.98412 0.76272 0.98176)
		3 V(846 845 851) M(0) UV(0.76065 0.97607 0.76186 0.97940 0.76272 0.98176)
		3 V(847 846 851) M(0) UV(0.76065 0.97607 0.76065 0.97607 0.76272 0.98176)
		3 V(848 847 851) M(0) UV(0.76186 0.97940 0.76065 0.97607 0.76272 0.98176)
		3 V(849 848 851) M(0) UV(0.76358 0.98412 0.76186 0.97940 0.76272 0.98176)
		3 V(850 849 851) M(0) UV(0.76479 0.98746 0.76358 0.98412 0.76272 0.98176)
		3 V(843 850 851) M(0) UV(0.76479 0.98746 0.76479 0.98746 0.76272 0.98176)
		4 V(861 862 854 853) M(0) UV(0.66533 0.95406 0.66654 0.95072 0.71971 0.97007 0.71850 0.97341)
		4 V(862 863 855 854) M(0) UV(0.66654 0.95072 0.66826 0.94600 0.72143 0.96536 0.71971 0.97007)
		4 V(863 864 856 855) M(0) UV(0.66826 0.94600 0.66947 0.94267 0.72264 0.96202 0.72143 0.96536)
		4 V(864 865 857 856) M(0) UV(0.66947 0.94267 0.66947 0.94267 0.72264 0.96202 0.72264 0.96202)
		4 V(865 866 858 857) M(0) UV(0.66947 0.94267 0.66826 0.94600 0.72143 0.96536 0.72264 0.96202)
		4 V(866 867 859 858) M(0) UV(0.66826 0.94600 0.66654 0.95072 0.71971 0.97007 0.72143 0.96536)
		4 V(867 868 860 859) M(0) UV(0.66654 0.95072 0.66533 0.95406 0.71850 0.97341 0.71971 0.97007)
		4 V(868 861 853 860) M(0) UV(0.66533 0.95406 0.66533 0.95406 0.71850 0.97341 0.71850 0.97341)
		3 V(853 854 852) M(0) UV(0.71850 0.97341 0.71971 0.97007 0.72057 0.96772)
		3 V(854 855 852) M(0) UV(0.71971 0.97007 0.72143 0.96536 0.72057 0.96772)
		3 V(855 856 852) M(0) UV(0.72143 0.96536 0.72264 0.96202 0.72057 0.96772)
		3 V(856 857 852) M(0) UV(0.72264 0.96202 0.72264 0.96202 0.72057 0.96772)
		3 V(857 858 852) M(0) UV(0.72264 0.96202 0.72143 0.96536 0.72057 0.96772)
		3 V(858 859 852) M(0) UV(0.72143 0.96536 0.71971 0.97007 0.72057 0.96772)
		3 V(859 860 852) M(0) UV(0.71971 0.97007 0.71850 0.97341 0.72057 0.96772)
		3 V(860 853 852) M(0) UV(0.71850 0.97341 0.71850 0.97341 0.72057 0.96772)
		3 V(862 861 869) M(0) UV(0.66654 0.95072 0.66533 0.95406 0.66740 0.94836)
		3 V(863 862 869) M(0) UV(0.66826 0.94600 0.66654 0.95072 0.66740 0.94836)
		3 V(864 863 869) M(0) UV(0.66947 0.94267 0.66826 0.94600 0.66740 0.94836)
		3 V(865 864 869) M(0) UV(0.66947 0.94267 0.66947 0.94267 0.66740 0.94836)
		3 V(866 865 869) M(0) UV(0.66826 0.94600 0.66947 0.94267 0.66740 0.94836)
		3 V(867 866 869) M(0) UV(0.66654 0.95072 0.66826 0.94600 0.66740 0.94836)
		3 V(868 867 869) M(0) UV(0.66533 0.95406 0.66654 0.95072 0.66740 0.94836)
		3 V(861 868 869) M(0) UV(0.66533 0.95406 0.66533 0.95406 0.66740 0.94836)
		4 V(879 880 872 871) M(0) UV(0.61060 0.86454 0.61367 0.86276 0.64197 0.91176 0.63889 0.91354)
		4 V(880 881 873 872) M(0) UV(0.61367 0.86276 0.61802 0.86025 0.64631 0.90925 0.64197 0.91176)
		4 V(881 882 874 873) M(0) UV(0.61802 0.86025 0.62110 0.85848 0.64939 0.90748 0.64631 0.90925)
		4 V(882 883 875 874) M(0) UV(0.62110 0.85848 0.62110 0.85848 0.64939 0.90748 0.64939 0.90748)
		4 V(883 884 876 875) M(0) UV(0.62110 0.85848 0.61802 0.86025 0.64631 0.90925 0.64939 0.90748)
		4 V(884 885 877 876) M(0) UV(0.61802 0.86025 0.61367 0.86276 0.64197 0.91176 0.64631 0.90925)
		4 V(885 886 878 877) M(0) UV(0.61367 0.86276 0.61060 0.86454 0.63889 0.91354 0.64197 0.91176)
		4 V(886 879 871 878) M(0) UV(0.61060 0.86454 0.61060 0.86454 0.63889 0.91354 0.63889 0.91354)
		3 V(871 872 870) M(0) UV(0.63889 0.91354 0.64197 0.91176 0.64414 0.91051)
		3 V(872 873 870) M(0) UV(0.64197 0.91176 0.64631 0.90925 0.64414 0.91051)
		3 V(873 874 870) M(0) UV(0.64631 0.90925 0.64939 0.90748 0.64414 0.91051)
		3 V(874 875 870) M(0) UV(0.64939 0.90748 0.64939 0.90748 0.64414 0.91051)
		3 V(875 876 870) M(0) UV(0.64939 0.90748 0.64631 0.90925 0.64414 0.91051)
		3 V(876 877 870) M(0) UV(0.64631 0.90925 0.64197 0.91176 0.64414 0.91051)
		3 V(877 878 870) M(0) UV(0.64197 0.91176 0.63889 0.91354 0.64414 0.91051)
		3 V(878 871 870) M(0) UV(0.63889 0.91354 0.63889 0.91354 0.64414 0.91051)
		3 V(880 879 887) M(0) UV(0.61367 0.86276 0.61060 0.86454 0.61585 0.86151)
		3 V(881 880 887) M(0) UV(0.61802 0.86025 0.61367 0.86276 0.61585 0.86151)
		3 V(882 881 887) M(0) UV(0.62110 0.85848 0.61802 0.86025 0.61585 0.86151)
		3 V(883 882 887) M(0) UV(0.62110 0.85848 0.62110 0.85848 0.61585 0.86151)
		3 V(884 883 887) M(0) UV(0.61802 0.86025 0.62110 0.85848 0.61585 0.86151)
		3 V(885 884 887) M(0) UV(0.61367 0.86276 0.61802 0.86025 0.61585 0.86151)
		3 V(886 885 887) M(0) UV(0.61060 0.86454 0.61367 0.86276 0.61585 0.86151)
		3 V(879 886 887) M(0) UV(0.61060 0.86454 0.61060 0.86454 0.61585 0.86151)
		4 V(897 898 890 889) M(0) UV(0.62622 0.76078 0.62972 0.76140 0.61989 0.81712 0.61639 0.81651)
		4 V(898 899 891 890) M(0) UV(0.62972 0.76140 0.63466 0.76227 0.62484 0.81800 0.61989 0.81712)
		4 V(899 900 892 891) M(0) UV(0.63466 0.76227 0.63816 0.76289 0.62833 0.81861 0.62484 0.81800)
		4 V(900 901 893 892) M(0) UV(0.63816 0.76289 0.63816 0.76289 0.62833 0.81861 0.62833 0.81861)
		4 V(901 902 894 893) M(0) UV(0.63816 0.76289 0.63466 0.76227 0.62484 0.81800 0.62833 0.81861)
		4 V(902 903 895 894) M(0) UV(0.63466 0.76227 0.62972 0.76140 0.61989 0.81712 0.62484 0.81800)
		4 V(903 904 896 895) M(0) UV(0.62972 0.76140 0.62622 0.76078 0.61639 0.81651 0.61989 0.81712)
		4 V(904 897 889 896) M(0) UV(0.62622 0.76078 0.62622 0.76078 0.61639 0.81651 0.61639 0.81651)
		3 V(889 890 888) M(0) UV(0.61639 0.81651 0.61989 0.81712 0.62236 0.81756)
		3 V(890 891 888) M(0) UV(0.61989 0.81712 0.62484 0.81800 0.62236 0.81756)
		3 V(891 892 888) M(0) UV(0.62484 0.81800 0.62833 0.81861 0.62236 0.81756)
		3 V(892 893 888) M(0) UV(0.62833 0.81861 0.62833 0.81861 0.62236 0.81756)
		3 V(893 894 888) M(0) UV(0.62833 0.81861 0.62484 0.81800 0.62236 0.81756)
		3 V(894 895 888) M(0) UV(0.62484 0.81800 0.61989 0.81712 0.62236 0.81756)
		3 V(895 896 888) M(0) UV(0.61989 0.81712 0.61639 0.81651 0.62236 0.81756)
		3 V(896 889 888) M(0) UV(0.61639 0.81651 0.61639 0.81651 0.62236 0.81756)
		3 V(898 897 905) M(0) UV(0.62972 0.76140 0.62622 0.76078 0.63219 0.76184)
		3 V(899 898 905) M(0) UV(0.63466 0.76227 0.62972 0.76140 0.63219 0.76184)
		3 V(900 899 905) M(0) UV(0.63816 0.76289 0.63466 0.76227 0.63219 0.76184)
		3 V(901 900 905) M(0) UV(0.63816 0.76289 0.63816 0.76289 0.63219 0.76184)
		3 V(902 901 905) M(0) UV(0.63466 0.76227 0.63816 0.76289 0.63219 0.76184)
		3 V(903 902 905) M(0) UV(0.62972 0.76140 0.63466 0.76227 0.63219 0.76184)
		3 V(904 903 905) M(0) UV(0.62622 0.76078 0.62972 0.76140 0.63219 0.76184)
		3 V(897 904 905) M(0) UV(0.62622 0.76078 0.62622 0.76078 0.63219 0.76184)
		4 V(915 916 908 907) M(0) UV(0.70488 0.69134 0.70716 0.69406 0.66381 0.73043 0.66153 0.72771)
		4 V(916 917 909 908) M(0) UV(0.70716 0.69406 0.71039 0.69791 0.66704 0.73428 0.66381 0.73043)
		4 V(917 918 910 909) M(0) UV(0.71039 0.69791 0.71267 0.70063 0.66932 0.73700 0.66704 0.73428)
		4 V(918 919 911 910) M(0) UV(0.71267 0.70063 0.71267 0.70063 0.66932 0.73700 0.66932 0.73700)
		4 V(919 920 912 911) M(0) UV(0.71267 0.70063 0.71039 0.69791 0.66704 0.73428 0.66932 0.73700)
		4 V(920 921 913 912) M(0) UV(0.71039 0.69791 0.70716 0.69406 0.66381 0.73043 0.66704 0.73428)
		4 V(921 922 914 913) M(0) UV(0.70716 0.69406 0.70488 0.69134 0.66153 0.72771 0.66381 0.73043)
		4 V(922 915 907 914) M(0) UV(0.70488 0.69134 0.70488 0.69134 0.66153 0.72771 0.66153 0.72771)
		3 V(907 908 906) M(0) UV(0.66153 0.72771 0.66381 0.73043 0.66543 0.73236)
		3 V(908 909 906) M(0) UV(0.66381 0.73043 0.66704 0.73428 0.66543 0.73236)
		3 V(909 910 906) M(0) UV(0.66704 0.73428 0.66932 0.73700 0.66543 0.73236)
		3 V(910 911 906) M(0) UV(0.66932 0.73700 0.66932 0.73700 0.66543 0.73236)
		3 V(911 912 906) M(0) UV(0.66932 0.73700 0.66704 0.73428 0.66543 0.73236)
		3 V(912 913 906) M(0) UV(0.66704 0.73428 0.66381 0.73043 0.66543 0.73236)
		3 V(913 914 906) M(0) UV(0.66381 0.73043 0.66153 0.72771 0.66543 0.73236)
		3 V(914 907 906) M(0) UV(0.66153 0.72771 0.66153 0.72771 0.66543 0.73236)
		3 V(916 915 923) M(0) UV(0.70716 0.69406 0.70488 0.69134 0.70877 0.69599)
		3 V(917 916 923) M(0) UV(0.71039 0.69791 0.70716 0.69406 0.70877 0.69599)
		3 V(918 917 923) M(0) UV(0.71267 0.70063 0.71039 0.69791 0.70877 0.69599)
		3 V(919 918 923) M(0) UV(0.71267 0.70063 0.71267 0.70063 0.70877 0.69599)
		3 V(920 919 923) M(0) UV(0.71039 0.69791 0.71267 0.70063 0.70877 0.69599)
		3 V(921 920 923) M(0) UV(0.70716 0.69406 0.71039 0.69791 0.70877 0.69599)
		3 V(922 921 923) M(0) UV(0.70488 0.69134 0.70716 0.69406 0.70877 0.69599)
		3 V(915 922 923) M(0) UV(0.70488 0.69134 0.70488 0.69134 0.70877 0.69599)
		4 V(925 926 934 933) M(0) UV(0.75318 0.68871 0.75318 0.69226 0.80977 0.69226 0.80977 0.68871)
		4 V(926 927 935 934) M(0) UV(0.75318 0.69226 0.75318 0.69728 0.80977 0.69728 0.80977 0.69226)
		4 V(927 928 936 935) M(0) UV(0.75318 0.69728 0.75318 0.70083 0.80977 0.70083 0.80977 0.69728)
		4 V(928 929 937 936) M(0) UV(0.75318 0.70083 0.75318 0.70083 0.80977 0.70083 0.80977 0.70083)
		4 V(929 930 938 937) M(0) UV(0.75318 0.70083 0.75318 0.69728 0.80977 0.69728 0.80977 0.70083)
		4 V(930 931 939 938) M(0) UV(0.75318 0.69728 0.75318 0.69226 0.80977 0.69226 0.80977 0.69728)
		4 V(931 932 940 939) M(0) UV(0.75318 0.69226 0.75318 0.68871 0.80977 0.68871 0.80977 0.69226)
		4 V(932 925 933 940) M(0) UV(0.75318 0.68871 0.75318 0.68871 0.80977 0.68871 0.80977 0.68871)
		3 V(924 926 925) M(0) UV(0.75318 0.69477 0.75318 0.69226 0.75318 0.68871)
		3 V(924 927 926) M(0) UV(0.75318 0.69477 0.75318 0.69728 0.75318 0.69226)
		3 V(924 928 927) M(0) UV(0.75318 0.69477 0.75318 0.70083 0.75318 0.69728)
		3 V(924 929 928) M(0) UV(0.75318 0.69477 0.75318 0.70083 0.75318 0.70083)
		3 V(924 930 929) M(0) UV(0.75318 0.69477 0.75318 0.69728 0.75318 0.70083)
		3 V(924 931 930) M(0) UV(0.75318 0.69477 0.75318 0.69226 0.75318 0.69728)
		3 V(924 932 931) M(0) UV(0.75318 0.69477 0.75318 0.68871 0.75318 0.69226)
		3 V(924 925 932) M(0) UV(0.75318 0.69477 0.75318 0.68871 0.75318 0.68871)
		3 V(941 933 934) M(0) UV(0.80977 0.69477 0.80977 0.68871 0.80977 0.69226)
		3 V(941 934 935) M(0) UV(0.80977 0.69477 0.80977 0.69226 0.80977 0.69728)
		3 V(941 935 936) M(0) UV(0.80977 0.69477 0.80977 0.69728 0.80977 0.70083)
		3 V(941 936 937) M(0) UV(0.80977 0.69477 0.80977 0.70083 0.80977 0.70083)
		3 V(941 937 938) M(0) UV(0.80977 0.69477 0.80977 0.70083 0.80977 0.69728)
		3 V(941 938 939) M(0) UV(0.80977 0.69477 0.80977 0.69728 0.80977 0.69226)
		3 V(941 939 940) M(0) UV(0.80977 0.69477 0.80977 0.69226 0.80977 0.68871)
		3 V(941 940 933) M(0) UV(0.80977 0.69477 0.80977 0.68871 0.80977 0.68871)
		4 V(943 944 952 951) M(0) UV(0.84847 0.71774 0.84618 0.72046 0.88953 0.75683 0.89181 0.75411)
		4 V(944 945 953 952) M(0) UV(0.84618 0.72046 0.84295 0.72431 0.88630 0.76068 0.88953 0.75683)
		4 V(945 946 954 953) M(0) UV(0.84295 0.72431 0.84067 0.72703 0.88402 0.76340 0.88630 0.76068)
		4 V(946 947 955 954) M(0) UV(0.84067 0.72703 0.84067 0.72703 0.88402 0.76340 0.88402 0.76340)
		4 V(947 948 956 955) M(0) UV(0.84067 0.72703 0.84295 0.72431 0.88630 0.76068 0.88402 0.76340)
		4 V(948 949 957 956) M(0) UV(0.84295 0.72431 0.84618 0.72046 0.88953 0.75683 0.88630 0.76068)
		4 V(949 950 958 957) M(0) UV(0.84618 0.72046 0.84847 0.71774 0.89181 0.75411 0.88953 0.75683)
		4 V(950 943 951 958) M(0) UV(0.84847 0.71774 0.84847 0.71774 0.89181 0.75411 0.89181 0.75411)
		3 V(942 944 943) M(0) UV(0.84457 0.72239 0.84618 0.72046 0.84847 0.71774)
		3 V(942 945 944) M(0) UV(0.84457 0.72239 0.84295 0.72431 0.84618 0.72046)
		3 V(942 946 945) M(0) UV(0.84457 0.72239 0.84067 0.72703 0.84295 0.72431)
		3 V(942 947 946) M(0) UV(0.84457 0.72239 0.84067 0.72703 0.84067 0.72703)
		3 V(942 948 947) M(0) UV(0.84457 0.72239 0.84295 0.72431 0.84067 0.72703)
		3 V(942 949 948) M(0) UV(0.84457 0.72239 0.84618 0.72046 0.84295 0.72431)
		3 V(942 950 949) M(0) UV(0.84457 0.72239 0.84847 0.71774 0.84618 0.72046)
		3 V(942 943 950) M(0) UV(0.84457 0.72239 0.84847 0.71774 0.84847 0.71774)
		3 V(959 951 952) M(0) UV(0.88791 0.75876 0.89181 0.75411 0.88953 0.75683)
		3 V(959 952 953) M(0) UV(0.88791 0.75876 0.88953 0.75683 0.88630 0.76068)
		3 V(959 953 954) M(0) UV(0.88791 0.75876 0.88630 0.76068 0.88402 0.76340)
		3 V(959 954 955) M(0) UV(0.88791 0.75876 0.88402 0.76340 0.88402 0.76340)
		3 V(959 955 956) M(0) UV(0.88791 0.75876 0.88402 0.76340 0.88630 0.76068)
		3 V(959 956 957) M(0) UV(0.88791 0.75876 0.88630 0.76068 0.88953 0.75683)
		3 V(959 957 958) M(0) UV(0.88791 0.75876 0.88953 0.75683 0.89181 0.75411)
		3 V(959 958 951) M(0) UV(0.88791 0.75876 0.89181 0.75411 0.89181 0.75411)
		4 V(961 962 970 969) M(0) UV(0.90279 0.80123 0.89930 0.80185 0.90912 0.85757 0.91262 0.85695)
		4 V(962 963 971 970) M(0) UV(0.89930 0.80185 0.89435 0.80272 0.90418 0.85844 0.90912 0.85757)
		4 V(963 964 972 971) M(0) UV(0.89435 0.80272 0.89085 0.80333 0.90068 0.85906 0.90418 0.85844)
		4 V(964 965 973 972) M(0) UV(0.89085 0.80333 0.89085 0.80333 0.90068 0.85906 0.90068 0.85906)
		4 V(965 966 974 973) M(0) UV(0.89085 0.80333 0.89435 0.80272 0.90418 0.85844 0.90068 0.85906)
		4 V(966 967 975 974) M(0) UV(0.89435 0.80272 0.89930 0.80185 0.90912 0.85757 0.90418 0.85844)
		4 V(967 968 976 975) M(0) UV(0.89930 0.80185 0.90279 0.80123 0.91262 0.85695 0.90912 0.85757)
		4 V(968 961 969 976) M(0) UV(0.90279 0.80123 0.90279 0.80123 0.91262 0.85695 0.91262 0.85695)
		3 V(960 962 961) M(0) UV(0.89682 0.80228 0.89930 0.80185 0.90279 0.80123)
		3 V(960 963 962) M(0) UV(0.89682 0.80228 0.89435 0.80272 0.89930 0.80185)
		3 V(960 964 963) M(0) UV(0.89682 0.80228 0.89085 0.80333 0.89435 0.80272)
		3 V(960 965 964) M(0) UV(0.89682 0.80228 0.89085 0.80333 0.89085 0.80333)
		3 V(960 966 965) M(0) UV(0.89682 0.80228 0.89435 0.80272 0.89085 0.80333)
		3 V(960 967 966) M(0) UV(0.89682 0.80228 0.89930 0.80185 0.89435 0.80272)
		3 V(960 968 967) M(0) UV(0.89682 0.80228 0.90279 0.80123 0.89930 0.80185)
		3 V(960 961 968) M(0) UV(0.89682 0.80228 0.90279 0.80123 0.90279 0.80123)
		3 V(977 969 970) M(0) UV(0.90665 0.85800 0.91262 0.85695 0.90912 0.85757)
		3 V(977 970 971) M(0) UV(0.90665 0.85800 0.90912 0.85757 0.90418 0.85844)
		3 V(977 971 972) M(0) UV(0.90665 0.85800 0.90418 0.85844 0.90068 0.85906)
		3 V(977 972 973) M(0) UV(0.90665 0.85800 0.90068 0.85906 0.90068 0.85906)
		3 V(977 973 974) M(0) UV(0.90665 0.85800 0.90068 0.85906 0.90418 0.85844)
		3 V(977 974 975) M(0) UV(0.90665 0.85800 0.90418 0.85844 0.90912 0.85757)
		3 V(977 975 976) M(0) UV(0.90665 0.85800 0.90912 0.85757 0.91262 0.85695)
		3 V(977 976 969) M(0) UV(0.90665 0.85800 0.91262 0.85695 0.91262 0.85695)
		4 V(979 980 988 987) M(0) UV(0.89075 0.90011 0.88767 0.89833 0.85938 0.94733 0.86246 0.94911)
		4 V(980 981 989 988) M(0) UV(0.88767 0.89833 0.88332 0.89582 0.85503 0.94482 0.85938 0.94733)
		4 V(981 982 990 989) M(0) UV(0.88332 0.89582 0.88025 0.89404 0.85196 0.94305 0.85503 0.94482)
		4 V(982 983 991 990) M(0) UV(0.88025 0.89404 0.88025 0.89404 0.85196 0.94305 0.85196 0.94305)
		4 V(983 984 992 991) M(0) UV(0.88025 0.89404 0.88332 0.89582 0.85503 0.94482 0.85196 0.94305)
		4 V(984 985 993 992) M(0) UV(0.88332 0.89582 0.88767 0.89833 0.85938 0.94733 0.85503 0.94482)
		4 V(985 986 994 993) M(0) UV(0.88767 0.89833 0.89075 0.90011 0.86246 0.94911 0.85938 0.94733)
		4 V(986 979 987 994) M(0) UV(0.89075 0.90011 0.89075 0.90011 0.86246 0.94911 0.86246 0.94911)
		3 V(978 980 979) M(0) UV(0.88550 0.89707 0.88767 0.89833 0.89075 0.90011)
		3 V(978 981 980) M(0) UV(0.88550 0.89707 0.88332 0.89582 0.88767 0.89833)
		3 V(978 982 981) M(0) UV(0.88550 0.89707 0.88025 0.89404 0.88332 0.89582)
		3 V(978 983 982) M(0) UV(0.88550 0.89707 0.88025 0.89404 0.88025 0.89404)
		3 V(978 984 983) M(0) UV(0.88550 0.89707 0.88332 0.89582 0.88025 0.89404)
		3 V(978 985 984) M(0) UV(0.88550 0.89707 0.88767 0.89833 0.88332 0.89582)
		3 V(978 986 985) M(0) UV(0.88550 0.89707 0.89075 0.90011 0.88767 0.89833)
		3 V(978 979 986) M(0) UV(0.88550 0.89707 0.89075 0.90011 0.89075 0.90011)
		3 V(995 987 988) M(0) UV(0.85721 0.94608 0.86246 0.94911 0.85938 0.94733)
		3 V(995 988 989) M(0) UV(0.85721 0.94608 0.85938 0.94733 0.85503 0.94482)
		3 V(995 989 990) M(0) UV(0.85721 0.94608 0.85503 0.94482 0.85196 0.94305)
		3 V(995 990 991) M(0) UV(0.85721 0.94608 0.85196 0.94305 0.85196 0.94305)
		3 V(995 991 992) M(0) UV(0.85721 0.94608 0.85196 0.94305 0.85503 0.94482)
		3 V(995 992 993) M(0) UV(0.85721 0.94608 0.85503 0.94482 0.85938 0.94733)
		3 V(995 993 994) M(0) UV(0.85721 0.94608 0.85938 0.94733 0.86246 0.94911)
		3 V(995 994 987) M(0) UV(0.85721 0.94608 0.86246 0.94911 0.86246 0.94911)
		4 V(997 998 1006 1005) M(0) UV(0.81796 0.96811 0.81675 0.96477 0.76358 0.98412 0.76479 0.98746)
		4 V(998 999 1007 1006) M(0) UV(0.81675 0.96477 0.81503 0.96005 0.76186 0.97940 0.76358 0.98412)
		4 V(999 1000 1008 1007) M(0) UV(0.81503 0.96005 0.81382 0.95671 0.76065 0.97607 0.76186 0.97940)
		4 V(1000 1001 1009 1008) M(0) UV(0.81382 0.95671 0.81382 0.95671 0.76065 0.97607 0.76065 0.97607)
		4 V(1001 1002 1010 1009) M(0) UV(0.81382 0.95671 0.81503 0.96005 0.76186 0.97940 0.76065 0.97607)
		4 V(1002 1003 1011 1010) M(0) UV(0.81503 0.96005 0.81675 0.96477 0.76358 0.98412 0.76186 0.97940)
		4 V(1003 1004 1012 1011) M(0) UV(0.81675 0.96477 0.81796 0.96811 0.76479 0.98746 0.76358 0.98412)
		4 V(1004 997 1005 1012) M(0) UV(0.81796 0.96811 0.81796 0.96811 0.76479 0.98746 0.76479 0.98746)
		3 V(996 998 997) M(0) UV(0.81589 0.96241 0.81675 0.96477 0.81796 0.96811)
		3 V(996 999 998) M(0) UV(0.81589 0.96241 0.81503 0.96005 0.81675 0.96477)
		3 V(996 1000 999) M(0) UV(0.81589 0.96241 0.81382 0.95671 0.81503 0.96005)
		3 V(996 1001 1000) M(0) UV(0.81589 0.96241 0.81382 0.95671 0.81382 0.95671)
		3 V(996 1002 1001) M(0) UV(0.81589 0.96241 0.81503 0.96005 0.81382 0.95671)
		3 V(996 1003 1002) M(0) UV(0.81589 0.96241 0.81675 0.96477 0.81503 0.96005)
		3 V(996 1004 1003) M(0) UV(0.81589 0.96241 0.81796 0.96811 0.81675 0.96477)
		3 V(996 997 1004) M(0) UV(0.81589 0.96241 0.81796 0.96811 0.81796 0.96811)
		3 V(1013 1005 1006) M(0) UV(0.76272 0.98176 0.76479 0.98746 0.76358 0.98412)
		3 V(1013 1006 1007) M(0) UV(0.76272 0.98176 0.76358 0.98412 0.76186 0.97940)
		3 V(1013 1007 1008) M(0) UV(0.76272 0.98176 0.76186 0.97940 0.76065 0.97607)
		3 V(1013 1008 1009) M(0) UV(0.76272 0.98176 0.76065 0.97607 0.76065 0.97607)
		3 V(1013 1009 1010) M(0) UV(0.76272 0.98176 0.76065 0.97607 0.76186 0.97940)
		3 V(1013 1010 1011) M(0) UV(0.76272 0.98176 0.76186 0.97940 0.76358 0.98412)
		3 V(1013 1011 1012) M(0) UV(0.76272 0.98176 0.76358 0.98412 0.76479 0.98746)
		3 V(1013 1012 1005) M(0) UV(0.76272 0.98176 0.76479 0.98746 0.76479 0.98746)
		4 V(1015 1016 1024 1023) M(0) UV(0.71850 0.97341 0.71971 0.97007 0.66654 0.95072 0.66533 0.95406)
		4 V(1016 1017 1025 1024) M(0) UV(0.71971 0.97007 0.72143 0.96536 0.66826 0.94600 0.66654 0.95072)
		4 V(1017 1018 1026 1025) M(0) UV(0.72143 0.96536 0.72264 0.96202 0.66947 0.94267 0.66826 0.94600)
		4 V(1018 1019 1027 1026) M(0) UV(0.72264 0.96202 0.72264 0.96202 0.66947 0.94267 0.66947 0.94267)
		4 V(1019 1020 1028 1027) M(0) UV(0.72264 0.96202 0.72143 0.96536 0.66826 0.94600 0.66947 0.94267)
		4 V(1020 1021 1029 1028) M(0) UV(0.72143 0.96536 0.71971 0.97007 0.66654 0.95072 0.66826 0.94600)
		4 V(1021 1022 1030 1029) M(0) UV(0.71971 0.97007 0.71850 0.97341 0.66533 0.95406 0.66654 0.95072)
		4 V(1022 1015 1023 1030) M(0) UV(0.71850 0.97341 0.71850 0.97341 0.66533 0.95406 0.66533 0.95406)
		3 V(1014 1016 1015) M(0) UV(0.72057 0.96772 0.71971 0.97007 0.71850 0.97341)
		3 V(1014 1017 1016) M(0) UV(0.72057 0.96772 0.72143 0.96536 0.71971 0.97007)
		3 V(1014 1018 1017) M(0) UV(0.72057 0.96772 0.72264 0.96202 0.72143 0.96536)
		3 V(1014 1019 1018) M(0) UV(0.72057 0.96772 0.72264 0.96202 0.72264 0.96202)
		3 V(1014 1020 1019) M(0) UV(0.72057 0.96772 0.72143 0.96536 0.72264 0.96202)
		3 V(1014 1021 1020) M(0) UV(0.72057 0.96772 0.71971 0.97007 0.72143 0.96536)
		3 V(1014 1022 1021) M(0) UV(0.72057 0.96772 0.71850 0.97341 0.71971 0.97007)
		3 V(1014 1015 1022) M(0) UV(0.72057 0.96772 0.71850 0.97341 0.71850 0.97341)
		3 V(1031 1023 1024) M(0) UV(0.66740 0.94836 0.66533 0.95406 0.66654 0.95072)
		3 V(1031 1024 1025) M(0) UV(0.66740 0.94836 0.66654 0.95072 0.66826 0.94600)
		3 V(1031 1025 1026) M(0) UV(0.66740 0.94836 0.66826 0.94600 0.66947 0.94267)
		3 V(1031 1026 1027) M(0) UV(0.66740 0.94836 0.66947 0.94267 0.66947 0.94267)
		3 V(1031 1027 1028) M(0) UV(0.66740 0.94836 0.66947 0.94267 0.66826 0.94600)
		3 V(1031 1028 1029) M(0) UV(0.66740 0.94836 0.66826 0.94600 0.66654 0.95072)
		3 V(1031 1029 1030) M(0) UV(0.66740 0.94836 0.66654 0.95072 0.66533 0.95406)
		3 V(1031 1030 1023) M(0) UV(0.66740 0.94836 0.66533 0.95406 0.66533 0.95406)
		4 V(1033 1034 1042 1041) M(0) UV(0.63889 0.91354 0.64197 0.91176 0.61367 0.86276 0.61060 0.86454)
		4 V(1034 1035 1043 1042) M(0) UV(0.64197 0.91176 0.64631 0.90925 0.61802 0.86025 0.61367 0.86276)
		4 V(1035 1036 1044 1043) M(0) UV(0.64631 0.90925 0.64939 0.90748 0.62110 0.85848 0.61802 0.86025)
		4 V(1036 1037 1045 1044) M(0) UV(0.64939 0.90748 0.64939 0.90748 0.62110 0.85848 0.62110 0.85848)
		4 V(1037 1038 1046 1045) M(0) UV(0.64939 0.90748 0.64631 0.90925 0.61802 0.86025 0.62110 0.85848)
		4 V(1038 1039 1047 1046) M(0) UV(0.64631 0.90925 0.64197 0.91176 0.61367 0.86276 0.61802 0.86025)
		4 V(1039 1040 1048 1047) M(0) UV(0.64197 0.91176 0.63889 0.91354 0.61060 0.86454 0.61367 0.86276)
		4 V(1040 1033 1041 1048) M(0) UV(0.63889 0.91354 0.63889 0.91354 0.61060 0.86454 0.61060 0.86454)
		3 V(1032 1034 1033) M(0) UV(0.64414 0.91051 0.64197 0.91176 0.63889 0.91354)
		3 V(1032 1035 1034) M(0) UV(0.64414 0.91051 0.64631 0.90925 0.64197 0.91176)
		3 V(1032 1036 1035) M(0) UV(0.64414 0.91051 0.64939 0.90748 0.64631 0.90925)
		3 V(1032 1037 1036) M(0) UV(0.64414 0.91051 0.64939 0.90748 0.64939 0.90748)
		3 V(1032 1038 1037) M(0) UV(0.64414 0.91051 0.64631 0.90925 0.64939 0.90748)
		3 V(1032 1039 1038) M(0) UV(0.64414 0.91051 0.64197 0.91176 0.64631 0.90925)
		3 V(1032 1040 1039) M(0) UV(0.64414 0.91051 0.63889 0.91354 0.64197 0.91176)
		3 V(1032 1033 1040) M(0) UV(0.64414 0.91051 0.63889 0.91354 0.63889 0.91354)
		3 V(1049 1041 1042) M(0) UV(0.61585 0.86151 0.61060 0.86454 0.61367 0.86276)
		3 V(1049 1042 1043) M(0) UV(0.61585 0.86151 0.61367 0.86276 0.61802 0.86025)
		3 V(1049 1043 1044) M(0) UV(0.61585 0.86151 0.61802 0.86025 0.62110 0.85848)
		3 V(1049 1044 1045) M(0) UV(0.61585 0.86151 0.62110 0.85848 0.62110 0.85848)
		3 V(1049 1045 1046) M(0) UV(0.61585 0.86151 0.62110 0.85848 0.61802 0.86025)
		3 V(1049 1046 1047) M(0) UV(0.61585 0.86151 0.61802 0.86025 0.61367 0.86276)
		3 V(1049 1047 1048) M(0) UV(0.61585 0.86151 0.61367 0.86276 0.61060 0.86454)
		3 V(1049 1048 1041) M(0) UV(0.61585 0.86151 0.61060 0.86454 0.61060 0.86454)
		4 V(1051 1052 1060 1059) M(0) UV(0.61639 0.81651 0.61989 0.81712 0.62972 0.76140 0.62622 0.76078)
		4 V(1052 1053 1061 1060) M(0) UV(0.61989 0.81712 0.62484 0.81800 0.63466 0.76227 0.62972 0.76140)
		4 V(1053 1054 1062 1061) M(0) UV(0.62484 0.81800 0.62833 0.81861 0.63816 0.76289 0.63466 0.76227)
		4 V(1054 1055 1063 1062) M(0) UV(0.62833 0.81861 0.62833 0.81861 0.63816 0.76289 0.63816 0.76289)
		4 V(1055 1056 1064 1063) M(0) UV(0.62833 0.81861 0.62484 0.81800 0.63466 0.76227 0.63816 0.76289)
		4 V(1056 1057 1065 1064) M(0) UV(0.62484 0.81800 0.61989 0.81712 0.62972 0.76140 0.63466 0.76227)
		4 V(1057 1058 1066 1065) M(0) UV(0.61989 0.81712 0.61639 0.81651 0.62622 0.76078 0.62972 0.76140)
		4 V(1058 1051 1059 1066) M(0) UV(0.61639 0.81651 0.61639 0.81651 0.62622 0.76078 0.62622 0.76078)
		3 V(1050 1052 1051) M(0) UV(0.62236 0.81756 0.61989 0.81712 0.61639 0.81651)
		3 V(1050 1053 1052) M(0) UV(0.62236 0.81756 0.62484 0.81800 0.61989 0.81712)
		3 V(1050 1054 1053) M(0) UV(0.62236 0.81756 0.62833 0.81861 0.62484 0.81800)
		3 V(1050 1055 1054) M(0) UV(0.62236 0.81756 0.62833 0.81861 0.62833 0.81861)
		3 V(1050 1056 1055) M(0) UV(0.62236 0.81756 0.62484 0.81800 0.62833 0.81861)
		3 V(1050 1057 1056) M(0) UV(0.62236 0.81756 0.61989 0.81712 0.62484 0.81800)
		3 V(1050 1058 1057) M(0) UV(0.62236 0.81756 0.61639 0.81651 0.61989 0.81712)
		3 V(1050 1051 1058) M(0) UV(0.62236 0.81756 0.61639 0.81651 0.61639 0.81651)
		3 V(1067 1059 1060) M(0) UV(0.63219 0.76184 0.62622 0.76078 0.62972 0.76140)
		3 V(1067 1060 1061) M(0) UV(0.63219 0.76184 0.62972 0.76140 0.63466 0.76227)
		3 V(1067 1061 1062) M(0) UV(0.63219 0.76184 0.63466 0.76227 0.63816 0.76289)
		3 V(1067 1062 1063) M(0) UV(0.63219 0.76184 0.63816 0.76289 0.63816 0.76289)
		3 V(1067 1063 1064) M(0) UV(0.63219 0.76184 0.63816 0.76289 0.63466 0.76227)
		3 V(1067 1064 1065) M(0) UV(0.63219 0.76184 0.63466 0.76227 0.62972 0.76140)
		3 V(1067 1065 1066) M(0) UV(0.63219 0.76184 0.62972 0.76140 0.62622 0.76078)
		3 V(1067 1066 1059) M(0) UV(0.63219 0.76184 0.62622 0.76078 0.62622 0.76078)
		4 V(1069 1070 1078 1077) M(0) UV(0.66153 0.72771 0.66381 0.73043 0.70716 0.69406 0.70488 0.69134)
		4 V(1070 1071 1079 1078) M(0) UV(0.66381 0.73043 0.66704 0.73428 0.71039 0.69791 0.70716 0.69406)
		4 V(1071 1072 1080 1079) M(0) UV(0.66704 0.73428 0.66932 0.73700 0.71267 0.70063 0.71039 0.69791)
		4 V(1072 1073 1081 1080) M(0) UV(0.66932 0.73700 0.66932 0.73700 0.71267 0.70063 0.71267 0.70063)
		4 V(1073 1074 1082 1081) M(0) UV(0.66932 0.73700 0.66704 0.73428 0.71039 0.69791 0.71267 0.70063)
		4 V(1074 1075 1083 1082) M(0) UV(0.66704 0.73428 0.66381 0.73043 0.70716 0.69406 0.71039 0.69791)
		4 V(1075 1076 1084 1083) M(0) UV(0.66381 0.73043 0.66153 0.72771 0.70488 0.69134 0.70716 0.69406)
		4 V(1076 1069 1077 1084) M(0) UV(0.66153 0.72771 0.66153 0.72771 0.70488 0.69134 0.70488 0.69134)
		3 V(1068 1070 1069) M(0) UV(0.66543 0.73236 0.66381 0.73043 0.66153 0.72771)
		3 V(1068 1071 1070) M(0) UV(0.66543 0.73236 0.66704 0.73428 0.66381 0.73043)
		3 V(1068 1072 1071) M(0) UV(0.66543 0.73236 0.66932 0.73700 0.66704 0.73428)
		3 V(1068 1073 1072) M(0) UV(0.66543 0.73236 0.66932 0.73700 0.66932 0.73700)
		3 V(1068 1074 1073) M(0) UV(0.66543 0.73236 0.66704 0.73428 0.66932 0.73700)
		3 V(1068 1075 1074) M(0) UV(0.66543 0.73236 0.66381 0.73043 0.66704 0.73428)
		3 V(1068 1076 1075) M(0) UV(0.66543 0.73236 0.66153 0.72771 0.66381 0.73043)
		3 V(1068 1069 1076) M(0) UV(0.66543 0.73236 0.66153 0.72771 0.66153 0.72771)
		3 V(1085 1077 1078) M(0) UV(0.70877 0.69599 0.70488 0.69134 0.70716 0.69406)
		3 V(1085 1078 1079) M(0) UV(0.70877 0.69599 0.70716 0.69406 0.71039 0.69791)
		3 V(1085 1079 1080) M(0) UV(0.70877 0.69599 0.71039 0.69791 0.71267 0.70063)
		3 V(1085 1080 1081) M(0) UV(0.70877 0.69599 0.71267 0.70063 0.71267 0.70063)
		3 V(1085 1081 1082) M(0) UV(0.70877 0.69599 0.71267 0.70063 0.71039 0.69791)
		3 V(1085 1082 1083) M(0) UV(0.70877 0.69599 0.71039 0.69791 0.70716 0.69406)
		3 V(1085 1083 1084) M(0) UV(0.70877 0.69599 0.70716 0.69406 0.70488 0.69134)
		3 V(1085 1084 1077) M(0) UV(0.70877 0.69599 0.70488 0.69134 0.70488 0.69134)
	}
}
Eof
