Metasequoia Document
Format Text Ver 1.1

Scene {
	pos 0.0000 0.0000 366.2109
	lookat 0.0000 0.0000 0.0000
	head -0.8408
	pich 0.4900
	bank 0.0000
	ortho 1
	zoom2 20.4800
	zoom_pers 5.0000
	amb 0.250 0.250 0.250
	dirlights 1 {
		light {
			dir 0.408 0.408 0.816
			color 1.000 1.000 1.000
		}
	}
}
Material 1 {
	"mat1" shader(3) col(1.000 1.000 1.000 1.000) dif(0.800) amb(0.600) emi(0.000) spc(0.000) power(5.00) tex("D:\Desktop\Minecraft関係\MCヘリ用モデリング\19_SAAB J21\ロケット.png")
}
Object "8cm raket" {
	depth 0
	folding 0
	scale 1.000000 1.000000 1.000000
	rotation 0.000000 0.000000 0.000000
	translation 0.000000 0.000000 0.000000
	visible 15
	locking 0
	shading 1
	facet 59.5
	color 0.898 0.498 0.698
	color_type 0
	vertex 74 {
		0.0000 0.0000 -80.5000
		0.0000 5.0000 -80.5000
		3.5356 3.5356 -80.5000
		5.0000 0.0000 -80.5000
		3.5356 -3.5356 -80.5000
		0.0000 -5.0000 -80.5000
		-3.5356 -3.5356 -80.5000
		-5.0000 0.0000 -80.5000
		-3.5356 3.5356 -80.5000
		0.0000 1.1700 80.7152
		0.8274 0.8274 80.7152
		1.1700 0.0000 80.7152
		0.8274 -0.8274 80.7152
		0.0000 -1.1700 80.7152
		-0.8274 -0.8274 80.7152
		-1.1700 0.0000 80.7152
		-0.8274 0.8274 80.7152
		0.0000 0.0000 80.7152
		0.0000 6.0000 71.4404
		4.2426 4.2426 71.4404
		6.0000 0.0000 71.4404
		4.2426 -4.2426 71.4404
		0.0000 -6.0000 71.4404
		-4.2426 -4.2426 71.4404
		-6.0000 0.0000 71.4404
		-4.2426 4.2426 71.4404
		0.0000 3.7500 65.5820
		2.6516 2.6516 65.5820
		3.7500 0.0000 65.5820
		2.6516 -2.6517 65.5820
		0.0000 -3.7500 65.5820
		-2.6516 -2.6517 65.5820
		-3.7500 0.0000 65.5820
		-2.6516 2.6516 65.5820
		0.0000 5.0000 65.5772
		3.5356 3.5356 65.5772
		5.0000 0.0000 65.5772
		3.5356 -3.5356 65.5772
		0.0000 -5.0000 65.5772
		-3.5356 -3.5356 65.5772
		-5.0000 0.0000 65.5772
		-3.5356 3.5356 65.5772
		8.3086 8.6620 -64.5000
		-0.1768 0.1768 -64.5000
		8.6620 8.3086 -64.5000
		0.1768 -0.1769 -64.5000
		8.6620 8.3086 -76.5000
		0.1768 -0.1769 -76.5000
		8.3086 8.6620 -76.5000
		-0.1768 0.1768 -76.5000
		-8.6620 8.3086 -64.5000
		-0.1768 -0.1769 -64.5000
		-8.3086 8.6620 -64.5000
		0.1768 0.1768 -64.5000
		-8.3086 8.6620 -76.5000
		0.1768 0.1768 -76.5000
		-8.6620 8.3086 -76.5000
		-0.1768 -0.1769 -76.5000
		-8.3086 -8.6620 -64.5000
		0.1768 -0.1769 -64.5000
		-8.6620 -8.3086 -64.5000
		-0.1768 0.1768 -64.5000
		-8.6620 -8.3086 -76.5000
		-0.1768 0.1768 -76.5000
		-8.3086 -8.6620 -76.5000
		0.1768 -0.1769 -76.5000
		8.6620 -8.3086 -64.5000
		0.1768 0.1768 -64.5000
		8.3086 -8.6620 -64.5000
		-0.1768 -0.1769 -64.5000
		8.3086 -8.6620 -76.5000
		-0.1768 -0.1769 -76.5000
		8.6620 -8.3086 -76.5000
		0.1768 0.1768 -76.5000
	}
	face 128 {
		3 V(0 2 1) M(0) UV(0.90250 0.50000 0.90250 0.48232 0.90250 0.47500)
		3 V(0 3 2) M(0) UV(0.90250 0.50000 0.90250 0.50000 0.90250 0.48232)
		3 V(0 4 3) M(0) UV(0.90250 0.50000 0.90250 0.51768 0.90250 0.50000)
		3 V(0 5 4) M(0) UV(0.90250 0.50000 0.90250 0.52500 0.90250 0.51768)
		3 V(0 6 5) M(0) UV(0.90250 0.50000 0.90250 0.51768 0.90250 0.52500)
		3 V(0 7 6) M(0) UV(0.90250 0.50000 0.90250 0.50000 0.90250 0.51768)
		3 V(0 8 7) M(0) UV(0.90250 0.50000 0.90250 0.48232 0.90250 0.50000)
		3 V(0 1 8) M(0) UV(0.90250 0.50000 0.90250 0.47500 0.90250 0.48232)
		3 V(17 9 10) M(0) UV(0.09642 0.50000 0.09642 0.49415 0.09642 0.49586)
		3 V(17 10 11) M(0) UV(0.09642 0.50000 0.09642 0.49586 0.09642 0.50000)
		3 V(17 11 12) M(0) UV(0.09642 0.50000 0.09642 0.50000 0.09642 0.50414)
		3 V(17 12 13) M(0) UV(0.09642 0.50000 0.09642 0.50414 0.09642 0.50585)
		3 V(17 13 14) M(0) UV(0.09642 0.50000 0.09642 0.50585 0.09642 0.50414)
		3 V(17 14 15) M(0) UV(0.09642 0.50000 0.09642 0.50414 0.09642 0.50000)
		3 V(17 15 16) M(0) UV(0.09642 0.50000 0.09642 0.50000 0.09642 0.49586)
		3 V(17 16 9) M(0) UV(0.09642 0.50000 0.09642 0.49586 0.09642 0.49415)
		3 V(10 9 18) M(0) UV(0.09642 0.49586 0.09642 0.49415 0.14280 0.47000)
		3 V(10 18 19) M(0) UV(0.09642 0.49586 0.14280 0.47000 0.14280 0.47879)
		3 V(11 10 19) M(0) UV(0.09642 0.50000 0.09642 0.49586 0.14280 0.47879)
		3 V(11 19 20) M(0) UV(0.09642 0.50000 0.14280 0.47879 0.14280 0.50000)
		3 V(12 11 20) M(0) UV(0.09642 0.50414 0.09642 0.50000 0.14280 0.50000)
		3 V(12 20 21) M(0) UV(0.09642 0.50414 0.14280 0.50000 0.14280 0.52121)
		3 V(13 12 21) M(0) UV(0.09642 0.50585 0.09642 0.50414 0.14280 0.52121)
		3 V(13 21 22) M(0) UV(0.09642 0.50585 0.14280 0.52121 0.14280 0.53000)
		3 V(14 13 22) M(0) UV(0.09642 0.50414 0.09642 0.50585 0.14280 0.53000)
		3 V(14 22 23) M(0) UV(0.09642 0.50414 0.14280 0.53000 0.14280 0.52121)
		3 V(15 14 23) M(0) UV(0.09642 0.50000 0.09642 0.50414 0.14280 0.52121)
		3 V(15 23 24) M(0) UV(0.09642 0.50000 0.14280 0.52121 0.14280 0.50000)
		3 V(16 15 24) M(0) UV(0.09642 0.49586 0.09642 0.50000 0.14280 0.50000)
		3 V(16 24 25) M(0) UV(0.09642 0.49586 0.14280 0.50000 0.14280 0.47879)
		3 V(9 16 25) M(0) UV(0.09642 0.49415 0.09642 0.49586 0.14280 0.47879)
		3 V(9 25 18) M(0) UV(0.09642 0.49415 0.14280 0.47879 0.14280 0.47000)
		3 V(19 18 26) M(0) UV(0.14280 0.47879 0.14280 0.47000 0.17209 0.48125)
		3 V(19 26 27) M(0) UV(0.14280 0.47879 0.17209 0.48125 0.17209 0.48674)
		3 V(20 19 27) M(0) UV(0.14280 0.50000 0.14280 0.47879 0.17209 0.48674)
		3 V(20 27 28) M(0) UV(0.14280 0.50000 0.17209 0.48674 0.17209 0.50000)
		3 V(21 20 28) M(0) UV(0.14280 0.52121 0.14280 0.50000 0.17209 0.50000)
		3 V(21 28 29) M(0) UV(0.14280 0.52121 0.17209 0.50000 0.17209 0.51326)
		3 V(22 21 29) M(0) UV(0.14280 0.53000 0.14280 0.52121 0.17209 0.51326)
		3 V(22 29 30) M(0) UV(0.14280 0.53000 0.17209 0.51326 0.17209 0.51875)
		3 V(23 22 30) M(0) UV(0.14280 0.52121 0.14280 0.53000 0.17209 0.51875)
		3 V(23 30 31) M(0) UV(0.14280 0.52121 0.17209 0.51875 0.17209 0.51326)
		3 V(24 23 31) M(0) UV(0.14280 0.50000 0.14280 0.52121 0.17209 0.51326)
		3 V(24 31 32) M(0) UV(0.14280 0.50000 0.17209 0.51326 0.17209 0.50000)
		3 V(25 24 32) M(0) UV(0.14280 0.47879 0.14280 0.50000 0.17209 0.50000)
		3 V(25 32 33) M(0) UV(0.14280 0.47879 0.17209 0.50000 0.17209 0.48674)
		3 V(18 25 33) M(0) UV(0.14280 0.47000 0.14280 0.47879 0.17209 0.48674)
		3 V(18 33 26) M(0) UV(0.14280 0.47000 0.17209 0.48674 0.17209 0.48125)
		3 V(1 2 35) M(0) UV(0.90250 0.47500 0.90250 0.48232 0.17211 0.48232)
		3 V(1 35 34) M(0) UV(0.90250 0.47500 0.17211 0.48232 0.17211 0.47500)
		3 V(27 26 34) M(0) UV(0.17209 0.48674 0.17209 0.48125 0.17211 0.47500)
		3 V(27 34 35) M(0) UV(0.17209 0.48674 0.17211 0.47500 0.17211 0.48232)
		3 V(2 3 36) M(0) UV(0.90250 0.48232 0.90250 0.50000 0.17211 0.50000)
		3 V(2 36 35) M(0) UV(0.90250 0.48232 0.17211 0.50000 0.17211 0.48232)
		3 V(28 27 35) M(0) UV(0.17209 0.50000 0.17209 0.48674 0.17211 0.48232)
		3 V(28 35 36) M(0) UV(0.17209 0.50000 0.17211 0.48232 0.17211 0.50000)
		3 V(3 4 37) M(0) UV(0.90250 0.50000 0.90250 0.51768 0.17211 0.51768)
		3 V(3 37 36) M(0) UV(0.90250 0.50000 0.17211 0.51768 0.17211 0.50000)
		3 V(29 28 36) M(0) UV(0.17209 0.51326 0.17209 0.50000 0.17211 0.50000)
		3 V(29 36 37) M(0) UV(0.17209 0.51326 0.17211 0.50000 0.17211 0.51768)
		3 V(4 5 38) M(0) UV(0.90250 0.51768 0.90250 0.52500 0.17211 0.52500)
		3 V(4 38 37) M(0) UV(0.90250 0.51768 0.17211 0.52500 0.17211 0.51768)
		3 V(30 29 37) M(0) UV(0.17209 0.51875 0.17209 0.51326 0.17211 0.51768)
		3 V(30 37 38) M(0) UV(0.17209 0.51875 0.17211 0.51768 0.17211 0.52500)
		3 V(5 6 39) M(0) UV(0.90250 0.52500 0.90250 0.51768 0.17211 0.51768)
		3 V(5 39 38) M(0) UV(0.90250 0.52500 0.17211 0.51768 0.17211 0.52500)
		3 V(31 30 38) M(0) UV(0.17209 0.51326 0.17209 0.51875 0.17211 0.52500)
		3 V(31 38 39) M(0) UV(0.17209 0.51326 0.17211 0.52500 0.17211 0.51768)
		3 V(6 7 40) M(0) UV(0.90250 0.51768 0.90250 0.50000 0.17211 0.50000)
		3 V(6 40 39) M(0) UV(0.90250 0.51768 0.17211 0.50000 0.17211 0.51768)
		3 V(32 31 39) M(0) UV(0.17209 0.50000 0.17209 0.51326 0.17211 0.51768)
		3 V(32 39 40) M(0) UV(0.17209 0.50000 0.17211 0.51768 0.17211 0.50000)
		3 V(7 8 41) M(0) UV(0.90250 0.50000 0.90250 0.48232 0.17211 0.48232)
		3 V(7 41 40) M(0) UV(0.90250 0.50000 0.17211 0.48232 0.17211 0.50000)
		3 V(33 32 40) M(0) UV(0.17209 0.48674 0.17209 0.50000 0.17211 0.50000)
		3 V(33 40 41) M(0) UV(0.17209 0.48674 0.17211 0.50000 0.17211 0.48232)
		3 V(8 1 34) M(0) UV(0.90250 0.48232 0.90250 0.47500 0.17211 0.47500)
		3 V(8 34 41) M(0) UV(0.90250 0.48232 0.17211 0.47500 0.17211 0.48232)
		3 V(26 33 41) M(0) UV(0.17209 0.48125 0.17209 0.48674 0.17211 0.48232)
		3 V(26 41 34) M(0) UV(0.17209 0.48125 0.17211 0.48232 0.17211 0.47500)
		3 V(44 45 43) M(0) UV(0.82250 0.45846 0.82250 0.50088 0.82250 0.49912)
		3 V(44 43 42) M(0) UV(0.82250 0.45846 0.82250 0.49912 0.82250 0.45669)
		3 V(46 47 45) M(0) UV(0.88250 0.45846 0.88250 0.50088 0.82250 0.50088)
		3 V(46 45 44) M(0) UV(0.88250 0.45846 0.82250 0.50088 0.82250 0.45846)
		3 V(48 49 47) M(0) UV(0.88250 0.45669 0.88250 0.49912 0.88250 0.50088)
		3 V(48 47 46) M(0) UV(0.88250 0.45669 0.88250 0.50088 0.88250 0.45846)
		3 V(42 43 49) M(0) UV(0.82250 0.45669 0.82250 0.49912 0.88250 0.49912)
		3 V(42 49 48) M(0) UV(0.82250 0.45669 0.88250 0.49912 0.88250 0.45669)
		3 V(46 44 42) M(0) UV(0.88250 0.45846 0.82250 0.45846 0.82250 0.45669)
		3 V(46 42 48) M(0) UV(0.88250 0.45846 0.82250 0.45669 0.88250 0.45669)
		3 V(45 47 49) M(0) UV(0.82250 0.50088 0.88250 0.50088 0.88250 0.49912)
		3 V(45 49 43) M(0) UV(0.82250 0.50088 0.88250 0.49912 0.82250 0.49912)
		3 V(52 53 51) M(0) UV(0.82250 0.45669 0.82250 0.49912 0.82250 0.50088)
		3 V(52 51 50) M(0) UV(0.82250 0.45669 0.82250 0.50088 0.82250 0.45846)
		3 V(54 55 53) M(0) UV(0.88250 0.45669 0.88250 0.49912 0.82250 0.49912)
		3 V(54 53 52) M(0) UV(0.88250 0.45669 0.82250 0.49912 0.82250 0.45669)
		3 V(56 57 55) M(0) UV(0.88250 0.45846 0.88250 0.50088 0.88250 0.49912)
		3 V(56 55 54) M(0) UV(0.88250 0.45846 0.88250 0.49912 0.88250 0.45669)
		3 V(50 51 57) M(0) UV(0.82250 0.45846 0.82250 0.50088 0.88250 0.50088)
		3 V(50 57 56) M(0) UV(0.82250 0.45846 0.88250 0.50088 0.88250 0.45846)
		3 V(54 52 50) M(0) UV(0.88250 0.45669 0.82250 0.45669 0.82250 0.45846)
		3 V(54 50 56) M(0) UV(0.88250 0.45669 0.82250 0.45846 0.88250 0.45846)
		3 V(53 55 57) M(0) UV(0.82250 0.49912 0.88250 0.49912 0.88250 0.50088)
		3 V(53 57 51) M(0) UV(0.82250 0.49912 0.88250 0.50088 0.82250 0.50088)
		3 V(60 61 59) M(0) UV(0.82250 0.54154 0.82250 0.49912 0.82250 0.50088)
		3 V(60 59 58) M(0) UV(0.82250 0.54154 0.82250 0.50088 0.82250 0.54331)
		3 V(62 63 61) M(0) UV(0.88250 0.54154 0.88250 0.49912 0.82250 0.49912)
		3 V(62 61 60) M(0) UV(0.88250 0.54154 0.82250 0.49912 0.82250 0.54154)
		3 V(64 65 63) M(0) UV(0.88250 0.54331 0.88250 0.50088 0.88250 0.49912)
		3 V(64 63 62) M(0) UV(0.88250 0.54331 0.88250 0.49912 0.88250 0.54154)
		3 V(58 59 65) M(0) UV(0.82250 0.54331 0.82250 0.50088 0.88250 0.50088)
		3 V(58 65 64) M(0) UV(0.82250 0.54331 0.88250 0.50088 0.88250 0.54331)
		3 V(62 60 58) M(0) UV(0.88250 0.54154 0.82250 0.54154 0.82250 0.54331)
		3 V(62 58 64) M(0) UV(0.88250 0.54154 0.82250 0.54331 0.88250 0.54331)
		3 V(61 63 65) M(0) UV(0.82250 0.49912 0.88250 0.49912 0.88250 0.50088)
		3 V(61 65 59) M(0) UV(0.82250 0.49912 0.88250 0.50088 0.82250 0.50088)
		3 V(68 69 67) M(0) UV(0.82250 0.54331 0.82250 0.50088 0.82250 0.49912)
		3 V(68 67 66) M(0) UV(0.82250 0.54331 0.82250 0.49912 0.82250 0.54154)
		3 V(70 71 69) M(0) UV(0.88250 0.54331 0.88250 0.50088 0.82250 0.50088)
		3 V(70 69 68) M(0) UV(0.88250 0.54331 0.82250 0.50088 0.82250 0.54331)
		3 V(72 73 71) M(0) UV(0.88250 0.54154 0.88250 0.49912 0.88250 0.50088)
		3 V(72 71 70) M(0) UV(0.88250 0.54154 0.88250 0.50088 0.88250 0.54331)
		3 V(66 67 73) M(0) UV(0.82250 0.54154 0.82250 0.49912 0.88250 0.49912)
		3 V(66 73 72) M(0) UV(0.82250 0.54154 0.88250 0.49912 0.88250 0.54154)
		3 V(70 68 66) M(0) UV(0.88250 0.54331 0.82250 0.54331 0.82250 0.54154)
		3 V(70 66 72) M(0) UV(0.88250 0.54331 0.82250 0.54154 0.88250 0.54154)
		3 V(69 71 73) M(0) UV(0.82250 0.50088 0.88250 0.50088 0.88250 0.49912)
		3 V(69 73 67) M(0) UV(0.82250 0.50088 0.88250 0.49912 0.82250 0.49912)
	}
}
Eof
