Metasequoia Document
Format Text Ver 1.1

Scene {
	pos 4.8703 -42.8574 9830.6563
	lookat 4.6862 -1.9648 7.8255
	head -6.8800
	pich 0.2492
	bank 0.0000
	ortho 0
	zoom2 5.0000
	amb 0.137 0.137 0.137
	dirlights 1 {
		light {
			dir 0.408 0.408 0.816
			color 1.000 1.000 1.000
		}
	}
}
Material 1 {
	"mat1" shader(3) col(1.000 1.000 1.000 1.000) dif(0.800) amb(0.600) emi(0.000) spc(0.000) power(5.00)
}
Object "$body" {
	depth 0
	folding 0
	scale 1.000000 1.000000 1.000000
	rotation 0.000000 0.000000 0.000000
	translation 0.000000 0.000000 0.000000
	visible 15
	locking 0
	shading 1
	facet 59.5
	color 0.898 0.498 0.698
	color_type 0
	vertex 32 {
		-22.1981 7.2362 4.5031
		-17.2631 7.2362 16.4192
		-5.3471 7.2362 21.3542
		6.5689 7.2362 16.4192
		11.5054 7.2362 4.5032
		6.5689 7.2362 -7.4128
		-5.3471 7.2362 -12.3478
		-17.2631 7.2362 -7.4128
		-5.3471 -11.2303 -12.3478
		6.5689 -11.2303 -7.4128
		-17.2631 -11.2303 -7.4128
		11.5054 -11.2303 4.5032
		-22.1981 -11.2303 4.5031
		6.5689 -11.2303 16.4192
		-17.2631 -11.2303 16.4192
		-5.3471 -11.2303 21.3542
		-45.8605 -28.9783 4.5031
		-33.9941 -28.9783 33.1502
		-5.3471 -28.9783 45.0167
		23.2999 -28.9783 33.1502
		35.1665 -28.9783 4.5032
		23.3000 -28.9783 -24.1438
		-5.3470 -28.9783 -36.0103
		-33.9940 -28.9783 -24.1439
		-5.3470 -11.2303 -36.0103
		23.3000 -11.2303 -24.1438
		-33.9940 -11.2303 -24.1439
		35.1665 -11.2303 4.5032
		-45.8605 -11.2303 4.5031
		23.2999 -11.2303 33.1502
		-33.9941 -11.2303 33.1502
		-5.3471 -11.2303 45.0167
	}
	face 54 {
		3 V(9 5 6) M(0) UV(0.15840 0.04559 0.15840 0.00966 0.17804 0.00966)
		3 V(9 6 8) M(0) UV(0.15840 0.04559 0.17804 0.00966 0.17804 0.04559)
		3 V(6 7 10) M(0) UV(0.17804 0.00966 0.19768 0.00966 0.19768 0.04559)
		3 V(6 10 8) M(0) UV(0.17804 0.00966 0.19768 0.04559 0.17804 0.04559)
		3 V(11 4 5) M(0) UV(0.17804 0.13006 0.17804 0.09413 0.19768 0.09413)
		3 V(11 5 9) M(0) UV(0.17804 0.13006 0.19768 0.09413 0.19768 0.13006)
		3 V(7 0 12) M(0) UV(0.20302 0.09413 0.22266 0.09413 0.22266 0.13006)
		3 V(7 12 10) M(0) UV(0.20302 0.09413 0.22266 0.13006 0.20302 0.13006)
		3 V(13 3 4) M(0) UV(0.15840 0.13006 0.15840 0.09413 0.17804 0.09413)
		3 V(13 4 11) M(0) UV(0.15840 0.13006 0.17804 0.09413 0.17804 0.13006)
		3 V(0 1 14) M(0) UV(0.22266 0.09413 0.24230 0.09413 0.24230 0.13006)
		3 V(0 14 12) M(0) UV(0.22266 0.09413 0.24230 0.13006 0.22266 0.13006)
		3 V(15 2 3) M(0) UV(0.17804 0.08782 0.17804 0.05189 0.19768 0.05189)
		3 V(15 3 13) M(0) UV(0.17804 0.08782 0.19768 0.05189 0.19768 0.08782)
		3 V(1 2 15) M(0) UV(0.15840 0.05189 0.17804 0.05189 0.17804 0.08782)
		3 V(1 15 14) M(0) UV(0.15840 0.05189 0.17804 0.08782 0.15840 0.08782)
		3 V(25 9 8) M(0) UV(0.03906 0.03274 0.06664 0.06530 0.05851 0.08848)
		3 V(25 8 24) M(0) UV(0.03906 0.03274 0.05851 0.08848 0.01950 0.08848)
		3 V(22 21 25) M(0) UV(0.06672 0.24898 0.01950 0.24898 0.01950 0.21445)
		3 V(22 25 24) M(0) UV(0.06672 0.24898 0.01950 0.21445 0.06672 0.21445)
		3 V(24 8 10) M(0) UV(0.01950 0.08848 0.05851 0.08848 0.06664 0.11167)
		3 V(24 10 26) M(0) UV(0.01950 0.08848 0.06664 0.11167 0.03906 0.14422)
		3 V(26 23 22) M(0) UV(0.11394 0.21445 0.11394 0.24898 0.06672 0.24898)
		3 V(26 22 24) M(0) UV(0.11394 0.21445 0.06672 0.24898 0.06672 0.21445)
		3 V(27 11 9) M(0) UV(0.08628 0.00966 0.08628 0.05569 0.06664 0.06530)
		3 V(27 9 25) M(0) UV(0.08628 0.00966 0.06664 0.06530 0.03906 0.03274)
		3 V(21 20 27) M(0) UV(0.11394 0.20814 0.06672 0.20814 0.06672 0.17361)
		3 V(21 27 25) M(0) UV(0.11394 0.20814 0.06672 0.17361 0.11394 0.17361)
		3 V(26 10 12) M(0) UV(0.03906 0.14422 0.06664 0.11167 0.08628 0.12127)
		3 V(26 12 28) M(0) UV(0.03906 0.14422 0.08628 0.12127 0.08628 0.16731)
		3 V(28 16 23) M(0) UV(0.16650 0.17361 0.16650 0.20814 0.11928 0.20814)
		3 V(28 23 26) M(0) UV(0.16650 0.17361 0.11928 0.20814 0.11928 0.17361)
		3 V(29 13 11) M(0) UV(0.13350 0.03274 0.10592 0.06530 0.08628 0.05569)
		3 V(29 11 27) M(0) UV(0.13350 0.03274 0.08628 0.05569 0.08628 0.00966)
		3 V(20 19 29) M(0) UV(0.06672 0.20814 0.01950 0.20814 0.01950 0.17361)
		3 V(20 29 27) M(0) UV(0.06672 0.20814 0.01950 0.17361 0.06672 0.17361)
		3 V(28 12 14) M(0) UV(0.08628 0.16731 0.08628 0.12127 0.10592 0.11167)
		3 V(28 14 30) M(0) UV(0.08628 0.16731 0.10592 0.11167 0.13350 0.14422)
		3 V(30 17 16) M(0) UV(0.21371 0.17361 0.21371 0.20814 0.16650 0.20814)
		3 V(30 16 28) M(0) UV(0.21371 0.17361 0.16650 0.20814 0.16650 0.17361)
		3 V(31 15 13) M(0) UV(0.15305 0.08848 0.11405 0.08848 0.10592 0.06530)
		3 V(31 13 29) M(0) UV(0.15305 0.08848 0.10592 0.06530 0.13350 0.03274)
		3 V(19 18 31) M(0) UV(0.21371 0.24898 0.16650 0.24898 0.16650 0.21445)
		3 V(19 31 29) M(0) UV(0.21371 0.24898 0.16650 0.21445 0.21371 0.21445)
		3 V(30 14 15) M(0) UV(0.13350 0.14422 0.10592 0.11167 0.11405 0.08848)
		3 V(30 15 31) M(0) UV(0.13350 0.14422 0.11405 0.08848 0.15305 0.08848)
		3 V(31 18 17) M(0) UV(0.16650 0.21445 0.16650 0.24898 0.11928 0.24898)
		3 V(31 17 30) M(0) UV(0.16650 0.21445 0.11928 0.24898 0.11928 0.21445)
		3 V(22 23 21) M(0)
		3 V(23 16 21) M(0)
		3 V(21 16 20) M(0)
		3 V(16 17 20) M(0)
		3 V(20 17 19) M(0)
		3 V(17 18 19) M(0)
	}
}
Object "$part0" {
	depth 0
	folding 0
	scale 1.000000 1.000000 1.000000
	rotation 0.000000 0.000000 0.000000
	translation 0.000000 0.000000 0.000000
	visible 15
	locking 0
	shading 1
	facet 59.5
	color 0.898 0.498 0.698
	color_type 0
	vertex 16 {
		-71.8406 84.2297 22.6141
		-71.8406 51.3512 22.6141
		-51.9746 18.4697 22.6141
		-27.7271 3.4352 22.6142
		-71.8406 84.2297 -37.0604
		-71.8406 51.3512 -37.0604
		-51.9746 18.4697 -37.0604
		-27.7270 3.4352 -37.0603
		58.3520 84.2297 -37.0603
		58.3520 51.3512 -37.0603
		38.4860 18.4697 -37.0603
		14.2385 3.4352 -37.0603
		58.3520 84.2297 22.6142
		58.3520 51.3512 22.6142
		38.4860 18.4697 22.6142
		14.2384 3.4352 22.6142
	}
	face 28 {
		3 V(1 5 4) M(0) UV(0.49592 0.73025 0.31077 0.73025 0.31077 0.66607)
		3 V(1 4 0) M(0) UV(0.49592 0.73025 0.31077 0.66607 0.49592 0.66607)
		3 V(2 6 5) M(0) UV(0.49592 0.79443 0.31077 0.79443 0.31077 0.73025)
		3 V(2 5 1) M(0) UV(0.49592 0.79443 0.31077 0.73025 0.49592 0.73025)
		3 V(3 7 6) M(0) UV(0.91601 0.64195 0.73087 0.64195 0.73087 0.59462)
		3 V(3 6 2) M(0) UV(0.91601 0.64195 0.73087 0.59462 0.91601 0.59462)
		3 V(5 9 8) M(0) UV(0.71471 0.39449 0.31077 0.39449 0.31077 0.33031)
		3 V(5 8 4) M(0) UV(0.71471 0.39449 0.31077 0.33031 0.71471 0.33031)
		3 V(6 10 9) M(0) UV(0.65307 0.45868 0.37241 0.45868 0.31077 0.39449)
		3 V(6 9 5) M(0) UV(0.65307 0.45868 0.31077 0.39449 0.71471 0.39449)
		3 V(7 11 10) M(0) UV(0.57784 0.48803 0.44764 0.48803 0.37241 0.45868)
		3 V(7 10 6) M(0) UV(0.57784 0.48803 0.37241 0.45868 0.65307 0.45868)
		3 V(9 13 12) M(0) UV(0.69722 0.73025 0.51208 0.73025 0.51208 0.66607)
		3 V(9 12 8) M(0) UV(0.69722 0.73025 0.51208 0.66607 0.69722 0.66607)
		3 V(10 14 13) M(0) UV(0.69722 0.79443 0.51208 0.79443 0.51208 0.73025)
		3 V(10 13 9) M(0) UV(0.69722 0.79443 0.51208 0.73025 0.69722 0.73025)
		3 V(11 15 14) M(0) UV(0.73087 0.72387 0.91601 0.72387 0.91601 0.77120)
		3 V(11 14 10) M(0) UV(0.73087 0.72387 0.91601 0.77120 0.73087 0.77120)
		3 V(13 1 0) M(0) UV(0.71471 0.56237 0.31077 0.56237 0.31077 0.49819)
		3 V(13 0 12) M(0) UV(0.71471 0.56237 0.31077 0.49819 0.71471 0.49819)
		3 V(14 2 1) M(0) UV(0.65307 0.62656 0.37241 0.62656 0.31077 0.56237)
		3 V(14 1 13) M(0) UV(0.65307 0.62656 0.31077 0.56237 0.71471 0.56237)
		3 V(15 3 2) M(0) UV(0.57784 0.65590 0.44764 0.65590 0.37241 0.62656)
		3 V(15 2 14) M(0) UV(0.57784 0.65590 0.37241 0.62656 0.65307 0.62656)
		3 V(0 4 8) M(0) UV(0.91601 0.58445 0.73087 0.58445 0.73087 0.33031)
		3 V(0 8 12) M(0) UV(0.91601 0.58445 0.73087 0.33031 0.91601 0.33031)
		3 V(15 11 7) M(0) UV(0.91601 0.72387 0.73087 0.72387 0.73087 0.64195)
		3 V(15 7 3) M(0) UV(0.91601 0.72387 0.73087 0.64195 0.91601 0.64195)
	}
}
Object "$part1" {
	depth 0
	folding 0
	scale 1.000000 1.000000 1.000000
	rotation 0.000000 0.000000 0.000000
	translation 0.000000 0.000000 0.000000
	visible 15
	locking 0
	shading 1
	facet 59.5
	color 0.898 0.498 0.698
	color_type 0
	vertex 49 {
		-61.4245 74.3627 -44.2229
		-45.4090 35.6987 -44.2229
		-6.7450 19.6832 -44.2229
		31.9190 35.6987 -44.2229
		47.9345 74.3627 -44.2228
		31.9190 113.0267 -44.2229
		-6.7450 129.0437 -44.2229
		-45.4090 113.0267 -44.2229
		-61.4246 74.3627 45.6796
		-45.4091 35.6987 45.6796
		-6.7451 19.6832 45.6796
		31.9189 35.6987 45.6796
		47.9344 74.3627 45.6797
		31.9189 113.0267 45.6796
		-6.7451 129.0437 45.6796
		-45.4091 113.0267 45.6796
		-59.0246 74.3627 45.9271
		-43.7126 37.3967 45.9272
		-6.7451 22.0832 45.9272
		30.2224 37.3967 45.9272
		45.5344 74.3627 45.9272
		30.2224 111.3302 45.9272
		-6.7451 126.6422 45.9272
		-43.7111 111.3302 45.9272
		-59.0246 74.3627 26.7091
		-43.7126 37.3967 26.7091
		-6.7451 22.0832 26.7092
		30.2225 37.3967 26.7092
		45.5345 74.3627 26.7092
		30.2225 111.3302 26.7092
		-6.7451 126.6422 26.7092
		-43.7111 111.3302 26.7091
		-10.5536 22.1507 44.4226
		-3.0266 22.1507 44.4226
		-3.0266 126.6872 44.4226
		-10.5536 126.6872 44.4226
		-59.3200 77.8067 44.4226
		-59.3200 71.0297 44.4226
		45.7399 71.0297 44.4227
		45.7399 77.8067 44.4227
		-59.0246 74.3627 26.7091
		-43.7126 37.3967 26.7091
		-6.7451 22.0832 26.7092
		30.2225 37.3967 26.7092
		45.5345 74.3627 26.7092
		30.2225 111.3302 26.7092
		-6.7451 126.6422 26.7092
		-43.7111 111.3302 26.7091
		-6.7451 74.3627 42.7607
	}
	face 66 {
		3 V(8 9 1) M(0) UV(0.72594 0.57198 0.72594 0.62598 0.53117 0.62598)
		3 V(8 1 0) M(0) UV(0.72594 0.57198 0.53117 0.62598 0.53117 0.57198)
		3 V(9 10 2) M(0) UV(0.48886 0.53356 0.48886 0.58756 0.29409 0.58756)
		3 V(9 2 1) M(0) UV(0.48886 0.53356 0.29409 0.58756 0.29409 0.53356)
		3 V(10 11 3) M(0) UV(0.48886 0.58756 0.48886 0.64156 0.29409 0.64156)
		3 V(10 3 2) M(0) UV(0.48886 0.58756 0.29409 0.64156 0.29409 0.58756)
		3 V(11 12 4) M(0) UV(0.29409 0.75567 0.29409 0.70167 0.48886 0.70167)
		3 V(11 4 3) M(0) UV(0.29409 0.75567 0.48886 0.70167 0.48886 0.75567)
		3 V(12 13 5) M(0) UV(0.29409 0.70167 0.29409 0.64767 0.48886 0.64767)
		3 V(12 5 4) M(0) UV(0.29409 0.70167 0.48886 0.64767 0.48886 0.70167)
		3 V(13 14 6) M(0) UV(0.93019 0.51798 0.93019 0.57198 0.73542 0.57198)
		3 V(13 6 5) M(0) UV(0.93019 0.51798 0.73542 0.57198 0.73542 0.51798)
		3 V(14 15 7) M(0) UV(0.93019 0.57198 0.93019 0.62598 0.73542 0.62598)
		3 V(14 7 6) M(0) UV(0.93019 0.57198 0.73542 0.62598 0.73542 0.57198)
		3 V(15 8 0) M(0) UV(0.72594 0.51798 0.72594 0.57198 0.53117 0.57198)
		3 V(15 0 7) M(0) UV(0.72594 0.51798 0.53117 0.57198 0.53117 0.51798)
		3 V(7 0 1) M(0) UV(0.49631 0.38150 0.53101 0.43550 0.49631 0.48950)
		3 V(7 1 2) M(0) UV(0.49631 0.38150 0.49631 0.48950 0.41255 0.51187)
		3 V(2 3 6) M(0) UV(0.41255 0.51187 0.32879 0.48950 0.41255 0.35913)
		3 V(2 6 7) M(0) UV(0.41255 0.51187 0.41255 0.35913 0.49631 0.38150)
		3 V(3 4 5) M(0) UV(0.32879 0.48950 0.29409 0.43550 0.32879 0.38150)
		3 V(3 5 6) M(0) UV(0.32879 0.48950 0.32879 0.38150 0.41255 0.35913)
		3 V(9 8 16) M(0) UV(0.57518 0.48950 0.54049 0.43550 0.54569 0.43550)
		3 V(9 16 17) M(0) UV(0.57518 0.48950 0.54569 0.43550 0.57886 0.48713)
		3 V(10 9 17) M(0) UV(0.65895 0.51187 0.57518 0.48950 0.57886 0.48713)
		3 V(10 17 18) M(0) UV(0.65895 0.51187 0.57886 0.48713 0.65895 0.50852)
		3 V(11 10 18) M(0) UV(0.74271 0.48950 0.65895 0.51187 0.65895 0.50852)
		3 V(11 18 19) M(0) UV(0.74271 0.48950 0.65895 0.50852 0.73903 0.48713)
		3 V(12 11 19) M(0) UV(0.77741 0.43550 0.74271 0.48950 0.73903 0.48713)
		3 V(12 19 20) M(0) UV(0.77741 0.43550 0.73903 0.48713 0.77221 0.43550)
		3 V(13 12 20) M(0) UV(0.74271 0.38150 0.77741 0.43550 0.77221 0.43550)
		3 V(13 20 21) M(0) UV(0.74271 0.38150 0.77221 0.43550 0.73903 0.38387)
		3 V(14 13 21) M(0) UV(0.65895 0.35913 0.74271 0.38150 0.73903 0.38387)
		3 V(14 21 22) M(0) UV(0.65895 0.35913 0.73903 0.38387 0.65895 0.36249)
		3 V(15 14 22) M(0) UV(0.57518 0.38150 0.65895 0.35913 0.65895 0.36249)
		3 V(15 22 23) M(0) UV(0.57518 0.38150 0.65895 0.36249 0.57886 0.38387)
		3 V(8 15 23) M(0) UV(0.54049 0.43550 0.57518 0.38150 0.57886 0.38387)
		3 V(8 23 16) M(0) UV(0.54049 0.43550 0.57886 0.38387 0.54569 0.43550)
		3 V(17 16 24) M(0) UV(0.73542 0.73535 0.73542 0.68372 0.77705 0.68372)
		3 V(17 24 25) M(0) UV(0.73542 0.73535 0.77705 0.68372 0.77705 0.73535)
		3 V(18 17 25) M(0) UV(0.82852 0.41076 0.82852 0.46239 0.78688 0.46239)
		3 V(18 25 26) M(0) UV(0.82852 0.41076 0.78688 0.46239 0.78688 0.41076)
		3 V(19 18 26) M(0) UV(0.82852 0.35913 0.82852 0.41076 0.78688 0.41076)
		3 V(19 26 27) M(0) UV(0.82852 0.35913 0.78688 0.41076 0.78688 0.35913)
		3 V(20 19 27) M(0) UV(0.87963 0.41076 0.87963 0.46239 0.83800 0.46239)
		3 V(20 27 28) M(0) UV(0.87963 0.41076 0.83800 0.46239 0.83800 0.41076)
		3 V(21 20 28) M(0) UV(0.87963 0.35913 0.87963 0.41076 0.83800 0.41076)
		3 V(21 28 29) M(0) UV(0.87963 0.35913 0.83800 0.41076 0.83800 0.35913)
		3 V(22 21 29) M(0) UV(0.82817 0.68372 0.82817 0.73535 0.78653 0.73535)
		3 V(22 29 30) M(0) UV(0.82817 0.68372 0.78653 0.73535 0.78653 0.68372)
		3 V(23 22 30) M(0) UV(0.82817 0.63209 0.82817 0.68372 0.78653 0.68372)
		3 V(23 30 31) M(0) UV(0.82817 0.63209 0.78653 0.68372 0.78653 0.63209)
		3 V(16 23 31) M(0) UV(0.73542 0.68372 0.73542 0.63209 0.77705 0.63209)
		3 V(16 31 24) M(0) UV(0.73542 0.68372 0.77705 0.63209 0.77705 0.68372)
		3 V(34 33 32) M(0) UV(0.55679 0.51798 0.55679 0.66398 0.54049 0.66398)
		3 V(34 32 35) M(0) UV(0.55679 0.51798 0.54049 0.66398 0.54049 0.51798)
		3 V(38 37 36) M(0) UV(0.52170 0.52745 0.29409 0.52745 0.29409 0.51798)
		3 V(38 36 39) M(0) UV(0.52170 0.52745 0.29409 0.51798 0.52170 0.51798)
		3 V(48 41 40) M(0) UV(0.85664 0.14284 0.77758 0.22207 0.74483 0.14284)
		3 V(48 42 41) M(0) UV(0.85664 0.14284 0.85664 0.25489 0.77758 0.22207)
		3 V(48 43 42) M(0) UV(0.85664 0.14284 0.93570 0.22207 0.85664 0.25489)
		3 V(48 44 43) M(0) UV(0.85664 0.14284 0.96844 0.14284 0.93570 0.22207)
		3 V(48 45 44) M(0) UV(0.85664 0.14284 0.93570 0.06361 0.96844 0.14284)
		3 V(48 46 45) M(0) UV(0.85664 0.14284 0.85664 0.03079 0.93570 0.06361)
		3 V(48 47 46) M(0) UV(0.85664 0.14284 0.77758 0.06361 0.85664 0.03079)
		3 V(48 40 47) M(0) UV(0.85664 0.14284 0.74483 0.14284 0.77758 0.06361)
	}
}
Eof
