Metasequoia Document
Format Text Ver 1.1

Scene {
	pos -0.0000 0.0000 993.5881
	lookat 4.5466 -4.0121 -36.1361
	head -0.4836
	pich 0.2636
	bank 0.0000
	ortho 0
	zoom2 7.5484
	amb 0.250 0.250 0.250
	dirlights 1 {
		light {
			dir 0.408 0.408 0.816
			color 1.000 1.000 1.000
		}
	}
}
Material 1 {
	"Material" shader(3) col(1.000 1.000 1.000 1.000) dif(0.800) amb(0.600) emi(0.000) spc(0.000) power(5.00) tex("..\..\textures\bullets\laserblue.png")
}
Object "obj1" {
	depth 0
	folding 0
	scale 1.000000 1.000000 1.000000
	rotation 0.000000 0.000000 0.000000
	translation 0.000000 0.000000 0.000000
	visible 15
	locking 0
	shading 1
	facet 59.5
	color 0.898 0.498 0.698
	color_type 0
	vertex 18 {
		-3.9038 9.2986 -172.6887
		14.6934 9.2986 -172.6887
		14.6934 9.2986 94.0889
		-3.9038 9.2986 94.0889
		-3.9038 -9.2986 -172.6887
		14.6934 -9.2986 -172.6886
		14.6934 -9.2986 94.0889
		-3.9038 -9.2986 94.0889
		5.3948 13.0180 -172.6887
		5.3948 13.0180 94.0889
		5.3948 -13.0180 -172.6887
		5.3948 -13.0180 94.0889
		-6.6934 -0.0000 -172.6887
		17.4829 -0.0000 -172.6887
		17.4829 -0.0000 94.0889
		-6.6934 -0.0000 94.0889
		5.3948 -0.0000 -172.6887
		5.3948 -0.0000 94.0889
	}
	face 32 {
		3 V(9 2 1) M(0) UV(1.00000 0.00000 1.00000 1.00000 0.00000 1.00000)
		3 V(6 11 10) M(0) UV(1.00000 0.00000 1.00000 1.00000 0.00000 1.00000)
		3 V(13 5 10) M(0) UV(1.00000 0.00000 1.00000 1.00000 0.00000 1.00000)
		3 V(6 5 13) M(0) UV(1.00000 0.00000 1.00000 1.00000 0.00000 1.00000)
		3 V(15 7 11) M(0) UV(1.00000 0.00000 1.00000 1.00000 0.00000 1.00000)
		3 V(15 3 0) M(0) UV(1.00000 0.00000 1.00000 1.00000 0.00000 1.00000)
		3 V(3 9 8) M(0) UV(1.00000 0.00000 1.00000 1.00000 0.00000 1.00000)
		3 V(11 7 4) M(0) UV(1.00000 0.00000 1.00000 1.00000 0.00000 1.00000)
		3 V(10 4 12) M(0) UV(1.00000 0.00000 1.00000 1.00000 0.00000 1.00000)
		3 V(11 6 14) M(0) UV(1.00000 0.00000 1.00000 1.00000 0.00000 1.00000)
		3 V(13 16 8) M(0) UV(1.00000 0.00000 1.00000 1.00000 0.00000 1.00000)
		3 V(2 14 13) M(0) UV(1.00000 0.00000 1.00000 1.00000 0.00000 1.00000)
		3 V(15 17 9) M(0) UV(1.00000 0.00000 1.00000 1.00000 0.00000 1.00000)
		3 V(7 15 12) M(0) UV(1.00000 0.00000 1.00000 1.00000 0.00000 1.00000)
		3 V(8 16 12) M(0) UV(1.00000 0.00000 1.00000 1.00000 0.00000 1.00000)
		3 V(9 17 14) M(0) UV(1.00000 0.00000 1.00000 1.00000 0.00000 1.00000)
		3 V(9 1 8) M(0) UV(1.00000 0.00000 1.00000 1.00000 0.00000 1.00000)
		3 V(6 10 5) M(0) UV(1.00000 0.00000 1.00000 1.00000 0.00000 1.00000)
		3 V(13 10 16) M(0) UV(1.00000 0.00000 1.00000 1.00000 0.00000 1.00000)
		3 V(6 13 14) M(0) UV(1.00000 0.00000 1.00000 1.00000 0.00000 1.00000)
		3 V(15 11 17) M(0) UV(1.00000 0.00000 1.00000 1.00000 0.00000 1.00000)
		3 V(15 0 12) M(0) UV(1.00000 0.00000 1.00000 1.00000 0.00000 1.00000)
		3 V(3 8 0) M(0) UV(1.00000 0.00000 1.00000 1.00000 0.00000 1.00000)
		3 V(11 4 10) M(0) UV(1.00000 0.00000 1.00000 1.00000 0.00000 1.00000)
		3 V(10 12 16) M(0) UV(1.00000 0.00000 1.00000 1.00000 0.00000 1.00000)
		3 V(11 14 17) M(0) UV(1.00000 0.00000 1.00000 1.00000 0.00000 1.00000)
		3 V(13 8 1) M(0) UV(1.00000 0.00000 1.00000 1.00000 0.00000 1.00000)
		3 V(2 13 1) M(0) UV(1.00000 0.00000 1.00000 1.00000 0.00000 1.00000)
		3 V(15 9 3) M(0) UV(1.00000 0.00000 1.00000 1.00000 0.00000 1.00000)
		3 V(7 12 4) M(0) UV(1.00000 0.00000 1.00000 1.00000 0.00000 1.00000)
		3 V(8 12 0) M(0) UV(1.00000 0.00000 1.00000 1.00000 0.00000 1.00000)
		3 V(9 14 2) M(0) UV(1.00000 0.00000 1.00000 1.00000 0.00000 1.00000)
	}
}
Eof
