Metasequoia Document
Format Text Ver 1.1

Scene {
	pos 35.4636 -168.1477 2400.0000
	lookat 0.0000 0.0000 0.0000
	head 43.1262
	pich 0.1241
	bank 0.0000
	ortho 0
	zoom2 3.1249
	amb 0.250 0.250 0.250
	dirlights 1 {
		light {
			dir 0.253 0.293 0.922
			color 1.000 1.000 1.000
		}
	}
}
Material 1 {
	"mat1" shader(3) col(1.000 1.000 1.000 1.000) dif(0.800) amb(0.600) emi(0.000) spc(0.000) power(5.00)
}
Object "$body" {
	depth 0
	folding 0
	scale 1.000000 1.000000 1.000000
	rotation 0.000000 0.000000 0.000000
	translation 0.000000 0.000000 0.000000
	visible 15
	locking 0
	shading 1
	facet 59.5
	color 0.898 0.498 0.698
	color_type 0
	vertex 381 {
		128.8900 51.7886 -197.9500
		127.1400 5.3686 -183.5000
		-0.0600 51.6886 -212.4200
		0.0100 8.1586 -193.2900
		-73.7900 -4.5014 -187.3700
		-127.1200 5.3686 -183.5000
		-128.9600 51.6886 -198.1700
		0.0700 -13.7900 -162.3500
		-2.5900 -13.7900 -143.1500
		2.7300 -13.7900 -143.1500
		2.7300 -48.1800 -143.1500
		-2.5900 -48.1800 -143.1500
		0.0700 -48.1800 -157.4100
		127.1400 5.0286 115.2900
		127.1400 5.3686 146.2700
		116.4500 -45.3114 118.6500
		74.4100 -5.0514 155.8500
		74.4000 -6.6614 115.2900
		-116.4300 -45.3114 118.6500
		-127.1800 5.3486 146.2200
		-127.1200 5.0286 115.2900
		-73.8200 -6.4814 115.2900
		-73.7900 -4.5014 155.2200
		127.1400 5.0286 -164.1200
		116.4500 -45.3114 -167.2600
		74.3400 -6.6414 -164.1200
		74.2500 -5.2514 -188.0600
		-116.4300 -45.3114 -167.2600
		-127.1200 5.0286 -164.1200
		-73.9500 -6.5514 -164.1200
		128.8900 52.1486 115.2900
		128.8900 51.7886 174.6600
		-128.9600 51.6886 174.8800
		-128.9600 52.1486 115.2900
		0.0100 -8.1214 115.2900
		128.8900 52.1486 -164.1200
		-128.9600 52.1486 -164.1200
		0.0100 -8.1214 -164.1200
		0.0000 51.6686 199.9800
		0.0000 68.1386 200.0800
		-128.9600 68.1486 174.9800
		-128.9600 68.6186 115.3400
		128.8800 68.6186 115.3400
		128.8800 68.2586 174.7700
		0.0000 68.1386 -212.2900
		128.8800 68.2586 -198.1300
		128.8800 68.6186 -164.2100
		-128.9600 68.6186 -164.2100
		-128.9600 68.1486 -198.3400
		128.8800 68.6186 109.9600
		128.8800 68.6186 -139.9700
		-128.9600 68.6186 -139.9700
		-128.9600 68.6186 109.9600
		-115.3500 68.6186 -139.9700
		-115.3500 68.6186 109.9600
		115.9400 68.6186 109.9600
		115.9400 68.6186 -139.9700
		115.9400 17.8686 109.9600
		-115.3500 17.8686 109.9600
		-115.3500 17.8686 -139.9700
		115.9400 17.8686 -139.9700
		115.9400 17.8686 9.0900
		-115.3500 17.8686 9.0900
		115.9400 5.2086 9.0900
		115.9400 5.2086 109.9600
		-115.3500 5.2086 109.9600
		-115.3500 5.2086 9.0900
		7.4400 -30.6300 -36.0800
		7.4400 -30.6300 -89.9600
		7.4400 -7.8400 -89.9600
		7.4400 -7.8400 -36.0800
		-7.4400 -30.6300 -89.9600
		-7.4400 -30.6300 -36.0800
		-7.4400 -7.8400 -36.0800
		-7.4400 -7.8400 -89.9600
		0.0000 -7.8400 -11.0500
		0.0000 -36.2600 -28.6200
		0.0000 -38.4100 -89.9600
		0.0700 -30.6400 -163.3800
		0.0700 -18.4900 -163.3800
		-2.5900 -13.7900 -128.1200
		-2.5900 -48.1800 -128.1200
		-2.5900 -30.8600 -125.7000
		2.7300 -48.1800 -128.1200
		2.7300 -30.8600 -125.7000
		2.7300 -13.7900 -128.1200
		-2.5000 -17.9500 -135.9600
		2.5000 -17.9500 -135.9600
		2.5000 4.4800 -135.9600
		-2.5000 4.4800 -135.9600
		2.5000 -17.9500 -140.9600
		2.5000 4.4800 -140.9600
		-2.5000 -17.9500 -140.9600
		-2.5000 4.4800 -140.9600
		58.7200 30.2886 188.4200
		-58.5800 30.1186 187.9000
		0.2700 33.4386 198.3100
		0.0100 5.7886 166.5200
		0.0100 -6.0714 145.5000
		0.0100 67.8686 200.2500
		79.6900 67.8686 184.7000
		45.4400 93.4311 173.4600
		0.0100 95.9086 181.8700
		128.9300 67.8686 174.9900
		73.5200 88.9117 164.8100
		128.9300 67.8686 129.1500
		73.5200 88.0486 139.9700
		79.6900 67.8686 117.2600
		45.4400 86.2386 130.3100
		0.0100 67.8686 112.7200
		0.0100 85.5486 126.6200
		-79.6700 67.8686 117.2600
		-45.4300 86.2386 130.3100
		-128.9200 67.8686 129.1500
		-73.5100 88.0486 139.9700
		-128.9200 68.1086 174.9900
		-74.9994 88.9117 165.1228
		-79.6700 67.8686 184.7000
		-46.2104 93.4311 173.9912
		9.6600 184.3486 147.7700
		9.7800 231.2086 157.9700
		-0.1500 230.5286 161.2000
		-0.2700 183.6686 151.0000
		15.7500 186.1486 139.4400
		15.8700 233.0086 149.6400
		15.6700 188.3686 129.2100
		15.7900 235.2286 139.4100
		9.4600 190.1786 120.9900
		9.5700 237.0386 131.1900
		-0.5200 190.8786 117.9000
		-0.4100 237.7386 128.1000
		-10.4600 190.1986 121.1400
		-10.3400 237.0586 131.3400
		-16.5500 188.3986 129.4700
		-16.4300 235.2586 139.6700
		-16.4700 186.1686 139.7000
		-16.3500 233.0286 149.9000
		-10.2500 184.3686 147.9200
		-10.1300 231.2286 158.1200
		0.0100 163.2086 152.2100
		0.5637 118.9370 168.7993
		10.8672 118.2535 165.5166
		9.9600 162.5486 149.0400
		17.2461 116.4724 156.9321
		16.1200 160.8286 140.7500
		17.2461 114.2771 146.3179
		16.1200 158.7086 130.5000
		10.8672 112.4960 137.7334
		9.9600 156.9886 122.2100
		0.5637 111.8229 134.4507
		0.0100 156.3386 119.0400
		-9.7501 112.4960 137.7334
		-9.9500 156.9886 122.2100
		-16.1187 114.2771 146.3179
		-16.1000 158.7086 130.5000
		-16.1187 116.4724 156.9321
		-16.1000 160.8286 140.7500
		-9.7501 118.2535 165.5166
		-9.9500 162.5486 149.0400
		-0.1356 106.7436 173.8579
		27.0951 105.8106 168.1472
		44.0322 104.2420 160.3348
		45.9494 100.3050 143.1823
		29.3711 98.0597 134.4472
		-0.1356 96.8089 130.8588
		-31.2725 97.0960 133.9654
		-50.3627 98.8287 142.6390
		-49.2514 102.7878 161.2077
		-29.2388 104.9005 169.1384
		0.4400 222.4086 236.5000
		0.4700 215.6386 241.8100
		7.0900 221.5186 236.1700
		11.1900 219.2186 235.4000
		11.1800 216.3786 234.4900
		7.0600 214.0886 233.7900
		0.4100 213.2186 233.5600
		-6.2400 214.0986 233.8900
		-10.3500 216.3986 234.6600
		-10.3400 219.2386 235.5700
		-6.2200 221.5286 236.2800
		10.6300 265.5686 133.9200
		-0.4100 256.0786 125.7600
		-0.3300 268.3786 134.9000
		17.3900 258.2086 131.5100
		17.3600 249.1186 128.5900
		10.5500 241.7686 126.2900
		-0.4300 238.9686 125.4700
		-11.3900 241.7886 126.4600
		-18.1400 249.1486 128.8700
		-18.1100 258.2386 131.7900
		-11.3100 265.5786 134.0900
		8.5300 230.2686 212.0000
		0.2500 231.3686 212.4100
		13.6400 227.4086 211.0400
		13.6200 223.8786 209.9100
		8.5000 221.0186 209.0300
		0.2200 219.9386 208.7500
		-8.0600 221.0386 209.1600
		-13.1700 223.8986 210.1200
		-13.1500 227.4286 211.2500
		-8.0300 230.2786 212.1300
		-0.2200 271.2386 148.3900
		15.6000 267.1786 146.9600
		25.3500 256.5586 143.4800
		25.3000 243.4486 139.2800
		15.4800 232.8386 135.9500
		-0.3600 228.7986 134.7800
		-16.1800 232.8686 136.2000
		-25.9300 243.4886 139.6800
		-25.8900 256.5986 143.8900
		-16.0700 267.1986 147.2100
		8.7300 236.5086 204.6100
		0.2000 238.6986 205.3700
		13.9800 230.7886 202.7300
		13.9600 223.7186 200.4700
		8.6700 218.0086 198.6700
		0.1300 215.8286 198.0400
		-8.3900 218.0186 198.8100
		-13.6500 223.7386 200.6800
		-13.6200 230.8086 202.9500
		-8.3300 236.5186 204.7400
		0.1400 250.4086 195.8400
		13.0300 247.0886 194.6800
		20.9800 238.4386 191.8400
		20.9400 227.7486 188.4200
		12.9400 219.1086 185.7100
		0.0200 215.8186 184.7500
		-12.8700 219.1286 185.9100
		-20.8100 227.7786 188.7500
		-20.7800 238.4686 192.1700
		-12.7800 247.1086 194.8800
		15.8700 255.9486 181.9800
		0.0500 259.7986 184.0700
		25.6100 245.4686 178.0800
		25.5700 232.3586 173.8500
		15.7500 221.6286 170.9100
		-0.0900 217.3886 170.3800
		-15.9000 221.2386 172.4700
		-25.6500 231.7186 176.3700
		-25.6000 244.8286 180.6000
		-15.7900 255.5486 183.5400
		-100.0000 18.4286 9.3000
		100.0000 18.4286 9.3000
		100.0000 36.8986 9.3000
		-100.0000 36.8986 9.3000
		100.0000 18.4286 -48.3200
		-100.0000 18.4286 -48.3200
		-100.0000 41.4186 -48.3200
		100.0000 41.4186 -48.3200
		-100.0000 36.8986 -31.7659
		100.0000 36.8986 -31.7659
		-100.0000 90.2786 -38.1720
		-100.0000 90.2786 -58.7020
		100.0000 90.2786 -58.7020
		100.0000 90.2786 -38.1720
		-11.3100 68.6286 97.2800
		-11.3100 68.6286 109.8000
		11.3100 68.6286 109.8000
		11.3100 68.6286 97.2800
		-11.3100 68.6286 63.1200
		-11.3100 78.6286 82.5800
		-11.3100 78.6286 64.6100
		11.3100 68.6286 63.1200
		11.3100 78.6286 64.6100
		11.3100 78.6286 82.5800
		-11.3100 45.4886 56.8600
		11.3100 45.4886 56.8600
		-11.3100 -5.7414 109.8000
		-11.3100 -5.7414 56.8600
		11.3100 -5.7414 109.8000
		11.3100 -5.7414 56.8600
		11.3100 33.5186 -44.1800
		11.3100 -5.7414 -44.1800
		-11.3100 -5.7414 -44.1800
		-11.3100 33.5186 -44.1800
		-11.3100 33.5186 9.3500
		11.3100 33.5186 9.3500
		7.1900 85.9386 51.2900
		8.0900 87.4986 49.4900
		16.1900 73.4786 49.4900
		14.3900 73.4786 51.2900
		8.9900 89.0586 51.2900
		17.9800 73.4786 51.2900
		8.0900 87.4986 53.0900
		16.1900 73.4786 53.0900
		-7.1900 85.9386 51.2900
		-8.0900 87.4986 49.4900
		-8.9900 89.0586 51.2900
		-8.0900 87.4986 53.0900
		-14.3900 73.4786 51.2900
		-16.1900 73.4786 49.4900
		-17.9800 73.4786 51.2900
		-16.1900 73.4786 53.0900
		-7.1900 61.0186 51.2900
		-8.0900 59.4586 49.4900
		-8.9900 57.9086 51.2900
		-8.0900 59.4586 53.0900
		7.1900 61.0186 51.2900
		8.0900 59.4586 49.4900
		8.9900 57.9086 51.2900
		8.0900 59.4586 53.0900
		-14.7300 71.5986 51.5800
		-1.8100 71.5986 61.2000
		-1.8100 75.3586 61.2000
		-14.7300 75.3586 51.5800
		1.8100 71.5986 61.2000
		14.7300 71.5986 51.5800
		14.7300 75.3586 51.5800
		1.8100 75.3586 61.2000
		14.7300 71.5986 51.0000
		1.8100 71.5986 60.6100
		1.8100 75.3586 60.6100
		14.7300 75.3586 51.0000
		-1.8100 71.5986 60.6100
		-1.8100 75.3586 60.6100
		-14.7300 71.5986 51.0000
		-14.7300 75.3586 51.0000
		-1.8100 60.3186 51.5800
		1.8100 60.3186 51.5800
		1.8100 60.3186 51.0000
		-1.8100 60.3186 51.0000
		-1.8100 75.3586 66.7100
		1.8100 75.3586 66.7100
		1.8100 71.5986 66.7100
		-1.8100 71.5986 66.7100
		111.7200 156.1402 -97.6100
		115.1200 142.9802 -98.1300
		112.6700 142.9802 -109.1300
		52.8500 134.2586 -136.8300
		96.6300 158.0102 -109.4100
		0.7500 138.3986 -136.8200
		-115.1200 142.9802 -98.1300
		-111.7200 156.1402 -97.6100
		-112.6700 142.9802 -109.1300
		-92.7700 170.2002 100.0000
		-92.7700 178.9802 85.9900
		-112.1700 158.4002 85.9900
		93.4400 130.6986 -137.0200
		93.5400 120.5286 -147.4800
		80.8400 130.6986 -136.7900
		-93.5400 120.5286 -147.4800
		-93.3900 130.7186 -137.0200
		-81.2400 130.6686 -137.0600
		77.9900 137.5186 -172.1200
		-84.0300 137.3986 -172.1200
		-92.7700 170.5802 -96.9400
		92.7600 170.5802 -96.9400
		-96.7200 158.3102 -109.5200
		113.6500 158.4002 -85.9900
		92.7600 170.2002 100.0000
		92.7600 178.9802 85.9900
		112.1700 158.4002 100.0000
		112.1700 158.4002 85.9900
		-92.7800 178.9802 -78.4700
		92.7600 178.9802 -78.4700
		123.8800 66.9686 -99.5600
		123.1500 66.9686 -54.2900
		120.9000 79.8886 -99.3500
		114.3700 80.1486 -151.9000
		117.2500 67.6586 -158.5800
		123.1500 66.9686 103.6200
		123.1500 66.9686 89.6100
		93.1600 95.6086 -172.0700
		93.4700 87.0786 -180.3500
		93.4900 67.6586 -198.2400
		-52.5000 134.2386 -137.0200
		-52.5000 146.1686 -180.0800
		52.8500 146.2486 -180.0800
		0.6900 158.2986 -190.8700
		-113.6500 158.4002 -85.9900
		-112.1700 158.4002 100.0000
		-123.8800 66.9686 -99.5600
		-123.1500 66.9686 -54.2900
		-120.9000 79.8886 -99.3500
		-114.3700 80.1486 -151.9000
		-117.2500 67.6586 -158.5800
		-123.1500 66.9686 103.6200
		-123.1500 66.9686 89.6100
		-93.1600 95.6086 -172.0700
		-93.4700 87.0786 -180.3500
		-93.4900 67.6586 -198.2400
	}
	face 440 {
		3 V(9 8 7) M(0) UV(0.53531 0.37207 0.53527 0.36855 0.54797 0.37020)
		3 V(12 11 10) M(0) UV(0.54500 0.39684 0.53559 0.39859 0.53559 0.39512)
		3 V(15 14 13) M(0) UV(0.37473 0.32699 0.33879 0.34660 0.33902 0.32461)
		3 V(17 16 15) M(0) UV(0.42535 0.28973 0.42531 0.31852 0.39551 0.29211)
		3 V(20 19 18) M(0) UV(0.03828 0.32371 0.03852 0.34566 0.00258 0.32609)
		3 V(18 22 21) M(0) UV(0.56070 0.29211 0.53047 0.31805 0.53047 0.28973)
		3 V(24 23 1) M(0) UV(0.37473 0.12422 0.33902 0.12645 0.33879 0.11270)
		3 V(26 25 24) M(0) UV(0.42547 0.07457 0.42539 0.09152 0.39551 0.08934)
		3 V(5 28 27) M(0) UV(0.03852 0.11180 0.03828 0.12551 0.00258 0.12328)
		3 V(27 29 4) M(0) UV(0.56070 0.08934 0.53059 0.09152 0.53047 0.07504)
		3 V(26 24 1) M(0) UV(0.13344 0.06781 0.10352 0.09625 0.09594 0.06031)
		3 V(5 27 4) M(0) UV(0.27629 0.06031 0.26871 0.09625 0.23844 0.06730)
		3 V(42 43 39) M(0) UV(0.27926 0.32523 0.27926 0.36738 0.18785 0.38531)
		3 V(44 45 46) M(0) UV(0.18785 0.09281 0.27926 0.10285 0.27926 0.12691)
		3 V(42 49 30) M(0) UV(0.29391 0.32465 0.29391 0.32082 0.30559 0.32461)
		3 V(50 46 35) M(0) UV(0.29391 0.14355 0.29391 0.12637 0.30559 0.12645)
		3 V(47 51 36) M(0) UV(0.08336 0.12547 0.08336 0.14266 0.07168 0.12551)
		3 V(52 41 33) M(0) UV(0.08336 0.31992 0.08336 0.32375 0.07168 0.32371)
		3 V(51 47 53) M(0) UV(0.09637 0.14410 0.09637 0.12691 0.10602 0.14410)
		3 V(46 50 56) M(0) UV(0.27926 0.12691 0.27926 0.14410 0.27008 0.14410)
		3 V(55 57 61) M(0) UV(0.86652 0.32750 0.83055 0.32750 0.83055 0.25598)
		3 V(58 54 62) M(0) UV(0.62520 0.32684 0.58918 0.32684 0.62520 0.25527)
		3 V(77 71 72) M(0) UV(0.46434 0.38563 0.46434 0.39086 0.42605 0.39086)
		3 V(77 72 76) M(0) UV(0.46441 0.38547 0.42617 0.39074 0.42090 0.38547)
		3 V(67 68 77) M(0) UV(0.42629 0.38023 0.46453 0.38023 0.46453 0.38574)
		3 V(67 77 76) M(0) UV(0.42617 0.38020 0.46441 0.38547 0.42090 0.38547)
		3 V(77 68 69) M(0) UV(0.48605 0.38555 0.48055 0.39082 0.46437 0.39082)
		3 V(80 82 81) M(0) UV(0.52562 0.37230 0.52402 0.38355 0.52562 0.39496)
		3 V(84 85 83) M(0) UV(0.52410 0.38367 0.52570 0.37242 0.52570 0.39512)
		3 V(94 38 31) M(0) UV(0.22914 0.41871 0.18750 0.40355 0.27891 0.40348)
		3 V(14 15 16) M(0) UV(0.27770 0.43641 0.27008 0.47234 0.24027 0.44379)
		3 V(95 32 38) M(0) UV(0.14594 0.41887 0.09602 0.40355 0.18750 0.40355)
		3 V(18 19 22) M(0) UV(0.10492 0.47234 0.09730 0.43641 0.13516 0.44340)
		3 V(22 96 97) M(0) UV(0.53098 0.31898 0.47793 0.34863 0.47852 0.32609)
		3 V(38 96 97) M(0) UV(0.18750 0.40355 0.18770 0.41648 0.18762 0.41668)
		3 V(38 96 97) M(0) UV(0.47813 0.34980 0.47793 0.34863 0.47813 0.32605)
		3 V(98 22 97) M(0) UV(0.47813 0.31117 0.53047 0.31805 0.47813 0.32605)
		3 V(104 103 100) M(0) UV(0.20020 0.64738 0.24715 0.66965 0.20570 0.66965)
		3 V(109 107 108) M(0) UV(0.33340 0.66812 0.26129 0.66812 0.29395 0.65219)
		3 V(112 111 109) M(0) UV(0.37285 0.65219 0.40258 0.66812 0.33340 0.66812)
		3 V(117 115 116) M(0) UV(0.06488 0.66965 0.02074 0.66965 0.06844 0.64738)
		3 V(143 141 142) M(0) UV(0.16266 0.59496 0.15563 0.59352 0.16922 0.55563)
		3 V(147 146 148) M(0) UV(0.17844 0.59824 0.18496 0.55891 0.19203 0.56035)
		3 V(160 141 143) M(0) UV(0.16434 0.63402 0.15141 0.62715 0.15898 0.62187)
		3 V(161 104 101) M(0) UV(0.18055 0.63227 0.20551 0.64504 0.17918 0.64441)
		3 V(108 106 162) M(0) UV(0.29395 0.65219 0.26957 0.65059 0.29480 0.63996)
		3 V(108 162 163) M(0) UV(0.29395 0.65219 0.29285 0.63906 0.30883 0.64188)
		3 V(155 157 168) M(0) UV(0.10953 0.62223 0.11711 0.62754 0.10230 0.63539)
		3 V(118 116 167) M(0) UV(0.08937 0.64477 0.06500 0.64539 0.08414 0.63441)
		3 V(174 170 173) M(0) UV(0.60273 0.66195 0.61379 0.67539 0.59582 0.66312)
		3 V(177 170 176) M(0) UV(0.63191 0.66340 0.61379 0.67539 0.62504 0.66211)
		3 V(178 170 177) M(0) UV(0.46840 0.67922 0.48430 0.68449 0.46836 0.68340)
		3 V(179 170 178) M(0) UV(0.47445 0.67582 0.48430 0.68449 0.46840 0.67922)
		3 V(193 194 173) M(0) UV(0.54066 0.62273 0.54688 0.62270 0.54645 0.66578)
		3 V(193 173 172) M(0) UV(0.54066 0.62273 0.54645 0.66578 0.54145 0.66582)
		3 V(198 199 178) M(0) UV(0.41902 0.62379 0.42523 0.62383 0.42441 0.66684)
		3 V(198 178 177) M(0) UV(0.41902 0.62379 0.42441 0.66684 0.41941 0.66680)
		3 V(211 191 192) M(0) UV(0.49840 0.61980 0.49809 0.63223 0.48422 0.63289)
		3 V(213 193 191) M(0) UV(0.50723 0.61668 0.50664 0.63059 0.49809 0.63223)
		3 V(213 191 211) M(0) UV(0.50648 0.61684 0.49734 0.61770 0.49770 0.60723)
		3 V(195 194 214) M(0) UV(0.46934 0.60750 0.46070 0.60898 0.46016 0.59316)
		3 V(195 214 215) M(0) UV(0.46934 0.60750 0.46016 0.59316 0.46902 0.59016)
		3 V(200 199 219) M(0) UV(0.47031 0.63242 0.46172 0.63098 0.46094 0.61703)
		3 V(200 219 220) M(0) UV(0.46961 0.61766 0.46020 0.61680 0.46906 0.60723)
		3 V(192 200 220) M(0) UV(0.48422 0.63289 0.47031 0.63242 0.46980 0.62004)
		3 V(250 248 245) M(0) UV(0.93566 0.31098 0.93566 0.32098 0.92418 0.32098)
		3 V(247 249 246) M(0) UV(0.93547 0.16738 0.93547 0.17738 0.92398 0.16738)
		3 V(257 258 269) M(0) UV(0.55937 0.01305 0.56813 0.01305 0.55937 0.06504)
		3 V(262 266 270) M(0) UV(0.59199 0.01305 0.59637 0.02922 0.59637 0.06504)
		3 V(276 271 272) M(0) UV(0.62957 0.03758 0.66699 0.03758 0.66699 0.06504)
		3 V(275 265 268) M(0) UV(0.62980 0.03754 0.59645 0.02918 0.59645 0.06496)
		3 V(279 278 277) M(0) UV(0.89992 0.60219 0.91328 0.57391 0.91715 0.57539)
		3 V(279 277 280) M(0) UV(0.89996 0.60227 0.91734 0.57520 0.90414 0.60414)
		3 V(284 283 281) M(0) UV(0.89746 0.51488 0.91848 0.47922 0.92309 0.47926)
		3 V(284 281 282) M(0) UV(0.89965 0.51258 0.92242 0.47957 0.90371 0.51473)
		3 V(286 289 285) M(0) UV(0.96559 0.57340 0.98172 0.60922 0.96328 0.57738)
		3 V(288 292 291) M(0) UV(0.97363 0.47973 0.98980 0.51781 0.98703 0.52148)
		3 V(288 291 287) M(0) UV(0.97340 0.47934 0.98680 0.52109 0.96883 0.47879)
		3 V(290 294 293) M(0) UV(0.98652 0.60930 0.96867 0.64070 0.96352 0.64090)
		3 V(300 284 282) M(0) UV(0.91848 0.55195 0.90422 0.51910 0.90844 0.51727)
		3 V(300 282 299) M(0) UV(0.91848 0.55195 0.90848 0.51742 0.92176 0.54801)
		3 V(327 326 325) M(0) UV(0.83555 0.45332 0.83746 0.45824 0.83164 0.46074)
		3 V(325 326 327) M(0) UV(0.82949 0.67082 0.83074 0.67703 0.82559 0.67824)
		3 V(330 329 328) M(0) UV(0.77641 0.68918 0.82246 0.67602 0.80145 0.68918)
		3 V(328 329 330) M(0) UV(0.80375 0.44180 0.82477 0.45496 0.77871 0.44180)
		3 V(333 332 331) M(0) UV(0.72059 0.45324 0.72434 0.46074 0.71855 0.45812)
		3 V(332 333 331) M(0) UV(0.72238 0.67949 0.71609 0.68512 0.71605 0.67980)
		3 V(336 335 334) M(0) UV(0.73094 0.55742 0.72570 0.54902 0.73363 0.54906)
		3 V(334 335 336) M(0) UV(0.72180 0.58172 0.72711 0.57539 0.73059 0.58188)
		3 V(339 338 337) M(0) UV(0.81719 0.44160 0.82328 0.43648 0.82320 0.44148)
		3 V(342 341 340) M(0) UV(0.73934 0.44160 0.73348 0.44164 0.73344 0.43660)
		3 V(339 343 338) M(0) UV(0.81719 0.44160 0.81578 0.42465 0.82328 0.43648)
		3 V(340 344 342) M(0) UV(0.73344 0.43660 0.73797 0.42477 0.73934 0.44160)
		3 V(337 338 339) M(0) UV(0.82066 0.68934 0.82070 0.69434 0.81461 0.68922)
		3 V(340 341 342) M(0) UV(0.73086 0.69445 0.73094 0.68941 0.73676 0.68945)
		3 V(338 343 339) M(0) UV(0.82070 0.69434 0.81324 0.70617 0.81461 0.68922)
		3 V(342 344 340) M(0) UV(0.73676 0.68945 0.73539 0.70629 0.73086 0.69445)
		3 V(329 346 345) M(0) UV(0.82457 0.45504 0.82273 0.46102 0.73359 0.46102)
		3 V(329 345 347) M(0) UV(0.82469 0.45512 0.73367 0.46109 0.73180 0.45508)
		3 V(352 351 349) M(0) UV(0.83246 0.54922 0.83262 0.55594 0.82695 0.55609)
		3 V(348 325 326) M(0) UV(0.83281 0.46645 0.83184 0.46082 0.83766 0.45832)
		3 V(326 357 355) M(0) UV(0.68973 0.45098 0.68766 0.45480 0.68781 0.46332)
		3 V(325 329 327) M(0) UV(0.83199 0.46051 0.82473 0.45484 0.83242 0.45500)
		3 V(338 362 358) M(0) UV(0.83727 0.43176 0.84391 0.41633 0.85445 0.42254)
		3 V(358 362 358) M(0) UV(0.75097 0.53045 0.75175 0.52984 0.75097 0.53045)
		3 V(363 364 359) M(0) UV(0.84621 0.41109 0.85164 0.39965 0.85879 0.41730)
		3 V(341 342 347) M(0) UV(0.73355 0.44172 0.73937 0.44172 0.73195 0.45492)
		3 V(328 339 329) M(0) UV(0.80371 0.44168 0.81715 0.44172 0.82473 0.45484)
		3 V(348 346 354) M(0) UV(0.83027 0.66480 0.82023 0.67008 0.82023 0.66117)
		3 V(348 354 348) M(0) UV(0.74648 0.52612 0.74566 0.52583 0.74648 0.52612)
		3 V(357 348 357) M(0) UV(0.86582 0.67715 0.82949 0.67070 0.86582 0.67715)
		3 V(354 350 348) M(0) UV(0.82023 0.66117 0.82023 0.58219 0.83027 0.66480)
		3 V(348 350 352) M(0) UV(0.83012 0.66402 0.82023 0.58145 0.83012 0.58145)
		3 V(337 329 359) M(0) UV(0.82027 0.69367 0.82195 0.67605 0.83336 0.72285)
		3 V(329 325 358) M(0) UV(0.82230 0.67621 0.82957 0.67055 0.83367 0.72281)
		3 V(325 327 358) M(0) UV(0.83164 0.45984 0.83547 0.45234 0.85445 0.42254)
		3 V(358 359 329) M(0) UV(0.74651 0.52870 0.74662 0.52896 0.74582 0.52704)
		3 V(341 347 342) M(0) UV(0.73094 0.68941 0.72934 0.67621 0.73676 0.68945)
		3 V(347 330 329) M(0) UV(0.73195 0.45492 0.77879 0.44184 0.82484 0.45496)
		3 V(329 330 347) M(0) UV(0.82219 0.67605 0.77613 0.68926 0.72934 0.67613)
		3 V(336 334 370) M(0) UV(0.72508 0.55020 0.73051 0.55711 0.72484 0.55691)
		3 V(353 369 345) M(0) UV(0.73352 0.46992 0.72348 0.46629 0.73352 0.46105)
		3 V(369 331 332) M(0) UV(0.72340 0.46641 0.71863 0.45824 0.72441 0.46082)
		3 V(331 371 373) M(0) UV(0.71863 0.45824 0.68621 0.44477 0.69195 0.44711)
		3 V(373 371 373) M(0) UV(0.74642 0.52943 0.74643 0.52994 0.74642 0.52943)
		3 V(373 371 373) M(0) UV(0.74642 0.52943 0.74643 0.52994 0.74642 0.52943)
		3 V(336 377 336) M(0) UV(0.72152 0.58207 0.67898 0.58031 0.72152 0.58207)
		3 V(340 374 378) M(0) UV(0.71922 0.43406 0.70246 0.42406 0.71324 0.41836)
		3 V(379 375 380) M(0) UV(0.71117 0.41301 0.69836 0.41867 0.70625 0.40133)
		3 V(334 336 370) M(0) UV(0.72719 0.57531 0.72152 0.58207 0.72152 0.57531)
		3 V(369 353 345) M(0) UV(0.72086 0.66453 0.73090 0.66094 0.73090 0.66980)
		3 V(375 371 374) M(0) UV(0.68109 0.70871 0.68074 0.68039 0.68707 0.70551)
		3 V(374 371 373) M(0) UV(0.68707 0.70551 0.68074 0.68039 0.68695 0.68027)
		3 V(341 375 347) M(0) UV(0.73062 0.69395 0.71855 0.72359 0.72844 0.67633)
		3 V(347 374 332) M(0) UV(0.72836 0.67648 0.71969 0.71707 0.72340 0.67348)
		3 V(332 374 333) M(0) UV(0.72359 0.46234 0.70246 0.42406 0.72012 0.45469)
		3 V(374 347 374) M(0) UV(0.75603 0.52673 0.75452 0.52353 0.75603 0.52673)
		3 V(374 347 375) M(0) UV(0.75351 0.53046 0.75516 0.52752 0.75325 0.53095)
		3 V(373 371 373) M(0) UV(0.76117 0.52862 0.76118 0.52913 0.76117 0.52862)
		4 V(5 4 2 6) M(0) UV(0.27629 0.06031 0.23844 0.06730 0.18613 0.02742 0.27758 0.02746)
		4 V(34 98 16 17) M(0) UV(0.47813 0.28973 0.47813 0.31117 0.42531 0.31852 0.42535 0.28973)
		4 V(22 98 34 21) M(0) UV(0.53047 0.31805 0.47813 0.31117 0.47813 0.28973 0.53047 0.28973)
		4 V(35 23 13 30) M(0) UV(0.30559 0.12645 0.33902 0.12645 0.33902 0.32461 0.30559 0.32461)
		4 V(23 24 15 13) M(0) UV(0.33902 0.12645 0.37473 0.12422 0.37473 0.32699 0.33902 0.32461)
		4 V(27 28 20 18) M(0) UV(0.00258 0.12328 0.03828 0.12551 0.03828 0.32371 0.00258 0.32609)
		4 V(28 36 33 20) M(0) UV(0.03828 0.12551 0.07168 0.12551 0.07168 0.32371 0.03828 0.32371)
		4 V(29 27 18 21) M(0) UV(0.53059 0.09152 0.56070 0.08934 0.56070 0.29211 0.53047 0.28973)
		4 V(15 24 25 17) M(0) UV(0.39551 0.29211 0.39551 0.08934 0.42539 0.09152 0.42535 0.28973)
		4 V(17 25 37 34) M(0) UV(0.42535 0.28973 0.42539 0.09152 0.47813 0.09152 0.47813 0.28973)
		4 V(37 29 21 34) M(0) UV(0.47813 0.09152 0.53059 0.09152 0.53047 0.28973 0.47813 0.28973)
		4 V(1 23 35 0) M(0) UV(0.33879 0.11270 0.33902 0.12645 0.30559 0.12645 0.30586 0.10242)
		4 V(5 6 36 28) M(0) UV(0.03852 0.11180 0.07137 0.10137 0.07168 0.12551 0.03828 0.12551)
		4 V(26 3 37 25) M(0) UV(0.42547 0.07457 0.47813 0.07086 0.47813 0.09152 0.42539 0.09152)
		4 V(4 29 37 3) M(0) UV(0.53047 0.07504 0.53059 0.09152 0.47813 0.09152 0.47813 0.07086)
		4 V(32 40 39 38) M(0) UV(0.09602 0.40355 0.09602 0.39187 0.18750 0.39187 0.18750 0.40355)
		4 V(33 41 40 32) M(0) UV(0.07168 0.32371 0.08336 0.32375 0.08305 0.36605 0.07137 0.36598)
		4 V(31 43 42 30) M(0) UV(0.30586 0.36672 0.29414 0.36680 0.29391 0.32465 0.30559 0.32461)
		4 V(38 39 43 31) M(0) UV(0.18750 0.40355 0.18750 0.39187 0.27891 0.39180 0.27891 0.40348)
		4 V(42 39 40 41) M(0) UV(0.27926 0.32523 0.18785 0.38531 0.09637 0.36754 0.09637 0.32523)
		4 V(0 45 44 2) M(0) UV(0.09469 0.02738 0.09469 0.01570 0.18609 0.01578 0.18613 0.02742)
		4 V(35 46 45 0) M(0) UV(0.30559 0.12645 0.29391 0.12637 0.29414 0.10230 0.30586 0.10242)
		4 V(6 48 47 36) M(0) UV(0.07137 0.10137 0.08305 0.10125 0.08336 0.12547 0.07168 0.12551)
		4 V(2 44 48 6) M(0) UV(0.18613 0.02742 0.18609 0.01578 0.27758 0.01578 0.27758 0.02746)
		4 V(49 50 35 30) M(0) UV(0.29391 0.32082 0.29391 0.14355 0.30559 0.12645 0.30559 0.32461)
		4 V(51 52 33 36) M(0) UV(0.08336 0.14266 0.08336 0.31992 0.07168 0.32371 0.07168 0.12551)
		4 V(53 54 52 51) M(0) UV(0.10602 0.14410 0.10602 0.32141 0.09637 0.32141 0.09637 0.14410)
		4 V(55 56 50 49) M(0) UV(0.27008 0.32141 0.27008 0.14410 0.27926 0.14410 0.27926 0.32141)
		4 V(46 56 53 47) M(0) UV(0.27926 0.12691 0.27008 0.14410 0.10602 0.14410 0.09637 0.12691)
		4 V(52 54 42 41) M(0) UV(0.09637 0.32141 0.10602 0.32141 0.27926 0.32523 0.09637 0.32523)
		4 V(55 49 42 54) M(0) UV(0.27008 0.32141 0.27926 0.32141 0.27926 0.32523 0.10602 0.32141)
		4 V(54 58 57 55) M(0) UV(0.64695 0.37902 0.64695 0.34305 0.81102 0.34305 0.81102 0.37902)
		4 V(56 60 59 53) M(0) UV(0.81102 0.09859 0.81102 0.13461 0.64695 0.13461 0.64695 0.09859)
		4 V(61 62 59 60) M(0) UV(0.81098 0.24035 0.64695 0.24035 0.64695 0.13465 0.81098 0.13465)
		4 V(56 55 61 60) M(0) UV(0.86652 0.15023 0.86652 0.32750 0.83055 0.25598 0.83055 0.15023)
		4 V(53 59 62 54) M(0) UV(0.58918 0.14953 0.62520 0.14953 0.62520 0.25527 0.58918 0.32684)
		4 V(57 64 63 61) M(0) UV(0.83055 0.32750 0.81500 0.32750 0.81500 0.25598 0.83055 0.25598)
		4 V(58 65 64 57) M(0) UV(0.64695 0.34305 0.64695 0.32750 0.81102 0.32750 0.81102 0.34305)
		4 V(62 66 65 58) M(0) UV(0.62520 0.25527 0.64070 0.25527 0.64070 0.32684 0.62520 0.32684)
		4 V(61 63 66 62) M(0) UV(0.81098 0.24035 0.81098 0.25590 0.64691 0.25590 0.64691 0.24035)
		4 V(66 63 64 65) M(0) UV(0.64691 0.25590 0.81098 0.25590 0.81098 0.32742 0.64691 0.32742)
		4 V(67 70 69 68) M(0) UV(0.42629 0.38023 0.42629 0.36406 0.46453 0.36406 0.46453 0.38023)
		4 V(71 74 73 72) M(0) UV(0.46434 0.39086 0.46434 0.40613 0.42605 0.40613 0.42605 0.39086)
		4 V(75 76 72 73) M(0) UV(0.40824 0.40613 0.42074 0.38707 0.42605 0.39086 0.42605 0.40613)
		4 V(67 76 75 70) M(0) UV(0.42629 0.38023 0.42102 0.38422 0.40855 0.36406 0.42629 0.36406)
		4 V(71 77 69 74) M(0) UV(0.48055 0.38027 0.48605 0.38555 0.46437 0.39082 0.46437 0.38027)
		4 V(8 11 12 7) M(0) UV(0.53566 0.37230 0.53566 0.39496 0.54516 0.39496 0.54848 0.37230)
		4 V(80 81 11 8) M(0) UV(0.52562 0.37230 0.52562 0.39496 0.53566 0.39496 0.53566 0.37230)
		4 V(81 83 10 11) M(0) UV(0.52566 0.39859 0.52566 0.39512 0.53559 0.39512 0.53559 0.39859)
		4 V(82 84 83 81) M(0) UV(0.51516 0.38363 0.51895 0.38363 0.51895 0.39590 0.51516 0.39590)
		4 V(80 85 84 82) M(0) UV(0.51516 0.37152 0.51895 0.37152 0.51895 0.38363 0.51516 0.38363)
		4 V(8 9 85 80) M(0) UV(0.53527 0.36855 0.53531 0.37207 0.52539 0.37215 0.52535 0.36863)
		4 V(85 9 10 83) M(0) UV(0.52570 0.37242 0.53562 0.37242 0.53562 0.39512 0.52570 0.39512)
		4 V(9 7 12 10) M(0) UV(0.53562 0.37242 0.54828 0.37242 0.54504 0.39512 0.53562 0.39512)
		4 V(7 79 78 12) M(0) UV(0.54828 0.37242 0.54898 0.37551 0.54898 0.38352 0.54504 0.39512)
		4 V(86 89 88 87) M(0) UV(0.50555 0.39332 0.50555 0.37742 0.50910 0.37742 0.50910 0.39332)
		4 V(87 88 91 90) M(0) UV(0.50559 0.39328 0.50559 0.37734 0.50914 0.37734 0.50914 0.39328)
		4 V(90 91 93 92) M(0) UV(0.50563 0.39324 0.50563 0.37734 0.50914 0.37734 0.50914 0.39324)
		4 V(92 93 89 86) M(0) UV(0.50566 0.39328 0.50566 0.37738 0.50922 0.37738 0.50922 0.39328)
		4 V(92 86 87 90) M(0) UV(0.50563 0.37691 0.50563 0.37340 0.50918 0.37340 0.50918 0.37691)
		4 V(14 16 94 31) M(0) UV(0.27770 0.43641 0.24027 0.44379 0.22914 0.41871 0.27891 0.40348)
		4 V(95 22 19 32) M(0) UV(0.14594 0.41887 0.13516 0.44340 0.09730 0.43641 0.09602 0.40355)
		4 V(95 38 96 22) M(0) UV(0.14594 0.41887 0.18750 0.40355 0.18770 0.41648 0.13516 0.44340)
		4 V(94 16 96 38) M(0) UV(0.22914 0.41871 0.24027 0.44379 0.18770 0.41648 0.18750 0.40355)
		4 V(16 98 97 96) M(0) UV(0.42531 0.31852 0.47813 0.31117 0.47813 0.32605 0.47793 0.34863)
		4 V(1 0 2 26) M(0) UV(0.09594 0.06031 0.09469 0.02738 0.18613 0.02742 0.13344 0.06781)
		4 V(102 160 101 99) M(0) UV(0.13434 0.64453 0.15770 0.63578 0.17504 0.64594 0.13434 0.66965)
		4 V(100 99 101 104) M(0) UV(0.20570 0.66965 0.13434 0.66965 0.17504 0.64594 0.20020 0.64738)
		4 V(103 104 106 105) M(0) UV(0.24703 0.66938 0.20551 0.64504 0.20988 0.62391 0.26004 0.63051)
		4 V(106 108 107 105) M(0) UV(0.20988 0.62391 0.19145 0.60773 0.22156 0.60637 0.26004 0.63051)
		4 V(108 163 110 109) M(0) UV(0.29395 0.65219 0.30883 0.64188 0.33340 0.65277 0.33340 0.66812)
		4 V(110 165 112 109) M(0) UV(0.33340 0.65277 0.36020 0.64270 0.37285 0.65219 0.33340 0.66812)
		4 V(114 116 115 113) M(0) UV(0.05793 0.62430 0.06500 0.64539 0.02078 0.66973 0.00777 0.63086)
		4 V(118 168 102 99) M(0) UV(0.09359 0.64594 0.10887 0.63641 0.13434 0.64453 0.13434 0.66965)
		4 V(119 122 121 120) M(0) UV(0.14297 0.56527 0.13406 0.56590 0.13418 0.52391 0.14309 0.52328)
		4 V(123 119 120 124) M(0) UV(0.17738 0.53559 0.17031 0.53711 0.16164 0.49727 0.16871 0.49574)
		4 V(125 123 124 126) M(0) UV(0.18609 0.53371 0.17738 0.53559 0.16871 0.49574 0.17742 0.49387)
		4 V(127 125 126 128) M(0) UV(0.19309 0.53215 0.18609 0.53371 0.17742 0.49387 0.18441 0.49230)
		4 V(129 127 128 130) M(0) UV(0.33387 0.56133 0.32520 0.56191 0.32508 0.52125 0.33375 0.52062)
		4 V(131 129 130 132) M(0) UV(0.34246 0.56191 0.33387 0.56133 0.33375 0.52062 0.34238 0.52121)
		4 V(133 131 132 134) M(0) UV(0.08609 0.53469 0.07906 0.53316 0.08770 0.49352 0.09473 0.49504)
		4 V(135 133 134 136) M(0) UV(0.09477 0.53660 0.08609 0.53469 0.09473 0.49504 0.10340 0.49691)
		4 V(137 135 136 138) M(0) UV(0.10172 0.53812 0.09477 0.53660 0.10340 0.49691 0.11035 0.49844)
		4 V(122 137 138 121) M(0) UV(0.13406 0.56590 0.12512 0.56527 0.12523 0.52328 0.13418 0.52391)
		4 V(139 142 141 140) M(0) UV(0.13434 0.58426 0.14324 0.58480 0.14324 0.62473 0.13434 0.62414)
		4 V(119 142 139 122) M(0) UV(0.14297 0.56527 0.14324 0.58480 0.13434 0.58426 0.13406 0.56590)
		4 V(144 145 143 142) M(0) UV(0.17629 0.55711 0.17137 0.59680 0.16266 0.59496 0.16922 0.55563)
		4 V(144 142 119 123) M(0) UV(0.17629 0.55711 0.16922 0.55563 0.17031 0.53711 0.17738 0.53559)
		4 V(146 147 145 144) M(0) UV(0.18496 0.55891 0.17844 0.59824 0.17137 0.59680 0.17629 0.55711)
		4 V(146 144 123 125) M(0) UV(0.18496 0.55891 0.17629 0.55711 0.17738 0.53559 0.18609 0.53371)
		4 V(148 146 125 127) M(0) UV(0.19203 0.56035 0.18496 0.55891 0.18609 0.53371 0.19309 0.53215)
		4 V(148 150 149 147) M(0) UV(0.32477 0.59074 0.33340 0.59133 0.33340 0.63000 0.32477 0.62941)
		4 V(150 148 127 129) M(0) UV(0.33340 0.59133 0.32477 0.59074 0.32520 0.56191 0.33387 0.56133)
		4 V(150 152 151 149) M(0) UV(0.33340 0.59133 0.34203 0.59074 0.34203 0.62941 0.33340 0.63000)
		4 V(131 152 150 129) M(0) UV(0.34246 0.56191 0.34203 0.59074 0.33340 0.59133 0.33387 0.56133)
		4 V(151 152 154 153) M(0) UV(0.09348 0.59902 0.07996 0.56129 0.08695 0.55984 0.10051 0.59754)
		4 V(133 154 152 131) M(0) UV(0.08609 0.53469 0.08695 0.55984 0.07996 0.56129 0.07906 0.53316)
		4 V(154 156 155 153) M(0) UV(0.08695 0.55984 0.09566 0.55805 0.10922 0.59574 0.10051 0.59754)
		4 V(135 156 154 133) M(0) UV(0.09477 0.53660 0.09566 0.55805 0.08695 0.55984 0.08609 0.53469)
		4 V(156 158 157 155) M(0) UV(0.09566 0.55805 0.10270 0.55656 0.11621 0.59430 0.10922 0.59574)
		4 V(137 158 156 135) M(0) UV(0.10172 0.53812 0.10270 0.55656 0.09566 0.55805 0.09477 0.53660)
		4 V(158 139 140 157) M(0) UV(0.12539 0.58480 0.13434 0.58426 0.13434 0.62414 0.12539 0.62473)
		4 V(122 139 158 137) M(0) UV(0.13406 0.56590 0.13434 0.58426 0.12539 0.58480 0.12512 0.56527)
		4 V(159 157 140 141) M(0) UV(0.13387 0.63496 0.12539 0.62473 0.13434 0.62414 0.14324 0.62473)
		4 V(160 102 159 141) M(0) UV(0.15770 0.63578 0.13434 0.64453 0.13387 0.63496 0.14324 0.62473)
		4 V(145 162 161 143) M(0) UV(0.16191 0.61316 0.18688 0.61859 0.18055 0.63227 0.15898 0.62187)
		4 V(104 161 162 106) M(0) UV(0.20551 0.64504 0.18055 0.63227 0.18688 0.61859 0.20988 0.62391)
		4 V(163 162 145 147) M(0) UV(0.17555 0.60676 0.18688 0.61859 0.16191 0.61316 0.15906 0.60434)
		4 V(149 151 164 147) M(0) UV(0.33340 0.63000 0.34203 0.62941 0.33383 0.64293 0.32477 0.62941)
		4 V(164 110 163 147) M(0) UV(0.33383 0.64293 0.33340 0.65277 0.30883 0.64188 0.32477 0.62941)
		4 V(165 110 164 151) M(0) UV(0.36020 0.64270 0.33340 0.65277 0.33383 0.64293 0.34203 0.62941)
		4 V(112 165 166 114) M(0) UV(0.37285 0.65219 0.36020 0.64270 0.37637 0.64121 0.39723 0.65059)
		4 V(167 166 153 155) M(0) UV(0.08414 0.63441 0.07723 0.61992 0.10660 0.61352 0.10953 0.62223)
		4 V(166 167 116 114) M(0) UV(0.07723 0.61992 0.08414 0.63441 0.06500 0.64539 0.05793 0.62430)
		4 V(168 118 167 155) M(0) UV(0.10230 0.63539 0.08937 0.64477 0.08414 0.63441 0.10953 0.62223)
		4 V(159 102 168 157) M(0) UV(0.13387 0.63496 0.13434 0.64453 0.10887 0.63641 0.12539 0.62473)
		4 V(170 179 169 171) M(0) UV(0.48430 0.68449 0.47445 0.67582 0.48422 0.67453 0.49402 0.67586)
		4 V(172 173 170 171) M(0) UV(0.50008 0.67922 0.50004 0.68340 0.48430 0.68449 0.49402 0.67586)
		4 V(175 176 170 174) M(0) UV(0.61387 0.66156 0.62504 0.66211 0.61379 0.67539 0.60273 0.66195)
		4 V(182 190 181 180) M(0) UV(0.48391 0.47758 0.46707 0.47328 0.48379 0.45871 0.50070 0.47328)
		4 V(181 184 183 180) M(0) UV(0.48379 0.45871 0.51102 0.44809 0.51109 0.46199 0.50070 0.47328)
		4 V(181 186 185 184) M(0) UV(0.48379 0.45871 0.48375 0.43250 0.50059 0.43680 0.51102 0.44809)
		4 V(181 188 187 186) M(0) UV(0.48379 0.45871 0.45660 0.44809 0.46695 0.43684 0.48375 0.43250)
		4 V(181 190 189 188) M(0) UV(0.48379 0.45871 0.46707 0.47328 0.45664 0.46203 0.45660 0.44809)
		4 V(171 169 192 191) M(0) UV(0.49566 0.67273 0.48449 0.67328 0.48422 0.63289 0.49809 0.63223)
		4 V(172 171 191 193) M(0) UV(0.50254 0.67145 0.49566 0.67273 0.49809 0.63223 0.50664 0.63059)
		4 V(195 174 173 194) M(0) UV(0.60094 0.60867 0.60273 0.66195 0.59582 0.66312 0.59234 0.61012)
		4 V(175 174 195 196) M(0) UV(0.61387 0.66156 0.60273 0.66195 0.60094 0.60867 0.61484 0.60820)
		4 V(176 175 196 197) M(0) UV(0.62504 0.66211 0.61387 0.66156 0.61484 0.60820 0.62871 0.60887)
		4 V(177 176 197 198) M(0) UV(0.63191 0.66340 0.62504 0.66211 0.62871 0.60887 0.63727 0.61051)
		4 V(179 178 199 200) M(0) UV(0.47336 0.67289 0.46645 0.67172 0.46172 0.63098 0.47031 0.63242)
		4 V(169 179 200 192) M(0) UV(0.48449 0.67328 0.47336 0.67289 0.47031 0.63242 0.48422 0.63289)
		4 V(182 180 202 201) M(0) UV(0.48270 0.48004 0.50109 0.47840 0.50941 0.50027 0.48289 0.50266)
		4 V(180 183 203 202) M(0) UV(0.50109 0.47840 0.51242 0.47434 0.52574 0.49441 0.50941 0.50027)
		4 V(183 184 204 203) M(0) UV(0.53152 0.48004 0.54750 0.47996 0.55117 0.49992 0.52809 0.50004)
		4 V(184 185 205 204) M(0) UV(0.51102 0.44809 0.50059 0.43680 0.50816 0.42312 0.52320 0.43938)
		4 V(185 186 206 205) M(0) UV(0.50059 0.43680 0.48375 0.43250 0.48387 0.41691 0.50816 0.42312)
		4 V(186 187 207 206) M(0) UV(0.48375 0.43250 0.46695 0.43684 0.45961 0.42316 0.48387 0.41691)
		4 V(187 188 208 207) M(0) UV(0.46695 0.43684 0.45660 0.44809 0.44469 0.43941 0.45961 0.42316)
		4 V(188 189 209 208) M(0) UV(0.41844 0.48117 0.43445 0.48125 0.43793 0.50141 0.41484 0.50133)
		4 V(189 190 210 209) M(0) UV(0.45289 0.47480 0.46430 0.47867 0.45633 0.50066 0.43988 0.49512)
		4 V(190 182 201 210) M(0) UV(0.46430 0.47867 0.48270 0.48004 0.48289 0.50266 0.45633 0.50066)
		4 V(192 220 212 211) M(0) UV(0.48375 0.61570 0.46934 0.60707 0.48367 0.60344 0.49797 0.60711)
		4 V(213 214 194 193) M(0) UV(0.53945 0.60773 0.55187 0.60770 0.54688 0.62270 0.54066 0.62273)
		4 V(215 216 196 195) M(0) UV(0.46902 0.59016 0.48336 0.58910 0.48320 0.60703 0.46934 0.60750)
		4 V(196 216 217 197) M(0) UV(0.48320 0.60703 0.48336 0.58910 0.49762 0.59039 0.49707 0.60773)
		4 V(197 217 218 198) M(0) UV(0.49707 0.60773 0.49762 0.59039 0.50645 0.59352 0.50563 0.60934)
		4 V(218 219 199 198) M(0) UV(0.41402 0.60879 0.42648 0.60887 0.42523 0.62383 0.41902 0.62379)
		4 V(221 222 211 212) M(0) UV(0.59609 0.44629 0.61770 0.45184 0.61051 0.46961 0.59621 0.46594)
		4 V(222 223 213 211) M(0) UV(0.61770 0.45184 0.63102 0.46637 0.61930 0.47918 0.61051 0.46961)
		4 V(223 224 214 213) M(0) UV(0.53270 0.58648 0.55152 0.58641 0.55187 0.60770 0.53945 0.60773)
		4 V(224 225 215 214) M(0) UV(0.57945 0.58590 0.59285 0.58133 0.60004 0.60309 0.59117 0.60609)
		4 V(225 226 216 215) M(0) UV(0.59285 0.58133 0.61453 0.57973 0.61434 0.60203 0.60004 0.60309)
		4 V(226 227 217 216) M(0) UV(0.61453 0.57973 0.63613 0.58168 0.62863 0.60332 0.61434 0.60203)
		4 V(227 228 218 217) M(0) UV(0.63613 0.58168 0.64945 0.58645 0.63742 0.60645 0.62863 0.60332)
		4 V(228 229 219 218) M(0) UV(0.41445 0.58766 0.43328 0.58773 0.42648 0.60887 0.41402 0.60879)
		4 V(229 230 220 219) M(0) UV(0.56102 0.46629 0.57445 0.45180 0.58188 0.46957 0.57305 0.47914)
		4 V(230 221 212 220) M(0) UV(0.57445 0.45180 0.59609 0.44629 0.59621 0.46594 0.58188 0.46957)
		4 V(231 232 201 202) M(0) UV(0.50984 0.55895 0.48336 0.56246 0.48289 0.50266 0.50941 0.50027)
		4 V(232 231 222 221) M(0) UV(0.48336 0.56246 0.50984 0.55895 0.50512 0.58023 0.48352 0.58219)
		4 V(233 231 202 203) M(0) UV(0.52840 0.56094 0.50969 0.56187 0.50937 0.50023 0.52809 0.50004)
		4 V(231 233 223 222) M(0) UV(0.50969 0.56187 0.52840 0.56094 0.53270 0.58648 0.51742 0.58664)
		4 V(234 233 203 204) M(0) UV(0.55148 0.56078 0.52840 0.56094 0.52809 0.50004 0.55117 0.49992)
		4 V(233 234 224 223) M(0) UV(0.52840 0.56094 0.55148 0.56078 0.55152 0.58641 0.53270 0.58648)
		4 V(235 234 204 205) M(0) UV(0.57012 0.56148 0.55148 0.56078 0.55117 0.49992 0.56980 0.49996)
		4 V(224 234 235 225) M(0) UV(0.55152 0.58641 0.55148 0.56078 0.57012 0.56148 0.56672 0.58641)
		4 V(236 235 205 206) M(0) UV(0.61473 0.55566 0.58816 0.55652 0.58859 0.49793 0.61516 0.49598)
		4 V(225 235 236 226) M(0) UV(0.59285 0.58133 0.58816 0.55652 0.61473 0.55566 0.61453 0.57973)
		4 V(237 236 206 207) M(0) UV(0.64121 0.55914 0.61473 0.55566 0.61516 0.49598 0.64168 0.49836)
		4 V(236 237 227 226) M(0) UV(0.61473 0.55566 0.64121 0.55914 0.63613 0.58168 0.61453 0.57973)
		4 V(208 238 237 207) M(0) UV(0.41484 0.50133 0.41453 0.56590 0.39578 0.56492 0.39613 0.50109)
		4 V(237 238 228 227) M(0) UV(0.39578 0.56492 0.41453 0.56590 0.41445 0.58766 0.39922 0.58750)
		4 V(239 238 208 209) M(0) UV(0.43762 0.56605 0.41453 0.56590 0.41484 0.50133 0.43793 0.50141)
		4 V(238 239 229 228) M(0) UV(0.41453 0.56590 0.43762 0.56605 0.43328 0.58773 0.41445 0.58766)
		4 V(240 239 209 210) M(0) UV(0.45625 0.56535 0.43762 0.56605 0.43793 0.50141 0.45656 0.50141)
		4 V(239 240 230 229) M(0) UV(0.43762 0.56605 0.45625 0.56535 0.44848 0.58773 0.43328 0.58773)
		4 V(232 240 210 201) M(0) UV(0.48336 0.56246 0.45680 0.56156 0.45633 0.50066 0.48289 0.50266)
		4 V(240 232 221 230) M(0) UV(0.45680 0.56156 0.48336 0.56246 0.48352 0.58219 0.46184 0.58059)
		4 V(241 244 243 242) M(0) UV(0.92395 0.19539 0.93539 0.19539 0.93539 0.29289 0.92395 0.29289)
		4 V(245 248 247 246) M(0) UV(0.88328 0.19738 0.89465 0.19738 0.89465 0.29348 0.88328 0.29348)
		4 V(249 250 243 244) M(0) UV(0.95391 0.19547 0.95391 0.29293 0.93539 0.29293 0.93539 0.19547)
		4 V(250 245 242 243) M(0) UV(0.93566 0.31098 0.92418 0.32098 0.92418 0.29289 0.93566 0.29289)
		4 V(249 244 241 246) M(0) UV(0.93547 0.17738 0.93547 0.19547 0.92398 0.19547 0.92398 0.16738)
		4 V(247 252 251 249) M(0) UV(0.93547 0.16738 0.96207 0.16738 0.96207 0.17738 0.93547 0.17738)
		4 V(248 253 252 247) M(0) UV(0.89465 0.19738 0.92098 0.19738 0.92098 0.29348 0.89465 0.29348)
		4 V(250 254 253 248) M(0) UV(0.93566 0.31098 0.96227 0.31098 0.96227 0.32098 0.93566 0.32098)
		4 V(249 251 254 250) M(0) UV(0.95391 0.19547 0.98055 0.19547 0.98055 0.29297 0.95391 0.29297)
		4 V(254 251 252 253) M(0) UV(0.98051 0.29293 0.98051 0.19547 0.99074 0.19547 0.99074 0.29293)
		4 V(255 258 257 256) M(0) UV(0.56926 0.06879 0.56926 0.08457 0.56051 0.08457 0.56051 0.06879)
		4 V(259 261 260 255) M(0) UV(0.59203 0.01301 0.59102 0.00605 0.57840 0.00605 0.56805 0.01301)
		4 V(262 263 261 259) M(0) UV(0.59906 0.08461 0.59207 0.08461 0.59207 0.06883 0.59906 0.06883)
		4 V(258 264 263 262) M(0) UV(0.56813 0.01305 0.57840 0.00605 0.59094 0.00605 0.59199 0.01305)
		4 V(255 260 264 258) M(0) UV(0.56926 0.06879 0.57953 0.06879 0.57953 0.08457 0.56926 0.08457)
		4 V(264 260 261 263) M(0) UV(0.57953 0.08457 0.57953 0.06879 0.59211 0.06879 0.59211 0.08457)
		4 V(265 266 262 259) M(0) UV(0.61523 0.06883 0.61523 0.08461 0.59906 0.08461 0.59906 0.06883)
		4 V(265 259 267 268) M(0) UV(0.59645 0.02918 0.59203 0.01301 0.55926 0.06496 0.59645 0.06496)
		4 V(255 256 267 259) M(0) UV(0.56805 0.01301 0.55926 0.01301 0.55926 0.06496 0.59203 0.01301)
		4 V(258 262 270 269) M(0) UV(0.56813 0.01305 0.59199 0.01305 0.59637 0.06504 0.55937 0.06504)
		4 V(271 274 273 272) M(0) UV(0.68590 0.08449 0.68590 0.06867 0.71332 0.06867 0.71332 0.08449)
		4 V(275 276 266 265) M(0) UV(0.64848 0.06871 0.64848 0.08453 0.61527 0.08453 0.61527 0.06871)
		4 V(276 275 274 271) M(0) UV(0.64848 0.08453 0.64848 0.06871 0.68590 0.06871 0.68590 0.08453)
		4 V(266 276 272 270) M(0) UV(0.59637 0.02922 0.62957 0.03758 0.66699 0.06504 0.59637 0.06504)
		4 V(274 275 268 273) M(0) UV(0.66738 0.03754 0.62980 0.03754 0.59645 0.06496 0.66738 0.06496)
		4 V(278 279 282 281) M(0) UV(0.92520 0.48508 0.90836 0.51672 0.90430 0.51453 0.92301 0.47941)
		4 V(283 284 280 277) M(0) UV(0.90547 0.60543 0.92164 0.56734 0.92441 0.57102 0.91004 0.60488)
		4 V(285 277 278 286) M(0) UV(0.92395 0.57273 0.96070 0.57273 0.96301 0.57734 0.92164 0.57734)
		4 V(286 278 281 287) M(0) UV(0.96895 0.48930 0.92758 0.48930 0.92527 0.48469 0.97125 0.48469)
		4 V(287 281 283 288) M(0) UV(0.97125 0.48469 0.92527 0.48469 0.92758 0.48008 0.96895 0.48008)
		4 V(288 283 277 285) M(0) UV(0.92164 0.56816 0.96301 0.56816 0.96070 0.57273 0.92395 0.57273)
		4 V(290 293 289 286) M(0) UV(0.98637 0.60926 0.96340 0.64109 0.98180 0.60922 0.96570 0.57340)
		4 V(290 286 287 291) M(0) UV(0.98258 0.52320 0.96855 0.49023 0.97125 0.48477 0.98680 0.52141)
		4 V(292 288 285 289) M(0) UV(0.98684 0.60961 0.96613 0.57379 0.97074 0.57379 0.98910 0.60562)
		4 V(294 290 291 295) M(0) UV(0.96148 0.55164 0.98254 0.52266 0.98625 0.52535 0.96285 0.55758)
		4 V(296 295 291 292) M(0) UV(0.98605 0.52527 0.99063 0.52574 0.96359 0.56293 0.96172 0.55871)
		4 V(296 292 289 293) M(0) UV(0.96609 0.64523 0.98676 0.60941 0.98906 0.61340 0.97066 0.64523)
		4 V(297 293 294 298) M(0) UV(0.96062 0.64535 0.92383 0.64535 0.92152 0.64074 0.96293 0.64074)
		4 V(298 294 295 299) M(0) UV(0.91859 0.55266 0.95996 0.55266 0.96227 0.55727 0.91629 0.55727)
		4 V(299 295 296 300) M(0) UV(0.91629 0.55727 0.96227 0.55727 0.95996 0.56184 0.91859 0.56184)
		4 V(300 296 293 297) M(0) UV(0.96293 0.64992 0.92152 0.64992 0.92383 0.64535 0.96062 0.64535)
		4 V(280 297 298 279) M(0) UV(0.90504 0.61328 0.92168 0.64043 0.91984 0.64625 0.90113 0.61570)
		4 V(279 298 299 282) M(0) UV(0.90387 0.51945 0.91871 0.55203 0.91617 0.55758 0.89969 0.52137)
		4 V(284 300 297 280) M(0) UV(0.92219 0.64090 0.90023 0.60582 0.90484 0.60566 0.92434 0.63684)
		4 V(301 304 303 302) M(0) UV(0.93707 0.41641 0.93707 0.40633 0.97168 0.40633 0.97168 0.41641)
		4 V(305 308 307 306) M(0) UV(0.88852 0.41652 0.88852 0.40645 0.92313 0.40645 0.92313 0.41652)
		4 V(309 312 311 310) M(0) UV(0.89070 0.40293 0.89070 0.39285 0.92531 0.39285 0.92531 0.40293)
		4 V(310 311 314 313) M(0) UV(0.92531 0.40293 0.92531 0.39285 0.93504 0.39285 0.93504 0.40293)
		4 V(313 314 316 315) M(0) UV(0.93504 0.40293 0.93504 0.39285 0.96965 0.39285 0.96965 0.40293)
		4 V(304 316 314 303) M(0) UV(0.89098 0.35172 0.89098 0.35016 0.92559 0.37590 0.92559 0.37746)
		4 V(303 314 311 308) M(0) UV(0.92535 0.37805 0.92535 0.37648 0.93508 0.37648 0.93508 0.37805)
		4 V(308 311 312 307) M(0) UV(0.93531 0.37746 0.93531 0.37590 0.96992 0.35016 0.96992 0.35172)
		4 V(315 301 302 313) M(0) UV(0.88953 0.35211 0.89102 0.35164 0.92555 0.37754 0.92406 0.37797)
		4 V(310 305 306 309) M(0) UV(0.93660 0.37801 0.93512 0.37754 0.96988 0.35195 0.97137 0.35242)
		4 V(305 318 317 302) M(0) UV(0.93492 0.43512 0.93492 0.46531 0.92520 0.46531 0.92520 0.43512)
		4 V(310 319 318 305) M(0) UV(0.99141 0.35379 0.96555 0.38398 0.96531 0.38242 0.99113 0.35227)
		4 V(313 320 319 310) M(0) UV(0.93504 0.40293 0.93504 0.43316 0.92531 0.43316 0.92531 0.40293)
		4 V(302 317 320 313) M(0) UV(0.99086 0.35230 0.96512 0.38254 0.96355 0.38254 0.98930 0.35230)
		4 V(308 322 321 303) M(0) UV(0.93508 0.37805 0.93508 0.39281 0.92535 0.39281 0.92535 0.37805)
		4 V(305 323 322 308) M(0) UV(0.92043 0.39121 0.90566 0.39121 0.90566 0.38117 0.92043 0.38117)
		4 V(302 324 323 305) M(0) UV(0.92613 0.37008 0.92613 0.35531 0.93586 0.35531 0.93586 0.37008)
		4 V(303 321 324 302) M(0) UV(0.94105 0.38008 0.95582 0.38008 0.95582 0.39016 0.94105 0.39016)
		4 V(346 329 325 348) M(0) UV(0.82273 0.46102 0.82457 0.45504 0.83184 0.46070 0.83273 0.46629)
		4 V(334 335 350 349) M(0) UV(0.73359 0.55563 0.73359 0.54891 0.82273 0.54891 0.82273 0.55563)
		4 V(350 354 352 349) M(0) UV(0.82258 0.54898 0.82258 0.46996 0.83246 0.54898 0.82680 0.55570)
		4 V(353 354 350 335) M(0) UV(0.73359 0.46988 0.82273 0.46988 0.82273 0.54891 0.73359 0.54891)
		4 V(354 353 345 346) M(0) UV(0.82273 0.46988 0.73359 0.46988 0.73359 0.46102 0.82273 0.46102)
		4 V(348 352 354 346) M(0) UV(0.83273 0.46629 0.83203 0.54891 0.82273 0.46988 0.82273 0.46102)
		4 V(348 326 355 356) M(0) UV(0.83281 0.46645 0.83766 0.45832 0.87020 0.44512 0.87797 0.46539)
		4 V(358 359 355 357) M(0) UV(0.85445 0.42254 0.85879 0.41730 0.86973 0.44348 0.86402 0.44590)
		4 V(352 361 360 351) M(0) UV(0.83246 0.54922 0.87500 0.54984 0.87516 0.55656 0.83262 0.55594)
		4 V(352 351 352 354) M(0) UV(0.75024 0.52332 0.74970 0.52332 0.75024 0.52332 0.75677 0.52227)
		4 V(329 339 337 327) M(0) UV(0.82473 0.45484 0.81715 0.44172 0.82320 0.44160 0.83242 0.45500)
		4 V(337 338 358 327) M(0) UV(0.83461 0.43824 0.83727 0.43176 0.85445 0.42254 0.83547 0.45234)
		4 V(362 363 359 358) M(0) UV(0.84391 0.41633 0.84621 0.41109 0.85879 0.41730 0.85445 0.42254)
		4 V(344 366 365 342) M(0) UV(0.73797 0.42473 0.75309 0.42090 0.75309 0.44160 0.73930 0.44156)
		4 V(328 367 343 339) M(0) UV(0.80371 0.44168 0.80371 0.42090 0.81578 0.42473 0.81715 0.44172)
		4 V(330 368 367 328) M(0) UV(0.77867 0.44168 0.77863 0.41570 0.80371 0.42090 0.80371 0.44168)
		4 V(366 368 330 365) M(0) UV(0.75309 0.42090 0.77863 0.41570 0.77867 0.44168 0.75309 0.44160)
		4 V(347 345 346 329) M(0) UV(0.72922 0.67609 0.73113 0.67008 0.82023 0.67008 0.82211 0.67605)
		4 V(325 329 346 348) M(0) UV(0.82934 0.67039 0.82211 0.67605 0.82023 0.67008 0.83027 0.66480)
		4 V(335 334 349 350) M(0) UV(0.73113 0.58219 0.73113 0.57547 0.82023 0.57547 0.82023 0.58219)
		4 V(352 350 349 351) M(0) UV(0.83012 0.58145 0.82023 0.58145 0.82445 0.57469 0.83012 0.57469)
		4 V(354 353 335 350) M(0) UV(0.82023 0.66117 0.73113 0.66117 0.73113 0.58219 0.82023 0.58219)
		4 V(353 354 346 345) M(0) UV(0.73113 0.66117 0.82023 0.66117 0.82023 0.67008 0.73113 0.67008)
		4 V(348 357 326 325) M(0) UV(0.82969 0.67078 0.86594 0.67754 0.83703 0.67668 0.83070 0.67637)
		4 V(348 356 355 357) M(0) UV(0.82949 0.67070 0.87203 0.65551 0.87203 0.67723 0.86582 0.67715)
		4 V(358 357 355 359) M(0) UV(0.86570 0.70238 0.86582 0.67715 0.87203 0.67723 0.87168 0.70559)
		4 V(351 360 361 352) M(0) UV(0.83016 0.57473 0.87266 0.57297 0.87266 0.57973 0.83016 0.58145)
		4 V(363 362 359 364) M(0) UV(0.81934 0.72316 0.81945 0.71746 0.83336 0.72285 0.81941 0.73586)
		4 V(338 337 359 362) M(0) UV(0.81992 0.70066 0.82027 0.69367 0.83336 0.72285 0.81945 0.71746)
		4 V(365 366 344 342) M(0) UV(0.75063 0.68930 0.75063 0.70996 0.73547 0.70613 0.73680 0.68930)
		4 V(343 367 328 339) M(0) UV(0.81328 0.70613 0.80121 0.70996 0.80121 0.68918 0.81469 0.68918)
		4 V(367 368 330 328) M(0) UV(0.80121 0.70996 0.77617 0.71516 0.77621 0.68918 0.80121 0.68918)
		4 V(330 368 366 365) M(0) UV(0.77621 0.68918 0.77617 0.71516 0.75063 0.70996 0.75063 0.68930)
		4 V(329 337 339 328) M(0) UV(0.82227 0.67602 0.82070 0.68930 0.81469 0.68918 0.80121 0.68918)
		4 V(365 330 347 342) M(0) UV(0.75320 0.44172 0.77879 0.44184 0.73195 0.45492 0.73937 0.44172)
		4 V(347 330 365 342) M(0) UV(0.72934 0.67613 0.77613 0.68926 0.75059 0.68934 0.73676 0.68934)
		4 V(332 347 345 369) M(0) UV(0.72441 0.46070 0.73160 0.45500 0.73352 0.46105 0.72348 0.46629)
		4 V(371 331 369 372) M(0) UV(0.68621 0.44477 0.71863 0.45824 0.72340 0.46641 0.67824 0.46496)
		4 V(371 375 374 373) M(0) UV(0.68609 0.44449 0.69813 0.41883 0.70227 0.42422 0.69168 0.44715)
		4 V(374 371 374 375) M(0) UV(0.75615 0.53337 0.75564 0.53133 0.75615 0.53337 0.75566 0.53363)
		4 V(376 377 336 370) M(0) UV(0.68230 0.55719 0.68254 0.55047 0.72508 0.55020 0.72484 0.55691)
		4 V(336 369 353 335) M(0) UV(0.72418 0.54891 0.72348 0.46629 0.73352 0.46992 0.73352 0.54891)
		4 V(333 341 347 332) M(0) UV(0.72090 0.45551 0.73348 0.44176 0.73152 0.45523 0.72574 0.45965)
		4 V(374 340 341 333) M(0) UV(0.70246 0.42406 0.71922 0.43406 0.72160 0.44066 0.72012 0.45469)
		4 V(375 379 378 374) M(0) UV(0.69836 0.41867 0.71117 0.41301 0.71324 0.41836 0.70246 0.42406)
		4 V(345 347 332 369) M(0) UV(0.73090 0.66980 0.72898 0.67582 0.72180 0.67012 0.72086 0.66453)
		4 V(371 372 369 373) M(0) UV(0.68074 0.68039 0.68074 0.65863 0.72328 0.67387 0.68695 0.68027)
		4 V(377 376 370 336) M(0) UV(0.67898 0.58031 0.67898 0.57359 0.72152 0.57531 0.72152 0.58207)
		4 V(369 336 335 353) M(0) UV(0.72086 0.66453 0.72156 0.58191 0.73090 0.58191 0.73090 0.66094)
		4 V(375 378 379 380) M(0) UV(0.71875 0.72324 0.73238 0.71727 0.73273 0.72297 0.73324 0.73563)
		4 V(375 341 340 378) M(0) UV(0.71875 0.72324 0.73055 0.69352 0.73117 0.70047 0.73238 0.71727)
		4 V(3 26 2 4) M(0) UV(0.18609 0.05832 0.13344 0.06781 0.18613 0.02742 0.23844 0.06730)
		4 V(30 13 14 31) M(0) UV(0.30559 0.32461 0.33902 0.32461 0.33879 0.34660 0.30586 0.36672)
		4 V(19 20 33 32) M(0) UV(0.03852 0.34566 0.03828 0.32371 0.07168 0.32371 0.07137 0.36598)
		4 V(44 46 47 48) M(0) UV(0.18785 0.09281 0.27926 0.12691 0.09637 0.12691 0.09637 0.10273)
		4 V(7 12 78 79) M(0) UV(0.54848 0.37230 0.54516 0.39496 0.54914 0.38340 0.54914 0.37539)
		4 V(111 112 114 113) M(0) UV(0.04621 0.60676 0.07711 0.60809 0.05793 0.62430 0.00777 0.63086)
		4 V(118 99 117 116) M(0) UV(0.09359 0.64594 0.13434 0.66965 0.06488 0.66965 0.06844 0.64738)
		4 V(161 101 160 143) M(0) UV(0.18055 0.63227 0.17918 0.64441 0.16434 0.63402 0.15898 0.62187)
		4 V(153 166 165 151) M(0) UV(0.10660 0.61352 0.07723 0.61992 0.09063 0.60742 0.10949 0.60473)
		4 V(331 373 369 332) M(0) UV(0.71586 0.67969 0.68695 0.68027 0.72328 0.67387 0.72219 0.67945)
	}
}
Object "$blade0" {
	depth 0
	folding 0
	scale 1.000000 1.000000 1.000000
	rotation 0.000000 0.000000 0.000000
	translation 0.000000 0.000000 0.000000
	visible 15
	locking 0
	shading 1
	facet 59.5
	color 0.898 0.498 0.698
	color_type 0
	vertex 92 {
		35.3300 21.2386 73.4900
		35.3300 21.2386 67.4600
		35.3300 27.2686 67.4600
		35.3300 27.2686 73.4900
		0.0000 21.2386 67.4600
		0.0000 21.2386 73.4900
		29.5700 27.2686 67.4600
		0.0000 27.2686 67.4600
		0.0000 27.2686 73.4900
		29.5700 27.2686 73.4900
		29.5700 43.9686 73.4900
		29.5700 43.9686 67.4600
		35.3300 43.9686 73.4900
		35.3300 43.9686 67.4600
		35.3300 38.2286 73.4900
		35.3300 38.2286 67.4600
		65.8900 43.9686 73.4900
		65.8900 43.9686 67.4600
		65.8900 38.2286 67.4600
		65.8900 38.2286 73.4900
		59.9000 38.2286 73.4900
		59.9000 38.2286 67.4600
		59.9000 15.5686 67.4600
		59.9000 15.5686 73.4900
		65.8900 15.5686 67.4600
		65.8900 15.5686 73.4900
		65.8900 21.1686 67.4600
		65.8900 21.1686 73.4900
		91.2100 21.1686 67.4600
		91.2100 15.5686 67.4600
		91.2100 15.5686 73.4900
		91.2100 21.1686 73.4900
		74.3600 9.5386 73.9900
		85.5600 9.5386 73.9900
		85.5600 26.5586 73.9900
		74.3600 26.5586 73.9900
		85.5600 9.5386 66.6200
		85.5600 26.5586 66.6200
		74.3600 9.5386 66.6200
		74.3600 26.5586 66.6200
		-35.3300 27.2686 67.4600
		-35.3300 21.2386 67.4600
		-35.3300 21.2386 73.4900
		-35.3300 27.2686 73.4900
		-29.5700 27.2686 67.4600
		-29.5700 27.2686 73.4900
		-29.5700 43.9686 73.4900
		-29.5700 43.9686 67.4600
		-35.3300 43.9686 67.4600
		-35.3300 43.9686 73.4900
		-35.3300 38.2286 73.4900
		-35.3300 38.2286 67.4600
		-65.8900 43.9686 73.4900
		-65.8900 43.9686 67.4600
		-65.8900 38.2286 67.4600
		-65.8900 38.2286 73.4900
		-59.9000 38.2286 73.4900
		-59.9000 38.2286 67.4600
		-59.9000 15.5686 67.4600
		-59.9000 15.5686 73.4900
		-65.8900 15.5686 73.4900
		-65.8900 15.5686 67.4600
		-65.8900 21.1686 67.4600
		-65.8900 21.1686 73.4900
		-91.2100 21.1686 67.4600
		-91.2100 15.5686 67.4600
		-91.2100 15.5686 73.4900
		-91.2100 21.1686 73.4900
		43.2400 32.2886 73.9900
		54.4400 32.2886 73.9900
		54.4400 49.3086 73.9900
		43.2400 49.3086 73.9900
		54.4400 32.2886 66.6200
		54.4400 49.3086 66.6200
		43.2400 32.2886 66.6200
		43.2400 49.3086 66.6200
		-85.5600 9.5386 73.9900
		-74.3600 9.5386 73.9900
		-85.5600 26.5586 73.9900
		-74.3600 26.5586 73.9900
		-85.5600 9.5386 66.6200
		-85.5600 26.5586 66.6200
		-74.3600 9.5386 66.6200
		-74.3600 26.5586 66.6200
		-54.4400 32.2886 73.9900
		-43.2400 32.2886 73.9900
		-54.4400 49.3086 73.9900
		-43.2400 49.3086 73.9900
		-54.4400 32.2886 66.6200
		-54.4400 49.3086 66.6200
		-43.2400 32.2886 66.6200
		-43.2400 49.3086 66.6200
	}
	face 85 {
		3 V(45 8 5) M(0) UV(0.81156 0.05020 0.84660 0.05020 0.84660 0.05734)
		3 V(40 41 44) M(0) UV(0.88844 0.05016 0.88844 0.05730 0.88160 0.05016)
		3 V(48 51 47) M(0) UV(0.88844 0.03039 0.88844 0.03719 0.88160 0.03039)
		3 V(43 50 45) M(0) UV(0.80477 0.05020 0.80477 0.03723 0.81156 0.05020)
		3 V(49 50 56) M(0) UV(0.80477 0.03043 0.80477 0.03723 0.77566 0.03723)
		3 V(60 63 59) M(0) UV(0.76855 0.06406 0.76855 0.05742 0.77566 0.06406)
		4 V(0 3 2 1) M(0) UV(0.79762 0.06477 0.79762 0.05762 0.80477 0.05762 0.80477 0.06477)
		4 V(4 5 0 1) M(0) UV(0.84660 0.06453 0.84660 0.05738 0.88844 0.05738 0.88844 0.06453)
		4 V(6 9 8 7) M(0) UV(0.88148 0.04293 0.88148 0.05008 0.84648 0.05008 0.84648 0.04293)
		4 V(9 0 5 8) M(0) UV(0.88160 0.05020 0.88844 0.05734 0.84660 0.05734 0.84660 0.05020)
		4 V(9 14 3 0) M(0) UV(0.88160 0.05020 0.88844 0.03723 0.88844 0.05020 0.88844 0.05734)
		4 V(4 1 6 7) M(0) UV(0.84660 0.05730 0.80477 0.05730 0.81156 0.05016 0.84660 0.05016)
		4 V(2 15 6 1) M(0) UV(0.80477 0.05016 0.80477 0.03719 0.81156 0.05016 0.80477 0.05730)
		4 V(6 11 10 9) M(0) UV(0.81160 0.04320 0.81160 0.02344 0.81875 0.02344 0.81875 0.04320)
		4 V(10 11 13 12) M(0) UV(0.81176 0.02348 0.81176 0.03059 0.80492 0.03059 0.80492 0.02348)
		4 V(14 15 2 3) M(0) UV(0.79762 0.04465 0.80477 0.04465 0.80477 0.05762 0.79762 0.05762)
		4 V(6 15 13 11) M(0) UV(0.81156 0.05016 0.80477 0.03719 0.80477 0.03039 0.81156 0.03039)
		4 V(12 14 9 10) M(0) UV(0.88844 0.03043 0.88844 0.03723 0.88160 0.05020 0.88160 0.03043)
		4 V(13 17 16 12) M(0) UV(0.80492 0.03059 0.76875 0.03059 0.76875 0.02348 0.80492 0.02348)
		4 V(18 19 16 17) M(0) UV(0.76855 0.03016 0.76141 0.03016 0.76141 0.02336 0.76855 0.02336)
		4 V(20 21 15 14) M(0) UV(0.80484 0.03746 0.80484 0.04461 0.77574 0.04461 0.77574 0.03746)
		4 V(15 21 17 13) M(0) UV(0.80477 0.03719 0.77566 0.03719 0.76855 0.03039 0.80477 0.03039)
		4 V(21 26 18 17) M(0) UV(0.77566 0.03719 0.76855 0.05738 0.76855 0.03719 0.76855 0.03039)
		4 V(12 16 20 14) M(0) UV(0.88844 0.03043 0.92465 0.03043 0.91754 0.03723 0.88844 0.03723)
		4 V(19 27 20 16) M(0) UV(0.92465 0.03723 0.92465 0.05742 0.91754 0.03723 0.92465 0.03043)
		4 V(20 23 22 21) M(0) UV(0.78289 0.04449 0.78289 0.07133 0.77574 0.07133 0.77574 0.04449)
		4 V(22 23 25 24) M(0) UV(0.77598 0.06414 0.77598 0.07129 0.76887 0.07129 0.76887 0.06414)
		4 V(26 27 19 18) M(0) UV(0.76855 0.05035 0.76141 0.05035 0.76141 0.03016 0.76855 0.03016)
		4 V(24 26 21 22) M(0) UV(0.76855 0.06402 0.76855 0.05738 0.77566 0.03719 0.77566 0.06402)
		4 V(20 27 25 23) M(0) UV(0.91754 0.03723 0.92465 0.05742 0.92465 0.06406 0.91754 0.06406)
		4 V(24 29 28 26) M(0) UV(0.76855 0.06402 0.73859 0.06402 0.73859 0.05738 0.76855 0.05738)
		4 V(25 30 29 24) M(0) UV(0.76887 0.07129 0.73891 0.07129 0.73891 0.06414 0.76887 0.06414)
		4 V(27 31 30 25) M(0) UV(0.92465 0.05742 0.95461 0.05742 0.95461 0.06406 0.92465 0.06406)
		4 V(26 28 31 27) M(0) UV(0.73863 0.05031 0.76859 0.05031 0.76859 0.05746 0.73863 0.05746)
		4 V(31 28 29 30) M(0) UV(0.73137 0.05746 0.73852 0.05746 0.73852 0.06410 0.73137 0.06410)
		4 V(32 35 34 33) M(0) UV(0.82422 0.14094 0.82422 0.08203 0.86324 0.08203 0.86324 0.14094)
		4 V(33 34 37 36) M(0) UV(0.87664 0.14199 0.87664 0.08234 0.90266 0.08234 0.90266 0.14199)
		4 V(36 37 39 38) M(0) UV(0.82395 0.14082 0.82395 0.08191 0.86297 0.08191 0.86297 0.14082)
		4 V(38 39 35 32) M(0) UV(0.87645 0.14141 0.87645 0.08176 0.90242 0.08176 0.90242 0.14141)
		4 V(35 39 37 34) M(0) UV(0.91176 0.14086 0.91176 0.11484 0.95156 0.11484 0.95156 0.14086)
		4 V(38 32 33 36) M(0) UV(0.91172 0.14086 0.91172 0.11484 0.95152 0.11484 0.95152 0.14086)
		4 V(40 43 42 41) M(0) UV(0.88844 0.05770 0.89555 0.05770 0.89555 0.06484 0.88844 0.06484)
		4 V(42 5 4 41) M(0) UV(0.80477 0.05738 0.84660 0.05738 0.84660 0.06453 0.80477 0.06453)
		4 V(8 45 44 7) M(0) UV(0.84648 0.05008 0.81145 0.05008 0.81145 0.04293 0.84648 0.04293)
		4 V(43 45 5 42) M(0) UV(0.80477 0.05020 0.81156 0.05020 0.84660 0.05734 0.80477 0.05734)
		4 V(4 7 44 41) M(0) UV(0.84660 0.05730 0.84660 0.05016 0.88160 0.05016 0.88844 0.05730)
		4 V(46 47 44 45) M(0) UV(0.87461 0.02313 0.88176 0.02313 0.88176 0.04293 0.87461 0.04293)
		4 V(48 47 46 49) M(0) UV(0.88867 0.03031 0.88184 0.03031 0.88184 0.02316 0.88867 0.02316)
		4 V(40 51 50 43) M(0) UV(0.88844 0.05770 0.88844 0.04473 0.89555 0.04473 0.89555 0.05770)
		4 V(40 44 47 51) M(0) UV(0.88844 0.05016 0.88160 0.05016 0.88160 0.03039 0.88844 0.03719)
		4 V(49 46 45 50) M(0) UV(0.80477 0.03043 0.81156 0.03043 0.81156 0.05020 0.80477 0.03723)
		4 V(52 53 48 49) M(0) UV(0.92484 0.02316 0.92484 0.03031 0.88867 0.03031 0.88867 0.02316)
		4 V(52 55 54 53) M(0) UV(0.93199 0.02316 0.93199 0.02996 0.92484 0.02996 0.92484 0.02316)
		4 V(51 57 56 50) M(0) UV(0.91758 0.04461 0.88848 0.04461 0.88848 0.03746 0.91758 0.03746)
		4 V(54 62 57 53) M(0) UV(0.92465 0.03719 0.92465 0.05738 0.91754 0.03719 0.92465 0.03039)
		4 V(57 51 48 53) M(0) UV(0.91754 0.03719 0.88844 0.03719 0.88844 0.03039 0.92465 0.03039)
		4 V(49 56 55 52) M(0) UV(0.80477 0.03043 0.77566 0.03723 0.76855 0.03723 0.76855 0.03043)
		4 V(58 59 56 57) M(0) UV(0.91758 0.07152 0.91043 0.07152 0.91043 0.04469 0.91758 0.04469)
		4 V(60 59 58 61) M(0) UV(0.92445 0.07102 0.91734 0.07102 0.91734 0.06391 0.92445 0.06391)
		4 V(55 63 62 54) M(0) UV(0.93199 0.02996 0.93199 0.05020 0.92484 0.05020 0.92484 0.02996)
		4 V(61 58 57 62) M(0) UV(0.92465 0.06402 0.91754 0.06402 0.91754 0.03719 0.92465 0.05738)
		4 V(55 56 59 63) M(0) UV(0.76855 0.03723 0.77566 0.03723 0.77566 0.06406 0.76855 0.05742)
		4 V(64 65 61 62) M(0) UV(0.95461 0.05738 0.95461 0.06402 0.92465 0.06402 0.92465 0.05738)
		4 V(65 66 60 61) M(0) UV(0.95445 0.06391 0.95445 0.07102 0.92445 0.07102 0.92445 0.06391)
		4 V(66 67 63 60) M(0) UV(0.73859 0.06406 0.73859 0.05742 0.76855 0.05742 0.76855 0.06406)
		4 V(67 64 62 63) M(0) UV(0.92477 0.05734 0.92477 0.05020 0.95473 0.05020 0.95473 0.05734)
		4 V(65 64 67 66) M(0) UV(0.95465 0.06410 0.95465 0.05746 0.96176 0.05746 0.96176 0.06410)
		4 V(68 71 70 69) M(0) UV(0.82422 0.14094 0.82422 0.08203 0.86324 0.08203 0.86324 0.14094)
		4 V(69 70 73 72) M(0) UV(0.87664 0.14199 0.87664 0.08234 0.90266 0.08234 0.90266 0.14199)
		4 V(72 73 75 74) M(0) UV(0.82395 0.14082 0.82395 0.08191 0.86297 0.08191 0.86297 0.14082)
		4 V(74 75 71 68) M(0) UV(0.87645 0.14141 0.87645 0.08176 0.90242 0.08176 0.90242 0.14141)
		4 V(71 75 73 70) M(0) UV(0.91176 0.14086 0.91176 0.11484 0.95156 0.11484 0.95156 0.14086)
		4 V(74 68 69 72) M(0) UV(0.91172 0.14086 0.91172 0.11484 0.95152 0.11484 0.95152 0.14086)
		4 V(78 79 77 76) M(0) UV(0.86324 0.08203 0.82422 0.08203 0.82422 0.14094 0.86324 0.14094)
		4 V(81 78 76 80) M(0) UV(0.90266 0.08234 0.87664 0.08234 0.87664 0.14199 0.90266 0.14199)
		4 V(83 81 80 82) M(0) UV(0.86297 0.08191 0.82395 0.08191 0.82395 0.14082 0.86297 0.14082)
		4 V(79 83 82 77) M(0) UV(0.90242 0.08176 0.87645 0.08176 0.87645 0.14141 0.90242 0.14141)
		4 V(81 83 79 78) M(0) UV(0.95156 0.11484 0.91176 0.11484 0.91176 0.14086 0.95156 0.14086)
		4 V(76 77 82 80) M(0) UV(0.95152 0.11484 0.91172 0.11484 0.91172 0.14086 0.95152 0.14086)
		4 V(86 87 85 84) M(0) UV(0.86324 0.08203 0.82422 0.08203 0.82422 0.14094 0.86324 0.14094)
		4 V(89 86 84 88) M(0) UV(0.90266 0.08234 0.87664 0.08234 0.87664 0.14199 0.90266 0.14199)
		4 V(91 89 88 90) M(0) UV(0.86297 0.08191 0.82395 0.08191 0.82395 0.14082 0.86297 0.14082)
		4 V(87 91 90 85) M(0) UV(0.90242 0.08176 0.87645 0.08176 0.87645 0.14141 0.90242 0.14141)
		4 V(89 91 87 86) M(0) UV(0.95156 0.11484 0.91176 0.11484 0.91176 0.14086 0.95156 0.14086)
		4 V(84 85 90 88) M(0) UV(0.95152 0.11484 0.91172 0.11484 0.91172 0.14086 0.95152 0.14086)
	}
}
Object "$blade1" {
	depth 0
	folding 0
	scale 1.000000 1.000000 1.000000
	rotation 0.000000 0.000000 0.000000
	translation 0.000000 0.000000 0.000000
	visible 15
	locking 0
	shading 1
	facet 59.5
	color 0.898 0.498 0.698
	color_type 0
	vertex 55 {
		-0.0200 -22.7700 -110.1400
		4.3500 -25.2900 -110.1400
		-0.0200 -27.8200 -117.3400
		4.3500 -30.3400 -110.1400
		-0.0200 -32.8600 -110.1400
		-4.3800 -30.3400 -110.1400
		-4.3800 -25.2900 -110.1400
		-0.0200 -22.7700 -79.4800
		4.3500 -25.2900 -79.4800
		4.3500 -30.3400 -79.4800
		-0.0200 -32.8600 -79.4800
		-4.3800 -30.3400 -79.4800
		-4.3800 -25.2900 -79.4800
		-0.0200 -30.2500 -104.2500
		9.1600 -23.6100 -106.6600
		-0.0300 -25.2000 -106.0900
		9.1800 -31.8100 -103.6800
		16.3700 -24.7800 -106.2400
		16.3800 -30.6100 -104.1200
		17.7900 -27.6900 -105.1800
		-0.0200 -30.3900 -104.6400
		9.1800 -31.9500 -104.0700
		16.3800 -30.7500 -104.5100
		17.7900 -27.8400 -105.5700
		16.3700 -24.9300 -106.6300
		9.1600 -23.7500 -107.0600
		-0.0300 -25.3400 -106.4800
		-9.3700 -43.0400 -105.1800
		-8.3700 -33.5400 -103.6800
		-11.1100 -40.3100 -104.1200
		-6.1400 -43.3500 -106.2400
		-2.2400 -26.5200 -104.2500
		-1.3800 -37.8200 -106.6600
		2.0700 -29.1500 -106.0900
		-2.3600 -26.4400 -104.6400
		-8.5000 -33.4700 -104.0700
		-11.2300 -40.2400 -104.5100
		-9.4900 -42.9700 -105.5700
		-6.2600 -43.2700 -106.6300
		-1.5000 -37.7400 -107.0600
		1.9500 -29.0800 -106.4800
		-8.4100 -21.9800 -106.6600
		-9.1900 -12.4600 -105.1800
		-11.0000 -15.1500 -106.2400
		-5.9600 -12.2300 -104.1200
		-2.4300 -29.1400 -106.0900
		-1.3200 -17.8600 -103.6800
		1.9400 -26.6000 -104.2500
		2.0600 -26.5300 -104.6400
		-1.1900 -17.7900 -104.0700
		-5.8400 -12.1600 -104.5100
		-9.0700 -12.3900 -105.5700
		-10.8700 -15.0800 -106.6300
		-8.2800 -21.9000 -107.0600
		-2.3100 -29.0700 -106.4800
	}
	face 50 {
		3 V(2 1 0) M(0) UV(0.04004 0.82609 0.02809 0.80641 0.04004 0.80641)
		3 V(2 3 1) M(0) UV(0.05895 0.82605 0.05207 0.80641 0.06586 0.80641)
		3 V(2 6 5) M(0) UV(0.05898 0.82609 0.05207 0.80641 0.06586 0.80641)
		3 V(2 0 6) M(0) UV(0.04004 0.82609 0.04004 0.80641 0.05195 0.80641)
		3 V(17 19 18) M(0) UV(0.07234 0.77945 0.06844 0.77152 0.07230 0.76355)
		3 V(22 23 24) M(0) UV(0.07215 0.77922 0.06824 0.77125 0.07219 0.76328)
		3 V(31 33 32) M(0) UV(0.12313 0.78008 0.13488 0.77285 0.15172 0.79199)
		3 V(40 34 35) M(0) UV(0.12309 0.77992 0.13484 0.77270 0.15160 0.79191)
		3 V(46 47 45) M(0) UV(0.15055 0.74902 0.13414 0.76852 0.12223 0.76156)
		3 V(53 54 48) M(0) UV(0.15043 0.74902 0.13410 0.76859 0.12219 0.76168)
		4 V(2 5 4 3) M(0) UV(0.04000 0.82605 0.02809 0.80637 0.04000 0.80637 0.05191 0.80637)
		4 V(7 0 1 8) M(0) UV(0.04004 0.72270 0.04004 0.80641 0.02809 0.80641 0.02809 0.72270)
		4 V(8 1 3 9) M(0) UV(0.06586 0.72266 0.06586 0.80641 0.05207 0.80641 0.05207 0.72266)
		4 V(9 3 4 10) M(0) UV(0.05191 0.72266 0.05191 0.80637 0.04000 0.80637 0.04000 0.72266)
		4 V(10 4 5 11) M(0) UV(0.04000 0.72266 0.04000 0.80637 0.02809 0.80637 0.02809 0.72266)
		4 V(11 5 6 12) M(0) UV(0.06586 0.72270 0.06586 0.80641 0.05207 0.80641 0.05207 0.72270)
		4 V(12 6 0 7) M(0) UV(0.05195 0.72270 0.05195 0.80641 0.04004 0.80641 0.04004 0.72270)
		4 V(14 16 13 15) M(0) UV(0.09199 0.78266 0.09195 0.76027 0.11711 0.76453 0.11711 0.77836)
		4 V(17 18 16 14) M(0) UV(0.07234 0.77945 0.07230 0.76355 0.09195 0.76027 0.09199 0.78266)
		4 V(16 21 20 13) M(0) UV(0.09016 0.81789 0.09016 0.81879 0.06945 0.82008 0.06945 0.81918)
		4 V(18 22 21 16) M(0) UV(0.10637 0.81891 0.10637 0.81980 0.09016 0.81879 0.09016 0.81789)
		4 V(19 23 22 18) M(0) UV(0.07824 0.80473 0.07914 0.80504 0.07676 0.81172 0.07586 0.81141)
		4 V(17 24 23 19) M(0) UV(0.08062 0.79805 0.08152 0.79840 0.07914 0.80504 0.07824 0.80473)
		4 V(14 25 24 17) M(0) UV(0.09016 0.81637 0.09016 0.81547 0.10641 0.81645 0.10641 0.81734)
		4 V(15 26 25 14) M(0) UV(0.06945 0.81770 0.06945 0.81680 0.09016 0.81547 0.09016 0.81637)
		4 V(13 20 26 15) M(0) UV(0.10164 0.81066 0.10078 0.81098 0.09664 0.79941 0.09750 0.79906)
		4 V(20 21 25 26) M(0) UV(0.11691 0.77824 0.09180 0.78246 0.09184 0.76008 0.11695 0.76441)
		4 V(21 22 24 25) M(0) UV(0.09180 0.78246 0.07215 0.77922 0.07219 0.76328 0.09184 0.76008)
		4 V(28 30 27 29) M(0) UV(0.13262 0.80371 0.15926 0.81047 0.15449 0.81793 0.14570 0.81879)
		4 V(31 32 30 28) M(0) UV(0.12313 0.78008 0.15172 0.79199 0.15926 0.81047 0.13262 0.80371)
		4 V(28 35 34 31) M(0) UV(0.11641 0.79770 0.11551 0.79750 0.11422 0.78141 0.11512 0.78156)
		4 V(29 36 35 28) M(0) UV(0.11539 0.81320 0.11453 0.81301 0.11551 0.79750 0.11641 0.79770)
		4 V(29 27 37 36) M(0) UV(0.11539 0.81320 0.11301 0.81945 0.11215 0.81930 0.11453 0.81301)
		4 V(30 38 37 27) M(0) UV(0.09246 0.80906 0.09219 0.80996 0.08492 0.80754 0.08520 0.80664)
		4 V(32 39 38 30) M(0) UV(0.12293 0.80484 0.12383 0.80469 0.12285 0.81734 0.12199 0.81754)
		4 V(33 40 39 32) M(0) UV(0.12164 0.78500 0.12254 0.78484 0.12383 0.80469 0.12293 0.80484)
		4 V(31 34 40 33) M(0) UV(0.08520 0.80316 0.08492 0.80227 0.09465 0.79805 0.09492 0.79895)
		4 V(39 36 37 38) M(0) UV(0.13250 0.80355 0.15906 0.81039 0.15434 0.81785 0.14551 0.81867)
		4 V(40 35 36 39) M(0) UV(0.12309 0.77992 0.15160 0.79191 0.15906 0.81039 0.13250 0.80355)
		4 V(42 44 41 43) M(0) UV(0.15277 0.72305 0.15770 0.73043 0.13125 0.73773 0.14398 0.72238)
		4 V(44 46 45 41) M(0) UV(0.15770 0.73043 0.15055 0.74902 0.12223 0.76156 0.13125 0.73773)
		4 V(46 49 48 47) M(0) UV(0.11887 0.79730 0.11973 0.79715 0.12102 0.81719 0.12016 0.81734)
		4 V(44 50 49 46) M(0) UV(0.11984 0.78441 0.12074 0.78426 0.11973 0.79715 0.11887 0.79730)
		4 V(42 51 50 44) M(0) UV(0.09844 0.79547 0.09871 0.79457 0.10602 0.79699 0.10570 0.79789)
		4 V(43 52 51 42) M(0) UV(0.10961 0.78805 0.10871 0.78789 0.11109 0.78172 0.11199 0.78188)
		4 V(41 53 52 43) M(0) UV(0.10863 0.80367 0.10773 0.80352 0.10871 0.78789 0.10961 0.78805)
		4 V(45 54 53 41) M(0) UV(0.10992 0.82012 0.10906 0.81996 0.10773 0.80352 0.10863 0.80367)
		4 V(47 48 54 45) M(0) UV(0.09324 0.79434 0.09352 0.79523 0.08367 0.79945 0.08340 0.79855)
		4 V(51 52 49 50) M(0) UV(0.15258 0.72305 0.15750 0.73039 0.13105 0.73777 0.14375 0.72242)
		4 V(52 53 48 49) M(0) UV(0.15750 0.73039 0.15043 0.74902 0.12219 0.76168 0.13105 0.73777)
	}
}
Eof
