Metasequoia Document
Format Text Ver 1.1

Scene {
	pos 0.0000 0.0000 2400.0000
	lookat 0.0000 0.0000 0.0000
	head -0.7936
	pich 0.2392
	bank 0.0000
	ortho 0
	zoom2 3.1250
	amb 0.250 0.250 0.250
	dirlights 1 {
		light {
			dir 0.408 0.408 0.816
			color 1.000 1.000 1.000
		}
	}
}
Material 1 {
	"mat1" shader(3) col(1.000 1.000 1.000 1.000) dif(0.800) amb(0.600) emi(0.000) spc(0.000) power(5.00) tex("minecraft.png")
}
Object "obj1" {
	depth 0
	folding 0
	scale 1.000000 1.000000 1.000000
	rotation 0.000000 0.000000 0.000000
	translation 0.000000 0.000000 0.000000
	visible 15
	locking 0
	shading 1
	facet 59.5
	color 0.898 0.498 0.698
	color_type 0
	vertex 20 {
		50.0036 50.0032 -200.0141
		-50.0035 50.0032 -200.0141
		50.0036 50.0032 -100.0069
		-50.0036 50.0032 -100.0070
		-50.0035 -50.0032 -200.0141
		50.0036 -50.0032 -200.0141
		50.0036 -50.0032 -100.0069
		-50.0036 -50.0032 -100.0070
		50.0036 50.0032 -0.0001
		-50.0036 50.0032 -0.0001
		50.0036 -50.0032 -0.0001
		-50.0036 -50.0032 -0.0001
		50.0036 50.0032 100.0070
		-50.0036 50.0032 100.0069
		50.0036 -50.0032 100.0070
		-50.0036 -50.0032 100.0069
		50.0036 50.0032 200.0139
		-50.0036 50.0032 200.0141
		50.0036 -50.0032 200.0139
		-50.0036 -50.0032 200.0141
	}
	face 18 {
		4 V(16 17 13 12) M(0) UV(0.12504 0.12496 0.24977 0.12496 0.24977 0.00021 0.12504 0.00021)
		4 V(19 18 14 15) M(0) UV(0.12504 0.12496 0.24977 0.12496 0.24977 0.00021 0.12504 0.00021)
		4 V(7 6 5 4) M(0) UV(0.12500 0.49976 0.24973 0.49976 0.24973 0.37501 0.12500 0.37501)
		4 V(11 10 6 7) M(0) UV(0.12500 0.49976 0.24973 0.49976 0.24973 0.37501 0.12500 0.37501)
		4 V(15 14 10 11) M(0) UV(0.12500 0.49976 0.24973 0.49976 0.24973 0.37501 0.12500 0.37501)
		4 V(7 4 1 3) M(0) UV(0.12500 0.49976 0.24973 0.49976 0.24973 0.37501 0.12500 0.37501)
		4 V(11 7 3 9) M(0) UV(0.12500 0.49976 0.24973 0.49976 0.24973 0.37501 0.12500 0.37501)
		4 V(15 11 9 13) M(0) UV(0.12500 0.49976 0.24973 0.49976 0.24973 0.37501 0.12500 0.37501)
		4 V(19 15 13 17) M(0) UV(0.00024 0.37489 0.12497 0.37489 0.12497 0.25014 0.00024 0.25014)
		4 V(5 6 2 0) M(0) UV(0.12500 0.49976 0.24973 0.49976 0.24973 0.37501 0.12500 0.37501)
		4 V(6 10 8 2) M(0) UV(0.12500 0.49976 0.24973 0.49976 0.24973 0.37501 0.12500 0.37501)
		4 V(10 14 12 8) M(0) UV(0.12500 0.49976 0.24973 0.49976 0.24973 0.37501 0.12500 0.37501)
		4 V(14 18 16 12) M(0) UV(0.00024 0.37489 0.12497 0.37489 0.12497 0.25014 0.00024 0.25014)
		4 V(18 19 17 16) M(0) UV(0.00003 0.24978 0.12475 0.24978 0.12475 0.12504 0.00003 0.12504)
		4 V(4 5 0 1) M(0) UV(0.12500 0.49976 0.24973 0.49976 0.24973 0.37501 0.12500 0.37501)
		4 V(13 9 8 12) M(0) UV(0.12500 0.49976 0.12500 0.37501 0.24973 0.37501 0.24973 0.49976)
		4 V(9 3 2 8) M(0) UV(0.12500 0.49976 0.12500 0.37501 0.24973 0.37501 0.24973 0.49976)
		4 V(3 1 0 2) M(0) UV(0.12500 0.49976 0.12500 0.37501 0.24973 0.37501 0.24973 0.49976)
	}
}
Eof
