Metasequoia Document
Format Text Ver 1.0

Scene {
	pos -35.1368 38.1763 1499.9998
	lookat 6.0788 28.5716 0.0002
	head -1.0800
	pich 0.7200
	bank 0.0000
	ortho 1
	zoom2 8.0000
	zoom_pers 5.0000
	amb 0.250 0.250 0.250
	dirlights 1 {
		light {
			dir 0.408 0.408 0.816
			color 1.000 1.000 1.000
		}
	}
}
Material 1 {
	"mat1" shader(3) col(1.000 1.000 1.000 1.000) dif(0.600) amb(0.250) emi(0.400) spc(0.000) power(5.00) tex("C:\Users\akihiro\Desktop\MinecraftŠÖ˜A\Model\A-36 Apache\500lb.png")
}
Object "obj2" {
	depth 0
	folding 0
	scale 1.000000 1.000000 1.000000
	rotation 0.000000 0.000000 0.000000
	translation 0.000000 0.000000 0.000000
	visible 15
	locking 0
	shading 1
	facet 59.5
	color 0.898 0.498 0.698
	color_type 0
	vertex 123 {
		0.0000 18.9970 0.0000
		-13.6393 13.3479 0.0000
		-19.2891 -0.2919 0.0000
		-13.6393 -13.9312 0.0000
		0.0000 -19.5809 0.0000
		13.6397 -13.9312 0.0000
		19.2889 -0.2919 0.0000
		13.6397 13.3479 0.0000
		0.0000 18.9970 51.2820
		-13.6393 13.3479 51.2820
		-19.2891 -0.2919 51.2820
		-13.6393 -13.9312 51.2820
		0.0000 -19.5809 51.2820
		13.6397 -13.9312 51.2820
		19.2889 -0.2919 51.2820
		13.6397 13.3479 51.2820
		0.0000 -0.2919 77.5270
		0.0000 12.0637 69.6877
		-8.7367 8.4453 69.6873
		-12.3556 -0.2919 69.6873
		-8.7367 -9.0286 69.6873
		0.0000 -12.6474 69.6877
		8.7371 -9.0286 69.6873
		12.3560 -0.2919 69.6873
		8.7371 8.4453 69.6873
		-3.9738 3.6817 75.1982
		0.0000 5.3280 75.1982
		-5.6194 -0.2919 75.1982
		-3.9738 -4.2655 75.1982
		0.0000 -5.9114 75.1982
		3.9737 -4.2655 75.1982
		5.6198 -0.2919 75.1982
		3.9737 3.6817 75.1982
		0.0000 15.5183 62.1792
		-11.1796 10.8875 62.1792
		-15.8097 -0.2919 62.1792
		-11.1796 -11.4713 62.1792
		0.0000 -16.1016 62.1792
		11.1795 -11.4709 62.1792
		15.8103 -0.2919 62.1792
		11.1795 10.8875 62.1792
		-5.4490 5.1572 -32.8481
		0.0000 7.4142 -32.8481
		-7.7060 -0.2919 -32.8481
		-5.4490 -5.7409 -32.8481
		0.0000 -7.9980 -32.8481
		5.4489 -5.7409 -32.8481
		7.7061 -0.2919 -32.8481
		5.4489 5.1572 -32.8481
		0.0000 -0.2919 -42.2836
		-5.4490 5.1572 -42.2836
		0.0000 7.4142 -42.2836
		-7.7060 -0.2919 -42.2836
		-5.4490 -5.7409 -42.2836
		0.0000 -7.9980 -42.2836
		5.4489 -5.7409 -42.2836
		7.7061 -0.2919 -42.2836
		5.4489 5.1572 -42.2836
		0.0134 2.4463 83.8841
		2.7302 -0.2706 83.8841
		-2.7036 -0.2706 83.8841
		0.0134 -2.9874 83.8841
		-2.7036 -0.2706 -57.2804
		0.0134 -2.9874 -57.2804
		0.0134 2.4463 -57.2804
		2.7302 -0.2706 -57.2804
		0.0000 8.0512 -55.1348
		-5.9001 5.6072 -55.1348
		-8.3441 -0.2931 -55.1348
		-5.9001 -6.1939 -55.1348
		0.0000 -8.6379 -55.1348
		5.9008 -6.1939 -55.1348
		8.3447 -0.2931 -55.1348
		5.9008 5.6072 -55.1348
		0.0000 -0.2931 -55.1348
		12.1243 11.8297 -41.7265
		12.1243 -12.4220 -41.7265
		-12.1277 11.8297 -41.7265
		-12.1277 -12.4220 -41.7265
		-12.1277 11.8297 -65.9877
		-12.1277 -12.4220 -65.9877
		12.1243 11.8297 -65.9877
		12.1243 -12.4220 -65.9877
		12.6283 12.3340 -41.7265
		12.6283 -12.9262 -41.7265
		-12.6317 12.3340 -41.7265
		-12.6317 -12.9262 -41.7265
		-12.6317 12.3340 -65.9877
		-12.6317 -12.9262 -65.9877
		12.6283 12.3340 -65.9877
		12.6283 -12.9262 -65.9877
		-18.4100 18.6496 -44.7656
		-4.6054 5.0086 -33.6865
		-19.0973 17.9624 -44.7656
		-5.2928 4.3217 -33.6865
		-19.0973 17.9624 -65.9877
		-6.9599 5.7758 -65.9877
		-18.4100 18.6496 -65.9877
		-6.0562 6.6800 -65.9877
		-18.9458 -18.6848 -44.7656
		-5.3052 -4.8803 -33.6865
		-18.2585 -19.3721 -44.7656
		-4.6179 -5.5676 -33.6865
		-18.2585 -19.3721 -65.9877
		-6.0724 -7.2347 -65.9877
		-18.9458 -18.6848 -65.9877
		-6.9760 -6.3305 -65.9877
		18.3887 -19.2206 -44.7656
		4.5841 -5.5795 -33.6865
		19.0757 -18.5333 -44.7656
		5.2712 -4.8928 -33.6865
		19.0757 -18.5333 -65.9877
		6.9381 -6.3468 -65.9877
		18.3887 -19.2206 -65.9877
		6.0344 -7.2509 -65.9877
		18.9240 18.1138 -44.7656
		5.2835 4.3094 -33.6865
		18.2372 18.8012 -44.7656
		4.5960 4.9966 -33.6865
		18.2372 18.8012 -65.9877
		6.0505 6.6637 -65.9877
		18.9240 18.1138 -65.9877
		6.9543 5.7596 -65.9877
	}
	face 126 {
		4 V(0 8 9 1) M(0) UV(0.45578 0.28839 0.30490 0.28839 0.30490 0.32082 0.45578 0.32082)
		4 V(1 9 10 2) M(0) UV(0.45578 0.32082 0.30490 0.32082 0.30490 0.39910 0.45578 0.39910)
		4 V(2 10 11 3) M(0) UV(0.45578 0.39910 0.30490 0.39910 0.30490 0.47738 0.45578 0.47738)
		4 V(3 11 12 4) M(0) UV(0.45578 0.47738 0.30490 0.47738 0.30490 0.50981 0.45578 0.50981)
		4 V(4 12 13 5) M(0) UV(0.45578 0.50981 0.30490 0.50981 0.30490 0.47738 0.45578 0.47738)
		4 V(5 13 14 6) M(0) UV(0.45578 0.47738 0.30490 0.47738 0.30490 0.39910 0.45578 0.39910)
		4 V(6 14 15 7) M(0) UV(0.45578 0.39910 0.30490 0.39910 0.30490 0.32082 0.45578 0.32082)
		4 V(7 15 8 0) M(0) UV(0.45578 0.32082 0.30490 0.32082 0.30490 0.28839 0.45578 0.28839)
		3 V(25 26 16) M(0) UV(0.23453 0.37633 0.23453 0.36683 0.22769 0.39910)
		4 V(25 18 17 26) M(0) UV(0.23453 0.37633 0.25076 0.34900 0.25076 0.32820 0.23453 0.36683)
		3 V(27 25 16) M(0) UV(0.23453 0.39910 0.23453 0.37633 0.22769 0.39910)
		4 V(27 19 18 25) M(0) UV(0.23453 0.39910 0.25076 0.39910 0.25076 0.34900 0.23453 0.37633)
		3 V(28 27 16) M(0) UV(0.23453 0.42195 0.23453 0.39910 0.22769 0.39910)
		4 V(28 20 19 27) M(0) UV(0.23453 0.42195 0.25076 0.44927 0.25076 0.39910 0.23453 0.39910)
		3 V(29 28 16) M(0) UV(0.23453 0.43137 0.23453 0.42195 0.22769 0.39910)
		4 V(29 21 20 28) M(0) UV(0.23453 0.43137 0.25076 0.47000 0.25076 0.44927 0.23453 0.42195)
		3 V(30 29 16) M(0) UV(0.23453 0.42195 0.23453 0.43137 0.22769 0.39910)
		4 V(30 22 21 29) M(0) UV(0.23453 0.42195 0.25076 0.44927 0.25076 0.47000 0.23453 0.43137)
		3 V(31 30 16) M(0) UV(0.23453 0.39910 0.23453 0.42195 0.22769 0.39910)
		4 V(31 23 22 30) M(0) UV(0.23453 0.39910 0.25076 0.39910 0.25076 0.44927 0.23453 0.42195)
		3 V(32 31 16) M(0) UV(0.23453 0.37633 0.23453 0.39910 0.22769 0.39910)
		4 V(32 24 23 31) M(0) UV(0.23453 0.37633 0.25076 0.34900 0.25076 0.39910 0.23453 0.39910)
		3 V(26 32 16) M(0) UV(0.23453 0.36683 0.23453 0.37633 0.22769 0.39910)
		4 V(26 17 24 32) M(0) UV(0.23453 0.36683 0.25076 0.32820 0.25076 0.34900 0.23453 0.37633)
		4 V(33 34 9 8) M(0) UV(0.27286 0.30841 0.27286 0.33495 0.30490 0.32082 0.30490 0.28839)
		4 V(33 17 18 34) M(0) UV(0.27286 0.30841 0.25076 0.32820 0.25076 0.34900 0.27286 0.33495)
		4 V(34 35 10 9) M(0) UV(0.27286 0.33495 0.27286 0.39910 0.30490 0.39910 0.30490 0.32082)
		4 V(34 18 19 35) M(0) UV(0.27286 0.33495 0.25076 0.34900 0.25076 0.39910 0.27286 0.39910)
		4 V(35 36 11 10) M(0) UV(0.27286 0.39910 0.27286 0.46325 0.30490 0.47738 0.30490 0.39910)
		4 V(35 19 20 36) M(0) UV(0.27286 0.39910 0.25076 0.39910 0.25076 0.44927 0.27286 0.46325)
		4 V(36 37 12 11) M(0) UV(0.27286 0.46325 0.27286 0.48987 0.30490 0.50981 0.30490 0.47738)
		4 V(36 20 21 37) M(0) UV(0.27286 0.46325 0.25076 0.44927 0.25076 0.47000 0.27286 0.48987)
		4 V(37 38 13 12) M(0) UV(0.27286 0.48987 0.27286 0.46325 0.30490 0.47738 0.30490 0.50981)
		4 V(37 21 22 38) M(0) UV(0.27286 0.48987 0.25076 0.47000 0.25076 0.44927 0.27286 0.46325)
		4 V(38 39 14 13) M(0) UV(0.27286 0.46325 0.27286 0.39910 0.30490 0.39910 0.30490 0.47738)
		4 V(38 22 23 39) M(0) UV(0.27286 0.46325 0.25076 0.44927 0.25076 0.39910 0.27286 0.39910)
		4 V(39 40 15 14) M(0) UV(0.27286 0.39910 0.27286 0.33495 0.30490 0.32082 0.30490 0.39910)
		4 V(39 23 24 40) M(0) UV(0.27286 0.39910 0.25076 0.39910 0.25076 0.34900 0.27286 0.33495)
		4 V(40 33 8 15) M(0) UV(0.27286 0.33495 0.27286 0.30841 0.30490 0.28839 0.30490 0.32082)
		4 V(40 24 17 33) M(0) UV(0.27286 0.33495 0.25076 0.34900 0.25076 0.32820 0.27286 0.30841)
		4 V(42 0 1 41) M(0) UV(0.55244 0.35489 0.45578 0.28839 0.45578 0.32082 0.55244 0.36785)
		4 V(41 1 2 43) M(0) UV(0.55244 0.36785 0.45578 0.32082 0.45578 0.39910 0.55244 0.39910)
		4 V(43 2 3 44) M(0) UV(0.55244 0.39910 0.45578 0.39910 0.45578 0.47738 0.55244 0.43035)
		4 V(44 3 4 45) M(0) UV(0.55244 0.43035 0.45578 0.47738 0.45578 0.50981 0.55244 0.44331)
		4 V(45 4 5 46) M(0) UV(0.55244 0.44331 0.45578 0.50981 0.45578 0.47738 0.55244 0.43035)
		4 V(46 5 6 47) M(0) UV(0.55244 0.43035 0.45578 0.47738 0.45578 0.39910 0.55244 0.39910)
		4 V(47 6 7 48) M(0) UV(0.55244 0.39910 0.45578 0.39910 0.45578 0.32082 0.55244 0.36785)
		4 V(48 7 0 42) M(0) UV(0.55244 0.36785 0.45578 0.32082 0.45578 0.28839 0.55244 0.35489)
		4 V(51 42 41 50) M(0) UV(0.58021 0.35489 0.55244 0.35489 0.55244 0.36785 0.58021 0.36785)
		3 V(51 50 49) M(0) UV(0.58021 0.35489 0.58021 0.36785 0.58021 0.39910)
		4 V(50 41 43 52) M(0) UV(0.58021 0.36785 0.55244 0.36785 0.55244 0.39910 0.58021 0.39910)
		3 V(50 52 49) M(0) UV(0.58021 0.36785 0.58021 0.39910 0.58021 0.39910)
		4 V(52 43 44 53) M(0) UV(0.58021 0.39910 0.55244 0.39910 0.55244 0.43035 0.58021 0.43035)
		3 V(52 53 49) M(0) UV(0.58021 0.39910 0.58021 0.43035 0.58021 0.39910)
		4 V(53 44 45 54) M(0) UV(0.58021 0.43035 0.55244 0.43035 0.55244 0.44331 0.58021 0.44331)
		3 V(53 54 49) M(0) UV(0.58021 0.43035 0.58021 0.44331 0.58021 0.39910)
		4 V(54 45 46 55) M(0) UV(0.58021 0.44331 0.55244 0.44331 0.55244 0.43035 0.58021 0.43035)
		3 V(54 55 49) M(0) UV(0.58021 0.44331 0.58021 0.43035 0.58021 0.39910)
		4 V(55 46 47 56) M(0) UV(0.58021 0.43035 0.55244 0.43035 0.55244 0.39910 0.58021 0.39910)
		3 V(55 56 49) M(0) UV(0.58021 0.43035 0.58021 0.39910 0.58021 0.39910)
		4 V(56 47 48 57) M(0) UV(0.58021 0.39910 0.55244 0.39910 0.55244 0.36785 0.58021 0.36785)
		3 V(56 57 49) M(0) UV(0.58021 0.39910 0.58021 0.36785 0.58021 0.39910)
		4 V(57 48 42 51) M(0) UV(0.58021 0.36785 0.55244 0.36785 0.55244 0.35489 0.58021 0.35489)
		3 V(57 51 49) M(0) UV(0.58021 0.36785 0.58021 0.35489 0.58021 0.39910)
		4 V(58 59 61 60) M(0) UV(0.22354 0.20445 0.22354 0.22000 0.22354 0.23562 0.22354 0.22000)
		4 V(60 61 63 62) M(0) UV(0.22354 0.22000 0.22354 0.23562 0.63891 0.23562 0.63891 0.22000)
		4 V(62 63 65 64) M(0) UV(0.63891 0.22000 0.63891 0.23562 0.63891 0.22000 0.63891 0.20445)
		4 V(64 65 59 58) M(0) UV(0.63891 0.20445 0.63891 0.22000 0.22354 0.22000 0.22354 0.20445)
		4 V(64 58 60 62) M(0) UV(0.63891 0.20445 0.22354 0.20445 0.22354 0.22000 0.63891 0.22000)
		4 V(59 65 63 61) M(0) UV(0.22354 0.22000 0.63891 0.22000 0.63891 0.23562 0.22354 0.23562)
		3 V(74 67 66) M(0) UV(0.71077 0.22526 0.73854 0.17108 0.71077 0.14863)
		3 V(74 68 67) M(0) UV(0.71077 0.22526 0.75006 0.22526 0.73854 0.17108)
		3 V(74 69 68) M(0) UV(0.71077 0.22526 0.73854 0.27944 0.75006 0.22526)
		3 V(74 70 69) M(0) UV(0.71077 0.22526 0.71077 0.30189 0.73854 0.27944)
		3 V(74 71 70) M(0) UV(0.71077 0.22526 0.68299 0.27944 0.71077 0.30189)
		3 V(74 72 71) M(0) UV(0.71077 0.22526 0.67148 0.22526 0.68299 0.27944)
		3 V(74 73 72) M(0) UV(0.71077 0.22526 0.68299 0.17108 0.67148 0.22526)
		3 V(74 66 73) M(0) UV(0.71077 0.22526 0.71077 0.14863 0.68299 0.17108)
		3 V(67 74 66) M(0) UV(0.73854 0.17108 0.71077 0.22526 0.71077 0.14863)
		3 V(68 74 67) M(0) UV(0.75006 0.22526 0.71077 0.22526 0.73854 0.17108)
		3 V(69 74 68) M(0) UV(0.73854 0.27944 0.71077 0.22526 0.75006 0.22526)
		3 V(70 74 69) M(0) UV(0.71077 0.30189 0.71077 0.22526 0.73854 0.27944)
		3 V(71 74 70) M(0) UV(0.68299 0.27944 0.71077 0.22526 0.71077 0.30189)
		3 V(72 74 71) M(0) UV(0.67148 0.22526 0.71077 0.22526 0.68299 0.27944)
		3 V(73 74 72) M(0) UV(0.68299 0.17108 0.71077 0.22526 0.67148 0.22526)
		3 V(66 74 73) M(0) UV(0.71077 0.14863 0.71077 0.22526 0.68299 0.17108)
		4 V(88 80 79 87) M(0) UV(0.31579 0.82656 0.31579 0.82193 0.31579 0.59925 0.31579 0.59462)
		4 V(85 77 78 86) M(0) UV(0.20158 0.59462 0.20158 0.59925 0.20158 0.82193 0.20158 0.82656)
		4 V(85 86 88 87) M(0) UV(0.20158 0.59462 0.20158 0.82656 0.31579 0.82656 0.31579 0.59462)
		4 V(84 76 75 83) M(0) UV(0.20158 0.82656 0.20158 0.82193 0.20158 0.59925 0.20158 0.59462)
		4 V(89 81 82 90) M(0) UV(0.31579 0.59462 0.31579 0.59925 0.31579 0.82193 0.31579 0.82656)
		4 V(89 90 84 83) M(0) UV(0.31579 0.59462 0.31579 0.82656 0.20158 0.82656 0.20158 0.59462)
		4 V(87 79 81 89) M(0) UV(0.31579 0.59462 0.31579 0.59925 0.31579 0.59925 0.31579 0.59462)
		4 V(83 75 77 85) M(0) UV(0.20158 0.59462 0.20158 0.59925 0.20158 0.59925 0.20158 0.59462)
		4 V(89 83 85 87) M(0) UV(0.31579 0.59462 0.20158 0.59462 0.20158 0.59462 0.31579 0.59462)
		4 V(86 78 76 84) M(0) UV(0.20158 0.82656 0.20158 0.82193 0.20158 0.82193 0.20158 0.82656)
		4 V(90 82 80 88) M(0) UV(0.31579 0.82656 0.31579 0.82193 0.31579 0.82193 0.31579 0.82656)
		4 V(84 90 88 86) M(0) UV(0.20158 0.82656 0.31579 0.82656 0.31579 0.82656 0.20158 0.82656)
		4 V(78 77 79 80) M(0) UV(0.20158 0.82193 0.20158 0.59925 0.31579 0.59925 0.31579 0.82193)
		4 V(75 81 79 77) M(0) UV(0.20158 0.59925 0.31579 0.59925 0.31579 0.59925 0.20158 0.59925)
		4 V(81 75 76 82) M(0) UV(0.31579 0.59925 0.20158 0.59925 0.20158 0.82193 0.31579 0.82193)
		4 V(82 76 78 80) M(0) UV(0.31579 0.82193 0.20158 0.82193 0.20158 0.82193 0.31579 0.82193)
		4 V(91 92 94 93) M(0) UV(0.63879 0.33087 0.59728 0.50494 0.59728 0.50494 0.63879 0.33087)
		4 V(93 94 96 95) M(0) UV(0.63879 0.33087 0.59728 0.50494 0.79208 0.50494 0.79208 0.33087)
		4 V(95 96 98 97) M(0) UV(0.79208 0.33087 0.79208 0.50494 0.79208 0.50494 0.79208 0.33087)
		4 V(97 98 92 91) M(0) UV(0.79208 0.33087 0.79208 0.50494 0.59728 0.50494 0.63879 0.33087)
		4 V(97 91 93 95) M(0) UV(0.79208 0.33087 0.63879 0.33087 0.63879 0.33087 0.79208 0.33087)
		4 V(92 98 96 94) M(0) UV(0.59728 0.50494 0.79208 0.50494 0.79208 0.50494 0.59728 0.50494)
		4 V(99 100 102 101) M(0) UV(0.63879 0.33087 0.59728 0.50494 0.59728 0.50494 0.63879 0.33087)
		4 V(101 102 104 103) M(0) UV(0.63879 0.33087 0.59728 0.50494 0.79208 0.50494 0.79208 0.33087)
		4 V(103 104 106 105) M(0) UV(0.79208 0.33087 0.79208 0.50494 0.79208 0.50494 0.79208 0.33087)
		4 V(105 106 100 99) M(0) UV(0.79208 0.33087 0.79208 0.50494 0.59728 0.50494 0.63879 0.33087)
		4 V(105 99 101 103) M(0) UV(0.79208 0.33087 0.63879 0.33087 0.63879 0.33087 0.79208 0.33087)
		4 V(100 106 104 102) M(0) UV(0.59728 0.50494 0.79208 0.50494 0.79208 0.50494 0.59728 0.50494)
		4 V(107 108 110 109) M(0) UV(0.63879 0.33087 0.59728 0.50494 0.59728 0.50494 0.63879 0.33087)
		4 V(109 110 112 111) M(0) UV(0.63879 0.33087 0.59728 0.50494 0.79208 0.50494 0.79208 0.33087)
		4 V(111 112 114 113) M(0) UV(0.79208 0.33087 0.79208 0.50494 0.79208 0.50494 0.79208 0.33087)
		4 V(113 114 108 107) M(0) UV(0.79208 0.33087 0.79208 0.50494 0.59728 0.50494 0.63879 0.33087)
		4 V(113 107 109 111) M(0) UV(0.79208 0.33087 0.63879 0.33087 0.63879 0.33087 0.79208 0.33087)
		4 V(108 114 112 110) M(0) UV(0.59728 0.50494 0.79208 0.50494 0.79208 0.50494 0.59728 0.50494)
		4 V(115 116 118 117) M(0) UV(0.63879 0.33087 0.59728 0.50494 0.59728 0.50494 0.63879 0.33087)
		4 V(117 118 120 119) M(0) UV(0.63879 0.33087 0.59728 0.50494 0.79208 0.50494 0.79208 0.33087)
		4 V(119 120 122 121) M(0) UV(0.79208 0.33087 0.79208 0.50494 0.79208 0.50494 0.79208 0.33087)
		4 V(121 122 116 115) M(0) UV(0.79208 0.33087 0.79208 0.50494 0.59728 0.50494 0.63879 0.33087)
		4 V(121 115 117 119) M(0) UV(0.79208 0.33087 0.63879 0.33087 0.63879 0.33087 0.79208 0.33087)
		4 V(116 122 120 118) M(0) UV(0.59728 0.50494 0.79208 0.50494 0.79208 0.50494 0.59728 0.50494)
	}
}
Eof
