Metasequoia Document
Format Text Ver 1.1

Scene {
	pos -0.0001 0.0000 6855.7202
	lookat 44.2173 161.8862 227.3182
	head -0.6136
	pich 0.2536
	bank 0.0000
	ortho 0
	zoom2 1.0940
	amb 0.250 0.250 0.250
	dirlights 1 {
		light {
			dir 0.408 0.408 0.816
			color 1.000 1.000 1.000
		}
	}
}
Material 1 {
	"mat1" shader(3) col(1.000 1.000 1.000 1.000) dif(0.800) amb(0.600) emi(0.000) spc(0.000) power(5.00) tex("..\..\textures\planes\delta7.png")
}
Object "$body" {
	depth 0
	folding 0
	scale 1.000000 1.000000 1.000000
	rotation 0.000000 0.000000 0.000000
	translation 0.000000 0.000000 0.000000
	visible 15
	locking 0
	shading 1
	facet 59.5
	color 0.898 0.498 0.698
	color_type 0
	vertex 465 {
		121.8935 128.1532 463.4096
		120.6614 134.0203 463.4096
		121.8935 128.1532 404.3628
		133.6278 139.8874 404.3628
		133.6278 128.1532 404.3628
		133.6278 139.8874 463.4096
		134.8599 134.0203 463.4096
		133.6278 128.1532 463.4096
		127.7607 126.9211 463.4096
		121.8935 139.8874 463.4096
		127.7607 141.1195 463.4096
		121.8935 139.8874 404.3628
		127.7607 134.0203 463.4096
		-157.8602 126.8526 463.4096
		-159.0923 132.7198 463.4096
		-157.8602 126.8526 404.3628
		-146.1259 138.5869 404.3628
		-146.1259 126.8526 404.3628
		-146.1259 138.5869 463.4096
		-144.8938 132.7198 463.4096
		-146.1259 126.8526 463.4096
		-151.9931 125.6206 463.4096
		-157.8602 138.5869 463.4096
		-151.9931 139.8190 463.4096
		-157.8602 138.5869 404.3628
		-151.9931 132.7198 463.4096
		113.2402 188.9249 -9.7292
		40.4183 180.5779 184.0174
		-0.0957 116.7628 956.5709
		113.9822 146.7464 451.5646
		141.3785 142.8853 451.5643
		-40.4184 180.5779 184.0174
		362.9666 58.0854 -44.4340
		141.3785 122.2855 583.4353
		113.9822 122.2855 657.3635
		209.3688 154.7716 -293.4798
		377.4570 134.8741 -26.7792
		-108.6436 188.9249 -9.7293
		-0.0893 50.1562 931.7351
		339.6766 139.5000 -285.6533
		94.1386 188.4125 -301.3066
		-164.4140 139.5792 451.5643
		-137.0178 143.3725 451.5643
		-362.9700 58.0856 -44.4340
		0.0000 28.3807 -44.4340
		319.2152 76.4971 -255.4008
		256.4074 138.7519 -281.7698
		74.3619 181.2477 -294.1346
		-377.4570 134.8743 -26.7792
		-339.6762 139.5002 -285.6533
		-137.0178 122.2855 595.5307
		-164.4140 122.2855 521.5646
		0.0000 52.8675 -255.4008
		-94.1385 188.4126 -301.3065
		-130.7674 180.7759 -178.0626
		262.9256 124.5543 -269.4050
		-74.3619 181.2477 -294.1346
		-319.2186 76.4973 -255.4008
		-262.9255 124.5544 -269.4050
		-209.3688 154.7719 -293.4799
		-256.4072 138.7519 -281.7699
		113.9822 127.7856 659.4508
		113.9822 122.2855 451.5643
		141.3785 122.2855 451.5643
		141.3785 130.4326 588.0962
		-164.4140 132.6480 528.3807
		-164.4140 122.2855 451.5643
		-137.0178 122.2855 451.5643
		-137.0178 129.9996 599.7715
		-8.4424 303.9659 -424.2133
		-8.4424 214.4605 -449.2515
		-8.4424 214.4598 -225.7821
		-8.4424 303.9654 -225.7821
		8.4424 303.9659 -424.2133
		8.4424 214.4598 -225.7821
		8.4424 214.4605 -449.2515
		8.4424 303.9654 -225.7821
		-7.3074 187.9812 -36.5810
		-7.3074 178.8028 -36.5810
		-7.3074 178.8028 15.3674
		-7.3074 187.9812 15.3674
		1.8710 187.9812 -36.5810
		1.8710 178.8028 15.3674
		1.8710 178.8028 -36.5810
		1.8710 187.9812 15.3674
		-38.8979 196.3757 -42.6856
		-21.2063 162.5812 -48.7303
		-21.2063 160.9098 -39.3863
		-46.1304 216.5699 -29.4596
		-29.3394 196.1421 -42.7274
		21.2063 160.9098 -39.3863
		-29.3394 194.4707 -33.3834
		-45.4629 221.5825 -38.1769
		21.2063 162.5811 -48.7303
		-34.6488 215.6989 -29.5863
		-34.7169 237.5074 -25.1596
		29.3394 196.1420 -42.7274
		-34.6488 217.3702 -38.9303
		29.3394 194.4707 -33.3834
		38.8979 194.7044 -33.3416
		-25.0312 233.0615 -25.9548
		-34.7169 239.1788 -34.5035
		38.8979 196.3757 -42.6856
		-25.0312 234.7328 -35.2988
		45.4629 221.5825 -38.1769
		45.4629 219.9111 -28.8329
		34.6488 217.3702 -38.9303
		34.6488 215.6989 -29.5863
		34.7169 237.5074 -25.1596
		25.0312 234.7328 -35.2988
		25.0312 233.0615 -25.9548
		34.7169 239.1787 -34.5035
		210.3657 137.3181 -167.4206
		216.7101 136.6932 -167.4206
		226.1119 145.6605 -357.7974
		205.3474 147.9744 -357.8542
		222.8107 134.8425 -167.4206
		210.3657 129.7832 -318.3695
		204.0213 136.6932 -167.4206
		197.9207 134.8425 -167.4206
		228.4330 131.8372 -167.4206
		205.4913 129.3031 -318.3695
		215.2401 129.3031 -318.3695
		233.3611 127.7930 -167.4206
		240.9725 135.4055 -357.8767
		200.8042 127.8813 -318.3695
		219.9272 127.8813 -318.3695
		189.2068 142.7671 -357.8531
		242.2612 98.4533 -167.4208
		224.2468 125.5724 -318.3695
		228.0330 122.4651 -318.3695
		196.4846 125.5724 -318.3695
		192.2984 131.8374 -167.4206
		237.4053 99.8869 -167.4208
		242.2612 111.1420 -167.4206
		237.4053 122.8649 -167.4206
		187.3703 127.7930 -167.4206
		216.7101 86.0587 -167.4208
		240.4106 92.3526 -167.4208
		242.8861 104.7976 -167.4208
		248.8232 124.8957 -357.6787
		231.1402 118.6790 -318.3695
		228.0330 87.1313 -318.3695
		192.6983 122.4651 -318.3695
		173.3612 128.2141 -357.7965
		183.3260 122.8651 -167.4206
		180.3208 117.2427 -167.4206
		233.3611 94.9588 -167.4208
		251.2272 89.0518 -357.7965
		253.5876 109.5437 -358.0225
		240.4106 117.2427 -167.4206
		234.8710 109.6722 -318.3695
		192.6983 87.1313 -318.3695
		189.5910 118.6790 -318.3695
		197.9207 87.9093 -167.4208
		228.4330 90.9145 -167.4208
		238.5251 71.6874 -357.8545
		233.4492 114.3593 -318.3695
		234.8710 99.9242 -318.3695
		200.8042 81.7151 -318.3695
		185.8603 99.9242 -318.3695
		187.2822 114.3593 -318.3695
		180.3208 92.3527 -167.4208
		204.0213 86.0587 -167.4208
		222.8107 87.9093 -167.4208
		231.1402 90.9175 -318.3695
		235.3510 104.7979 -318.3695
		233.4492 95.2371 -318.3695
		210.3657 79.8133 -318.3695
		196.4845 84.0241 -318.3695
		189.5910 90.9175 -318.3695
		178.4702 111.1421 -167.4206
		177.8453 104.7977 -167.4208
		187.3703 94.9588 -167.4208
		210.3657 85.4338 -167.4208
		190.5504 66.1110 -357.8561
		223.3221 63.3114 -357.6766
		205.4912 80.2933 -318.3695
		219.9272 81.7151 -318.3695
		179.7589 74.1919 -357.8770
		187.2821 95.2371 -318.3695
		185.3802 104.7979 -318.3695
		185.8603 109.6722 -318.3695
		167.0486 108.5770 -358.0226
		178.4702 98.4533 -167.4208
		183.3259 99.8869 -167.4208
		192.2983 90.9145 -167.4208
		206.5873 61.4815 -358.0227
		224.2468 84.0241 -318.3695
		215.2401 80.2933 -318.3695
		169.8201 88.6105 -357.4980
		-215.1344 136.8448 -167.4206
		-208.7900 136.2199 -167.4206
		-215.6655 148.0980 -357.4682
		-221.4787 136.2199 -167.4206
		-202.6894 134.3693 -167.4206
		-195.0674 142.8993 -358.0226
		-227.5794 134.3693 -167.4206
		-205.5729 127.4081 -318.3695
		-236.2928 142.2945 -357.8558
		-185.0895 105.0359 -167.4208
		-197.0670 131.3641 -167.4206
		-210.2600 128.8299 -318.3695
		-201.2532 125.0992 -318.3695
		-224.6958 127.4081 -318.3695
		-233.2017 131.3641 -167.4206
		-192.1390 127.3196 -167.4206
		-208.7900 85.5855 -167.4208
		-184.5276 134.9322 -357.8768
		-215.1344 129.3098 -318.3695
		-229.0154 125.0992 -318.3695
		-220.0088 128.8299 -318.3695
		-238.1298 127.3198 -167.4206
		-185.0895 116.7694 -167.4206
		-245.1792 116.7694 -167.4206
		-192.1390 94.4854 -167.4208
		-197.4670 121.9919 -318.3695
		-232.8017 121.9919 -318.3695
		-252.1388 127.7411 -357.7973
		-242.1741 122.3918 -167.4206
		-183.2389 110.6687 -167.4206
		-188.0947 122.3917 -167.4206
		-221.4788 85.5855 -167.4208
		-188.0947 99.4135 -167.4208
		-197.0670 90.4412 -167.4208
		-194.3598 118.2056 -318.3695
		-239.6397 99.4510 -318.3695
		-235.9090 118.2056 -318.3695
		-171.9125 109.0702 -358.0226
		-183.2389 97.9799 -167.4208
		-176.6768 124.4202 -357.6790
		-238.1298 94.4855 -167.4208
		-215.1344 84.9604 -167.4208
		-187.2867 70.9542 -357.6761
		-174.2729 88.5793 -357.7966
		-202.6894 87.4361 -167.4208
		-197.4670 86.6581 -318.3695
		-190.6290 109.1990 -318.3695
		-239.6397 109.1991 -318.3695
		-182.6141 104.3244 -167.4208
		-227.5795 87.4361 -167.4208
		-247.0299 97.9801 -167.4208
		-227.7746 62.6556 -357.8537
		-205.9212 61.4899 -358.0931
		-247.0299 110.6689 -167.4206
		-192.0509 113.8861 -318.3695
		-232.8017 86.6581 -318.3695
		-240.1198 104.3247 -318.3695
		-238.2179 113.8861 -318.3695
		-233.2017 90.4412 -167.4208
		-247.6548 104.3244 -167.4208
		-245.1792 105.0360 -167.4208
		-258.4514 108.1040 -358.0225
		-194.3598 90.4442 -318.3695
		-205.5729 81.2419 -318.3695
		-190.6290 99.4509 -318.3695
		-235.9090 90.4443 -318.3695
		-224.6959 81.2419 -318.3695
		-255.6799 88.1376 -357.4981
		-190.1490 104.3245 -318.3695
		-243.2936 71.2140 -357.8543
		-242.1741 99.4136 -167.4208
		-215.1344 79.3400 -318.3695
		-192.0509 94.7639 -318.3695
		-201.2532 83.5507 -318.3695
		-210.2600 79.8200 -318.3695
		-238.2179 94.7639 -318.3695
		-229.0156 83.5507 -318.3695
		-220.0088 79.8200 -318.3695
		147.8858 180.3176 276.0472
		151.4829 196.5425 259.9292
		151.4829 196.5425 276.0472
		129.4126 183.9146 276.0472
		147.8858 180.3176 259.9292
		137.6375 200.1395 276.0472
		129.4126 183.9146 259.9292
		137.6375 200.1395 259.9292
		141.1381 177.8630 276.4787
		148.4734 190.2405 271.6690
		130.2009 189.2653 272.0867
		128.2520 180.4945 274.8050
		154.9160 175.0933 274.4525
		137.1682 200.9396 265.3068
		112.6861 184.1976 266.5350
		139.9472 155.0161 276.5284
		163.4266 186.6116 267.1779
		126.0923 198.7036 264.6442
		152.7249 200.6293 262.9262
		117.5161 159.9892 272.9799
		116.3661 195.9982 262.1018
		162.0032 150.1263 269.1908
		166.5003 172.2401 268.5983
		122.9988 207.2200 253.4761
		142.4545 208.8042 255.7583
		97.9397 164.3295 255.9421
		100.7330 186.5922 252.1791
		178.8274 146.3964 247.7818
		175.9455 183.8358 256.7233
		166.9932 200.9803 252.0689
		157.4688 205.4758 254.3767
		109.0899 199.7162 250.7530
		96.2050 164.7140 206.8587
		176.8674 170.2265 259.1074
		181.9538 145.7033 225.9366
		132.9457 214.1268 244.4525
		148.4193 212.0384 248.1877
		89.9077 166.1101 229.7193
		103.3781 198.7867 240.8964
		122.9653 158.7812 184.8480
		183.4644 171.5888 247.9692
		186.8394 167.7577 233.5018
		177.3112 194.9184 242.5318
		164.7524 208.5483 238.3638
		123.4738 212.9817 239.2944
		114.0721 209.1988 236.1037
		95.6885 188.2243 234.7730
		97.0465 187.6650 216.8783
		107.7944 162.1446 192.9008
		139.9475 155.0162 182.9103
		184.8710 168.4519 215.6686
		182.2020 186.2642 240.8395
		173.2366 201.8414 235.4188
		148.3431 214.7454 239.3532
		131.7206 215.9239 224.2773
		102.8482 200.0421 225.4270
		105.2006 185.8577 200.5707
		118.8269 182.8359 188.7008
		185.4372 181.2420 233.5826
		157.9061 151.0347 188.2280
		135.8507 179.0621 183.0755
		175.2992 147.1786 204.4126
		184.5959 177.5130 217.6356
		178.7243 194.8115 222.2911
		171.9730 202.1330 219.6208
		139.8082 216.6455 229.0618
		122.8371 213.1638 221.4042
		158.0952 212.8962 227.9346
		112.4062 206.9838 218.3500
		105.4158 195.0652 208.2094
		150.0441 175.8886 183.8584
		176.3934 169.8186 199.6268
		176.9219 179.2156 202.2907
		164.3392 208.3923 220.5539
		148.1909 215.5920 224.4338
		136.0744 210.5766 206.2266
		116.3189 192.6473 195.0758
		131.3028 189.3271 187.2161
		180.5092 187.1532 213.5575
		163.6811 176.6227 189.0301
		148.4947 189.5750 187.4341
		169.4501 197.0952 205.7175
		162.0316 204.6646 207.8730
		141.6035 213.3938 212.8319
		117.1701 204.5730 206.4415
		153.0586 209.5072 208.3487
		168.9658 189.4162 198.5655
		133.6542 205.0327 198.8414
		125.9955 198.9418 195.0093
		140.9282 199.5591 192.9612
		156.7323 196.9531 195.1170
		-51.5566 142.8015 -80.4576
		53.5992 142.8015 -80.4576
		53.5992 160.9891 -89.1185
		-51.5566 160.9891 -89.1185
		53.5992 165.9896 -164.2933
		-51.5566 163.6904 -150.6301
		-51.5566 165.9897 -164.2932
		53.5992 163.6904 -150.6302
		53.5992 256.3284 -168.9584
		53.5992 256.3284 -178.0393
		-51.5566 256.3284 -168.9584
		-51.5566 256.3284 -178.0393
		-83.9569 197.5901 -182.9605
		-83.9569 159.2284 -178.0306
		-108.1899 159.2284 -178.0306
		-108.1899 197.5901 -182.9605
		-83.9569 130.1912 8.2801
		-113.7819 192.3830 -94.2910
		-83.9569 187.1759 -5.6214
		-108.1899 159.2284 8.2801
		-108.1899 187.1759 -5.6214
		83.7340 197.5901 -182.9605
		83.7340 159.2284 -178.0306
		83.7340 132.5219 3.5504
		83.7340 187.1759 -5.6214
		107.9670 197.5901 -182.9605
		107.9670 159.2283 3.5504
		109.5361 189.4795 -5.6214
		114.3436 193.5348 -94.2910
		107.9670 159.2284 -178.0306
		113.2191 193.0452 -94.2510
		113.9709 192.0678 -94.3000
		107.4061 197.1004 -182.9206
		90.0131 223.4946 -95.8399
		91.1376 223.9842 -95.8799
		109.1070 189.0306 -5.7056
		75.7683 228.9005 -188.3784
		90.7650 222.5172 -95.8888
		55.7208 228.9412 11.0991
		76.3292 229.3901 -188.4184
		56.1499 229.3901 11.1832
		124.6547 184.6659 -77.9421
		155.2616 156.0607 -178.0626
		113.2402 188.9249 -9.7292
		110.9012 132.4224 4.8098
		-56.1499 229.3901 11.1832
		-73.3529 180.9975 111.4179
		0.0000 222.6291 108.1490
		0.0000 167.1924 328.7282
		73.3529 180.9975 111.4179
		0.0000 187.3937 -301.6128
		37.2181 206.1003 -347.4430
		64.3217 198.3685 -301.5212
		94.1386 188.4125 -301.3066
		0.0000 184.0120 -342.1808
		49.1184 227.8502 -361.3461
		-37.2179 206.1007 -347.4427
		0.0000 192.3915 -402.2353
		32.7229 227.0332 -416.6039
		41.5930 244.5216 -301.5212
		-64.3217 198.3686 -301.5212
		18.7510 239.9255 -418.2189
		-130.7674 180.7759 -178.0626
		-49.1182 227.8503 -361.3461
		-94.1385 188.4126 -301.3065
		-32.7228 227.0332 -416.6039
		0.0000 199.7260 -417.5766
		18.4725 219.7829 -443.2076
		47.2515 263.7766 -198.2839
		0.0000 272.9192 -345.8327
		-76.3292 229.3901 -188.4184
		-155.2616 156.0607 -178.0626
		-41.5930 244.5216 -301.5212
		0.0000 239.9256 -428.8054
		-47.2514 263.7766 -198.2839
		0.0000 259.4087 -383.8567
		-18.7510 239.9255 -418.2189
		-18.4724 219.7829 -443.2076
		0.0000 203.0710 -433.3597
		0.0000 215.0230 -448.8585
		0.0000 303.8836 -229.0384
		-110.9011 132.4224 4.8098
		0.0000 207.3959 -442.3429
		-113.0782 191.2649 -77.9421
		-126.0183 183.6628 -77.9421
		-76.3292 229.3901 -188.4184
		-91.1376 223.9842 -95.8799
		-73.6437 226.6871 -42.3483
		-108.6436 170.5558 -9.7293
		-56.1499 229.3901 11.1832
		-108.6436 170.5558 -9.7293
		-56.1499 229.3901 11.1832
		-91.1376 223.9842 -95.8799
		-112.7180 191.4757 -94.2244
		-54.3892 228.2983 10.9632
		-90.0339 222.8925 -96.0998
		-107.1260 196.6828 -182.8940
		-75.2653 228.4829 -188.3518
		-90.0737 223.0770 -95.8133
		-73.6437 226.6871 -42.3483
		0.0000 247.1024 12.2578
		14.1397 241.7263 12.2578
		14.1397 229.1634 12.2578
		-14.1397 241.7263 12.2578
		-14.1397 229.1634 12.2578
	}
	face 862 {
		3 V(462 461 460) M(0) UV(0.42706 0.10395 0.42706 0.03255 0.50743 0.00199)
		3 V(464 460 463) M(0) UV(0.58779 0.10395 0.50743 0.00199 0.58779 0.03255)
		3 V(464 462 460) M(0) UV(0.58779 0.10395 0.42706 0.10395 0.50743 0.00199)
		3 V(453 448 451) M(0) UV(0.10773 0.27800 0.11689 0.25459 0.12078 0.27527)
		3 V(459 451 37) M(0) UV(0.20205 0.22983 0.20259 0.31428 0.20259 0.31428)
		3 V(37 444 459) M(0) UV(0.22901 0.26276 0.20259 0.31428 0.20205 0.22983)
		3 V(2 1 0) M(0) UV(0.77990 0.38710 0.76024 0.30321 0.76073 0.30879)
		3 V(2 4 3) M(0) UV(0.77990 0.38710 0.77987 0.38517 0.78060 0.38665)
		3 V(7 6 5) M(0) UV(0.75793 0.31347 0.75969 0.31089 0.76235 0.30925)
		3 V(8 0 1) M(0) UV(0.26289 0.33988 0.26038 0.33988 0.25937 0.33759)
		3 V(4 8 7) M(0) UV(0.77987 0.38517 0.75987 0.31272 0.75793 0.31347)
		3 V(11 10 9) M(0) UV(0.78146 0.39184 0.76005 0.30367 0.75793 0.29435)
		3 V(8 12 6) M(0) UV(0.26289 0.33988 0.26228 0.33698 0.26519 0.33637)
		3 V(6 12 10) M(0) UV(0.26519 0.33637 0.26228 0.33698 0.26167 0.33407)
		3 V(1 9 10) M(0) UV(0.25937 0.33759 0.25937 0.33508 0.26167 0.33407)
		3 V(15 14 13) M(0) UV(0.29670 0.43363 0.30323 0.37152 0.30323 0.36636)
		3 V(15 17 16) M(0) UV(0.29670 0.43363 0.29782 0.43498 0.29667 0.43952)
		3 V(20 19 18) M(0) UV(0.30425 0.36745 0.30709 0.36988 0.30871 0.37324)
		3 V(21 13 14) M(0) UV(0.27496 0.33988 0.27245 0.33988 0.27144 0.33759)
		3 V(17 21 20) M(0) UV(0.29782 0.43498 0.30454 0.35995 0.30425 0.36745)
		3 V(24 23 22) M(0) UV(0.29613 0.43543 0.30623 0.37515 0.30446 0.37412)
		3 V(21 25 19) M(0) UV(0.27496 0.33988 0.27435 0.33698 0.27725 0.33637)
		3 V(19 25 23) M(0) UV(0.27725 0.33637 0.27435 0.33698 0.27374 0.33407)
		3 V(14 22 23) M(0) UV(0.27144 0.33759 0.27144 0.33508 0.27374 0.33407)
		3 V(11 9 1) M(0) UV(0.78146 0.39184 0.75793 0.29435 0.76024 0.30321)
		3 V(2 3 11) M(0) UV(0.77990 0.38710 0.78060 0.38665 0.78146 0.39184)
		3 V(5 3 4) M(0) UV(0.76235 0.30925 0.78060 0.38665 0.77987 0.38517)
		3 V(2 11 1) M(0) UV(0.77990 0.38710 0.78146 0.39184 0.76024 0.30321)
		3 V(8 1 12) M(0) UV(0.26289 0.33988 0.25937 0.33759 0.26228 0.33698)
		3 V(4 7 5) M(0) UV(0.77987 0.38517 0.75793 0.31347 0.76235 0.30925)
		3 V(2 0 8) M(0) UV(0.77990 0.38710 0.76073 0.30879 0.75987 0.31272)
		3 V(3 5 10) M(0) UV(0.78060 0.38665 0.76235 0.30925 0.76005 0.30367)
		3 V(8 6 7) M(0) UV(0.26289 0.33988 0.26519 0.33637 0.26519 0.33887)
		3 V(4 2 8) M(0) UV(0.77987 0.38517 0.77990 0.38710 0.75987 0.31272)
		3 V(6 10 5) M(0) UV(0.26519 0.33637 0.26167 0.33407 0.26418 0.33407)
		3 V(11 3 10) M(0) UV(0.78146 0.39184 0.78060 0.38665 0.76005 0.30367)
		3 V(1 10 12) M(0) UV(0.25937 0.33759 0.26167 0.33407 0.26228 0.33698)
		3 V(24 22 14) M(0) UV(0.29613 0.43543 0.30446 0.37412 0.30323 0.37152)
		3 V(15 16 24) M(0) UV(0.29670 0.43363 0.29667 0.43952 0.29613 0.43543)
		3 V(18 16 17) M(0) UV(0.30871 0.37324 0.29667 0.43952 0.29782 0.43498)
		3 V(15 24 14) M(0) UV(0.29670 0.43363 0.29613 0.43543 0.30323 0.37152)
		3 V(21 14 25) M(0) UV(0.27496 0.33988 0.27144 0.33759 0.27435 0.33698)
		3 V(17 20 18) M(0) UV(0.29782 0.43498 0.30425 0.36745 0.30871 0.37324)
		3 V(15 13 21) M(0) UV(0.29670 0.43363 0.30323 0.36636 0.30454 0.35995)
		3 V(16 18 23) M(0) UV(0.29667 0.43952 0.30871 0.37324 0.30623 0.37515)
		3 V(21 19 20) M(0) UV(0.27496 0.33988 0.27725 0.33637 0.27725 0.33887)
		3 V(17 15 21) M(0) UV(0.29782 0.43498 0.29670 0.43363 0.30454 0.35995)
		3 V(19 23 18) M(0) UV(0.27725 0.33637 0.27374 0.33407 0.27624 0.33407)
		3 V(24 16 23) M(0) UV(0.29613 0.43543 0.29667 0.43952 0.30623 0.37515)
		3 V(14 23 25) M(0) UV(0.27144 0.33759 0.27374 0.33407 0.27435 0.33698)
		3 V(28 27 26) M(0) UV(0.53690 0.44732 0.52109 0.76314 0.49142 0.84222)
		3 V(30 29 26) M(0) UV(0.47949 0.62459 0.49539 0.62409 0.49142 0.84222)
		3 V(31 26 27) M(0) UV(0.55401 0.76310 0.49142 0.84222 0.52109 0.76314)
		3 V(28 31 27) M(0) UV(0.53690 0.44732 0.55401 0.76310 0.52109 0.76314)
		3 V(34 33 32) M(0) UV(0.30810 0.56810 0.32364 0.66069 0.34714 0.87884)
		3 V(36 26 35) M(0) UV(0.37101 0.83947 0.49142 0.84222 0.43660 0.96587)
		3 V(31 37 26) M(0) UV(0.55401 0.76310 0.58218 0.84204 0.49142 0.84222)
		3 V(28 37 31) M(0) UV(0.53690 0.44732 0.58218 0.84204 0.55401 0.76310)
		3 V(28 32 38) M(0) UV(0.28402 0.44019 0.34714 0.87884 0.27133 0.48956)
		3 V(32 36 39) M(0) UV(0.34714 0.87884 0.37118 0.87922 0.30942 0.99967)
		3 V(36 35 39) M(0) UV(0.37101 0.83947 0.43660 0.96587 0.37799 0.95723)
		3 V(26 40 35) M(0) UV(0.49142 0.84222 0.48850 0.97392 0.43660 0.96587)
		3 V(42 41 37) M(0) UV(0.58984 0.62969 0.60478 0.62984 0.58218 0.84204)
		3 V(28 38 43) M(0) UV(0.28402 0.44019 0.27133 0.48956 0.02148 0.79117)
		3 V(44 38 32) M(0) UV(0.84646 0.91010 0.84642 0.50202 0.99967 0.91110)
		3 V(32 39 45) M(0) UV(0.34714 0.87884 0.30942 0.99967 0.29429 0.96429)
		3 V(46 39 35) M(0) UV(0.26481 0.98692 0.30942 0.99967 0.24066 0.99011)
		3 V(35 40 47) M(0) UV(0.24066 0.99011 0.18709 0.98279 0.17991 0.97578)
		3 V(49 37 48) M(0) UV(0.68189 0.95048 0.58218 0.84204 0.69297 0.84435)
		3 V(51 50 43) M(0) UV(0.13573 0.62501 0.18556 0.56147 0.02148 0.79117)
		3 V(38 44 43) M(0) UV(0.84642 0.50202 0.84646 0.91010 0.69324 0.91110)
		3 V(32 52 44) M(0) UV(0.99967 0.91110 0.84646 0.99906 0.84646 0.91010)
		3 V(32 45 52) M(0) UV(0.99967 0.91110 0.98094 0.99967 0.84646 0.99906)
		3 V(46 45 39) M(0) UV(0.26481 0.98692 0.29429 0.96429 0.30942 0.99967)
		3 V(47 46 35) M(0) UV(0.17991 0.97578 0.26481 0.98692 0.24066 0.99011)
		3 V(47 40 53) M(0) UV(0.17991 0.97578 0.18709 0.98279 0.10738 0.95684)
		3 V(43 49 48) M(0) UV(0.02148 0.79117 0.00033 0.90263 0.00033 0.78000)
		3 V(49 54 37) M(0) UV(0.68189 0.95048 0.59439 0.91028 0.58218 0.84204)
		3 V(52 43 44) M(0) UV(0.84646 0.99906 0.69324 0.91110 0.84646 0.91010)
		3 V(52 45 55) M(0) UV(0.17014 0.91792 0.29429 0.96429 0.27032 0.97258)
		3 V(46 55 45) M(0) UV(0.26481 0.98692 0.27032 0.97258 0.29429 0.96429)
		3 V(55 46 47) M(0) UV(0.27032 0.97258 0.26481 0.98692 0.17991 0.97578)
		3 V(47 53 56) M(0) UV(0.17991 0.97578 0.10738 0.95684 0.11751 0.95533)
		3 V(43 57 49) M(0) UV(0.02148 0.79117 0.02948 0.87928 0.00033 0.90263)
		3 V(49 53 54) M(0) UV(0.68189 0.95048 0.58134 0.96116 0.59439 0.91028)
		3 V(52 57 43) M(0) UV(0.84646 0.99906 0.71197 0.99967 0.69324 0.91110)
		3 V(55 58 52) M(0) UV(0.27032 0.97258 0.04551 0.90106 0.17014 0.91792)
		3 V(58 55 47) M(0) UV(0.04551 0.90106 0.27032 0.97258 0.17991 0.97578)
		3 V(56 58 47) M(0) UV(0.11751 0.95533 0.04551 0.90106 0.17991 0.97578)
		3 V(56 53 59) M(0) UV(0.11751 0.95533 0.10738 0.95684 0.05891 0.93115)
		3 V(60 49 57) M(0) UV(0.04194 0.91575 0.00033 0.90263 0.02948 0.87928)
		3 V(49 59 53) M(0) UV(0.00033 0.90263 0.05891 0.93115 0.10738 0.95684)
		3 V(58 57 52) M(0) UV(0.04551 0.90106 0.02948 0.87928 0.17014 0.91792)
		3 V(56 60 58) M(0) UV(0.11751 0.95533 0.04194 0.91575 0.04551 0.90106)
		3 V(60 56 59) M(0) UV(0.04194 0.91575 0.11751 0.95533 0.05891 0.93115)
		3 V(60 57 58) M(0) UV(0.04194 0.91575 0.02948 0.87928 0.04551 0.90106)
		3 V(59 49 60) M(0) UV(0.05891 0.93115 0.00033 0.90263 0.04194 0.91575)
		3 V(62 34 61) M(0) UV(0.48984 0.61635 0.49394 0.55484 0.49623 0.55416)
		3 V(63 62 29) M(0) UV(0.28304 0.35654 0.27158 0.35654 0.27158 0.34630)
		3 V(63 33 34) M(0) UV(0.48439 0.61565 0.48325 0.58091 0.49394 0.55484)
		3 V(63 30 64) M(0) UV(0.48439 0.61565 0.47949 0.62459 0.48016 0.57931)
		3 V(66 51 65) M(0) UV(0.60068 0.62253 0.60181 0.60409 0.60604 0.60182)
		3 V(66 41 42) M(0) UV(0.24793 0.35613 0.24793 0.34889 0.25940 0.34730)
		3 V(66 67 50) M(0) UV(0.60068 0.62253 0.59492 0.62319 0.59160 0.57860)
		3 V(67 42 68) M(0) UV(0.59492 0.62319 0.58984 0.62969 0.58817 0.57710)
		3 V(71 70 69) M(0) UV(0.65379 0.39506 0.65379 0.47811 0.61633 0.47811)
		3 V(71 69 72) M(0) UV(0.65379 0.39506 0.61633 0.47811 0.61633 0.39506)
		3 V(70 73 69) M(0) UV(0.56212 0.35701 0.55477 0.31093 0.56535 0.32022)
		3 V(74 70 71) M(0) UV(0.64479 0.36404 0.56212 0.35701 0.63421 0.35474)
		3 V(74 71 72) M(0) UV(0.64479 0.36404 0.63421 0.35474 0.63744 0.31796)
		3 V(72 69 73) M(0) UV(0.63744 0.31796 0.56535 0.32022 0.55477 0.31093)
		3 V(70 75 73) M(0) UV(0.56212 0.35701 0.55415 0.36404 0.55477 0.31093)
		3 V(74 75 70) M(0) UV(0.64479 0.36404 0.55415 0.36404 0.56212 0.35701)
		3 V(74 72 76) M(0) UV(0.64479 0.36404 0.63744 0.31796 0.64541 0.31093)
		3 V(72 73 76) M(0) UV(0.63744 0.31796 0.55477 0.31093 0.64541 0.31093)
		3 V(75 76 73) M(0) UV(0.56298 0.47935 0.60044 0.39630 0.60044 0.47935)
		3 V(75 74 76) M(0) UV(0.56298 0.47935 0.56298 0.39630 0.60044 0.39630)
		3 V(79 78 77) M(0) UV(0.24237 0.30969 0.24237 0.30969 0.24237 0.30969)
		3 V(79 77 80) M(0) UV(0.24237 0.30969 0.24237 0.30969 0.24237 0.30969)
		3 V(78 81 77) M(0) UV(0.20259 0.31428 0.20259 0.31428 0.20259 0.31428)
		3 V(82 78 79) M(0) UV(0.24237 0.30969 0.24237 0.30969 0.24237 0.30969)
		3 V(82 79 80) M(0) UV(0.20259 0.31428 0.20259 0.31428 0.20259 0.31428)
		3 V(80 77 81) M(0) UV(0.26595 1.20263 0.26595 1.20263 0.26595 1.20263)
		3 V(78 83 81) M(0) UV(0.20259 0.31428 0.20259 0.31428 0.20259 0.31428)
		3 V(82 83 78) M(0) UV(0.24237 0.30969 0.24237 0.30969 0.24237 0.30969)
		3 V(82 80 84) M(0) UV(0.20259 0.31428 0.20259 0.31428 0.20259 0.31428)
		3 V(80 81 84) M(0) UV(0.24237 0.30969 0.24237 0.30969 0.24237 0.30969)
		3 V(83 84 81) M(0) UV(0.26595 1.20263 0.26595 1.20263 0.26595 1.20263)
		3 V(83 82 84) M(0) UV(0.24237 0.30969 0.24237 0.30969 0.24237 0.30969)
		3 V(87 86 85) M(0) UV(0.38127 0.67901 0.38080 0.68369 0.36165 0.67411)
		3 V(87 85 88) M(0) UV(0.38127 0.67901 0.36165 0.67411 0.35486 0.66261)
		3 V(89 85 86) M(0) UV(0.40195 0.60700 0.40932 0.60681 0.39568 0.63328)
		3 V(90 86 87) M(0) UV(0.39453 0.67497 0.38080 0.68369 0.38127 0.67901)
		3 V(87 88 91) M(0) UV(0.38127 0.67901 0.35486 0.66261 0.36869 0.66639)
		3 V(88 85 92) M(0) UV(0.35486 0.66261 0.36165 0.67411 0.35008 0.66454)
		3 V(86 93 89) M(0) UV(0.39568 0.63328 0.36298 0.63328 0.40195 0.60700)
		3 V(92 85 89) M(0) UV(0.41438 0.58707 0.40932 0.60681 0.40195 0.60700)
		3 V(90 87 91) M(0) UV(0.39453 0.67497 0.38127 0.67901 0.36869 0.66639)
		3 V(90 93 86) M(0) UV(0.39453 0.67497 0.39666 0.67801 0.38080 0.68369)
		3 V(88 94 91) M(0) UV(0.35486 0.66261 0.35790 0.65929 0.36869 0.66639)
		3 V(95 88 92) M(0) UV(0.35139 0.65640 0.35486 0.66261 0.35008 0.66454)
		3 V(89 93 96) M(0) UV(0.40195 0.60700 0.36298 0.63328 0.35671 0.60700)
		3 V(92 89 97) M(0) UV(0.41438 0.58707 0.40195 0.60700 0.40605 0.59037)
		3 V(90 91 98) M(0) UV(0.39453 0.67497 0.36869 0.66639 0.40027 0.66258)
		3 V(93 90 99) M(0) UV(0.39666 0.67801 0.39453 0.67497 0.40435 0.66429)
		3 V(97 91 94) M(0) UV(0.36042 0.65563 0.36869 0.66639 0.35790 0.65929)
		3 V(100 94 88) M(0) UV(0.35336 0.65482 0.35790 0.65929 0.35486 0.66261)
		3 V(95 92 101) M(0) UV(0.35139 0.65640 0.35008 0.66454 0.34767 0.65406)
		3 V(100 88 95) M(0) UV(0.35336 0.65482 0.35486 0.66261 0.35139 0.65640)
		3 V(91 89 96) M(0) UV(0.36869 0.66639 0.37004 0.66099 0.39893 0.65869)
		3 V(93 102 96) M(0) UV(0.36298 0.63328 0.34934 0.60681 0.35671 0.60700)
		3 V(103 92 97) M(0) UV(0.39863 0.57670 0.41438 0.58707 0.40605 0.59037)
		3 V(97 89 91) M(0) UV(0.36042 0.65563 0.37004 0.66099 0.36869 0.66639)
		3 V(98 99 90) M(0) UV(0.40027 0.66258 0.40435 0.66429 0.39453 0.67497)
		3 V(91 96 98) M(0) UV(0.36869 0.66639 0.39893 0.65869 0.40027 0.66258)
		3 V(93 99 102) M(0) UV(0.39666 0.67801 0.40435 0.66429 0.40705 0.66685)
		3 V(100 97 94) M(0) UV(0.35336 0.65482 0.36042 0.65563 0.35790 0.65929)
		3 V(101 100 95) M(0) UV(0.34767 0.65406 0.35336 0.65482 0.35139 0.65640)
		3 V(103 101 92) M(0) UV(0.39863 0.57670 0.40610 0.57321 0.41438 0.58707)
		3 V(104 96 102) M(0) UV(0.34428 0.58707 0.35671 0.60700 0.34934 0.60681)
		3 V(100 103 97) M(0) UV(0.35336 0.65482 0.35303 0.65134 0.36042 0.65563)
		3 V(105 99 98) M(0) UV(0.41071 0.65836 0.40435 0.66429 0.40027 0.66258)
		3 V(106 98 96) M(0) UV(0.40584 0.65449 0.40027 0.66258 0.39893 0.65869)
		3 V(105 102 99) M(0) UV(0.41071 0.65836 0.40705 0.66685 0.40435 0.66429)
		3 V(101 103 100) M(0) UV(0.34767 0.65406 0.35303 0.65134 0.35336 0.65482)
		3 V(105 104 102) M(0) UV(0.41071 0.65836 0.41341 0.65981 0.40705 0.66685)
		3 V(104 106 96) M(0) UV(0.34428 0.58707 0.35262 0.59037 0.35671 0.60700)
		3 V(105 98 107) M(0) UV(0.41071 0.65836 0.40027 0.66258 0.40773 0.65705)
		3 V(106 107 98) M(0) UV(0.40584 0.65449 0.40773 0.65705 0.40027 0.66258)
		3 V(108 104 105) M(0) UV(0.41223 0.65466 0.41341 0.65981 0.41071 0.65836)
		3 V(109 106 104) M(0) UV(0.36004 0.57670 0.35262 0.59037 0.34428 0.58707)
		3 V(110 105 107) M(0) UV(0.41080 0.65399 0.41071 0.65836 0.40773 0.65705)
		3 V(110 107 106) M(0) UV(0.41080 0.65399 0.40773 0.65705 0.40584 0.65449)
		3 V(110 108 105) M(0) UV(0.41080 0.65399 0.41223 0.65466 0.41071 0.65836)
		3 V(108 111 104) M(0) UV(0.41223 0.65466 0.41428 0.65361 0.41341 0.65981)
		3 V(109 104 111) M(0) UV(0.36004 0.57670 0.34428 0.58707 0.35257 0.57321)
		3 V(110 106 109) M(0) UV(0.41080 0.65399 0.40584 0.65449 0.41131 0.65134)
		3 V(109 108 110) M(0) UV(0.41131 0.65134 0.41223 0.65466 0.41080 0.65399)
		3 V(109 111 108) M(0) UV(0.41131 0.65134 0.41428 0.65361 0.41223 0.65466)
		3 V(114 113 112) M(0) UV(0.20116 0.14540 0.01482 0.13156 0.00935 0.13349)
		3 V(114 112 115) M(0) UV(0.20116 0.14540 0.00935 0.13349 0.20107 0.14533)
		3 V(116 112 113) M(0) UV(0.02001 0.12974 0.00935 0.13349 0.01482 0.13156)
		3 V(114 116 113) M(0) UV(0.20116 0.14540 0.02001 0.12974 0.01482 0.13156)
		3 V(117 114 115) M(0) UV(0.02959 0.04415 0.04586 0.05144 0.03644 0.05990)
		3 V(115 112 118) M(0) UV(0.20107 0.14533 0.00935 0.13349 0.00046 0.13553)
		3 V(119 112 116) M(0) UV(0.01267 0.13830 0.00935 0.13349 0.02001 0.12974)
		3 V(114 120 116) M(0) UV(0.20116 0.14540 0.02503 0.12860 0.02001 0.12974)
		3 V(117 115 121) M(0) UV(0.02959 0.04415 0.03644 0.05990 0.02813 0.04493)
		3 V(117 122 114) M(0) UV(0.02959 0.04415 0.03083 0.04298 0.04586 0.05144)
		3 V(115 118 119) M(0) UV(0.20107 0.14533 0.00046 0.13553 0.01267 0.13830)
		3 V(119 118 112) M(0) UV(0.01267 0.13830 0.00046 0.13553 0.00935 0.13349)
		3 V(119 116 123) M(0) UV(0.01267 0.13830 0.02001 0.12974 0.02895 0.12737)
		3 V(116 120 123) M(0) UV(0.02001 0.12974 0.02503 0.12860 0.02895 0.12737)
		3 V(124 120 114) M(0) UV(0.20357 0.14214 0.02503 0.12860 0.20116 0.14540)
		3 V(122 117 121) M(0) UV(0.08415 0.11328 0.08015 0.11328 0.07622 0.11250)
		3 V(125 121 115) M(0) UV(0.02655 0.04549 0.02813 0.04493 0.03644 0.05990)
		3 V(126 114 122) M(0) UV(0.03184 0.04168 0.04586 0.05144 0.03083 0.04298)
		3 V(115 119 127) M(0) UV(0.20107 0.14533 0.01267 0.13830 0.20335 0.14930)
		3 V(119 123 128) M(0) UV(0.01267 0.13830 0.02895 0.12737 0.04498 0.12958)
		3 V(124 123 120) M(0) UV(0.20357 0.14214 0.02895 0.12737 0.02503 0.12860)
		3 V(129 124 114) M(0) UV(0.03261 0.04026 0.04970 0.04146 0.04586 0.05144)
		3 V(122 121 130) M(0) UV(0.08415 0.11328 0.07622 0.11250 0.09509 0.10874)
		3 V(125 115 127) M(0) UV(0.02655 0.04549 0.03644 0.05990 0.02714 0.06263)
		3 V(121 125 131) M(0) UV(0.07622 0.11250 0.07253 0.11097 0.06920 0.10874)
		3 V(129 126 122) M(0) UV(0.09177 0.11097 0.08807 0.11250 0.08415 0.11328)
		3 V(126 129 114) M(0) UV(0.03184 0.04168 0.03261 0.04026 0.04586 0.05144)
		3 V(127 119 132) M(0) UV(0.20335 0.14930 0.01267 0.13830 0.01707 0.14065)
		3 V(119 128 133) M(0) UV(0.01267 0.13830 0.04498 0.12958 0.04442 0.12939)
		3 V(123 134 128) M(0) UV(0.02895 0.12737 0.04011 0.12836 0.04498 0.12958)
		3 V(135 123 124) M(0) UV(0.03341 0.12772 0.02895 0.12737 0.20357 0.14214)
		3 V(129 130 124) M(0) UV(0.03261 0.04026 0.03305 0.03867 0.04970 0.04146)
		3 V(122 130 129) M(0) UV(0.08415 0.11328 0.09509 0.10874 0.09177 0.11097)
		3 V(130 121 131) M(0) UV(0.09509 0.10874 0.07622 0.11250 0.06920 0.10874)
		3 V(125 127 131) M(0) UV(0.02655 0.04549 0.02714 0.06263 0.02489 0.04566)
		3 V(127 132 136) M(0) UV(0.20335 0.14930 0.01707 0.14065 0.02119 0.14291)
		3 V(136 132 119) M(0) UV(0.02119 0.14291 0.01707 0.14065 0.01267 0.13830)
		3 V(119 133 137) M(0) UV(0.01267 0.13830 0.04442 0.12939 0.04611 0.13777)
		3 V(128 138 133) M(0) UV(0.04498 0.12958 0.04506 0.12894 0.04442 0.12939)
		3 V(128 134 139) M(0) UV(0.04498 0.12958 0.04011 0.12836 0.04314 0.12920)
		3 V(123 135 134) M(0) UV(0.02895 0.12737 0.03341 0.12772 0.04011 0.12836)
		3 V(135 124 140) M(0) UV(0.03341 0.12772 0.20357 0.14214 0.20845 0.13461)
		3 V(141 124 130) M(0) UV(0.03320 0.03706 0.04970 0.04146 0.03305 0.03867)
		3 V(130 131 142) M(0) UV(0.09509 0.10874 0.06920 0.10874 0.09792 0.08002)
		3 V(143 131 127) M(0) UV(0.02321 0.04559 0.02489 0.04566 0.02714 0.06263)
		3 V(127 136 144) M(0) UV(0.20335 0.14930 0.02119 0.14291 0.20828 0.14876)
		3 V(145 136 119) M(0) UV(0.02419 0.14517 0.02119 0.14291 0.01267 0.13830)
		3 V(119 137 146) M(0) UV(0.01267 0.13830 0.04611 0.13777 0.02707 0.14725)
		3 V(133 147 137) M(0) UV(0.04442 0.12939 0.04571 0.13167 0.04611 0.13777)
		3 V(133 138 148) M(0) UV(0.04442 0.12939 0.04506 0.12894 0.22575 0.13218)
		3 V(138 128 148) M(0) UV(0.04506 0.12894 0.04498 0.12958 0.22575 0.13218)
		3 V(148 128 139) M(0) UV(0.22575 0.13218 0.04498 0.12958 0.04314 0.12920)
		3 V(139 134 149) M(0) UV(0.04314 0.12920 0.04011 0.12836 0.21616 0.13062)
		3 V(134 135 150) M(0) UV(0.04011 0.12836 0.03341 0.12772 0.03722 0.12816)
		3 V(140 150 135) M(0) UV(0.20845 0.13461 0.03722 0.12816 0.03341 0.12772)
		3 V(141 140 124) M(0) UV(0.03320 0.03706 0.04978 0.03435 0.04970 0.04146)
		3 V(130 151 141) M(0) UV(0.09509 0.10874 0.10168 0.09889 0.09792 0.10592)
		3 V(142 151 130) M(0) UV(0.09792 0.08002 0.10168 0.09889 0.09509 0.10874)
		3 V(142 131 152) M(0) UV(0.09792 0.08002 0.06920 0.10874 0.06920 0.07719)
		3 V(143 127 144) M(0) UV(0.02321 0.04559 0.02714 0.06263 0.01432 0.06058)
		3 V(131 143 153) M(0) UV(0.06920 0.10874 0.06637 0.10592 0.06415 0.10259)
		3 V(136 145 144) M(0) UV(0.02119 0.14291 0.02419 0.14517 0.20828 0.14876)
		3 V(145 119 146) M(0) UV(0.02419 0.14517 0.01267 0.13830 0.02707 0.14725)
		3 V(146 137 154) M(0) UV(0.02707 0.14725 0.04611 0.13777 0.04395 0.14147)
		3 V(155 137 147) M(0) UV(0.04659 0.13403 0.04611 0.13777 0.04571 0.13167)
		3 V(156 147 133) M(0) UV(0.23869 0.13682 0.04571 0.13167 0.04442 0.12939)
		3 V(156 133 148) M(0) UV(0.23869 0.13682 0.04442 0.12939 0.22575 0.13218)
		3 V(148 139 149) M(0) UV(0.22575 0.13218 0.04314 0.12920 0.21616 0.13062)
		3 V(149 134 150) M(0) UV(0.21616 0.13062 0.04011 0.12836 0.03722 0.12816)
		3 V(149 150 140) M(0) UV(0.21616 0.13062 0.03722 0.12816 0.20845 0.13461)
		3 V(157 140 141) M(0) UV(0.03302 0.03545 0.04978 0.03435 0.03320 0.03706)
		3 V(151 157 141) M(0) UV(0.10168 0.09889 0.10014 0.10259 0.09792 0.10592)
		3 V(158 151 142) M(0) UV(0.10246 0.09097 0.10168 0.09889 0.09792 0.08002)
		3 V(142 152 159) M(0) UV(0.09792 0.08002 0.06920 0.07719 0.07622 0.07344)
		3 V(152 131 160) M(0) UV(0.06920 0.07719 0.06920 0.10874 0.06262 0.08704)
		3 V(143 144 153) M(0) UV(0.02321 0.04559 0.01432 0.06058 0.02161 0.04505)
		3 V(131 153 161) M(0) UV(0.06920 0.10874 0.06415 0.10259 0.06262 0.09889)
		3 V(145 146 144) M(0) UV(0.02419 0.14517 0.02707 0.14725 0.20828 0.14876)
		3 V(154 162 146) M(0) UV(0.04395 0.14147 0.04141 0.14664 0.02707 0.14725)
		3 V(163 154 137) M(0) UV(0.04542 0.13994 0.04395 0.14147 0.04611 0.13777)
		3 V(156 155 147) M(0) UV(0.23869 0.13682 0.04659 0.13403 0.04571 0.13167)
		3 V(155 164 137) M(0) UV(0.04659 0.13403 0.04658 0.13590 0.04611 0.13777)
		3 V(165 156 148) M(0) UV(0.02785 0.02943 0.02714 0.01197 0.03937 0.01648)
		3 V(166 148 149) M(0) UV(0.03174 0.03246 0.03937 0.01648 0.04737 0.02569)
		3 V(151 149 140) M(0) UV(0.03254 0.03389 0.04737 0.02569 0.04978 0.03435)
		3 V(151 140 157) M(0) UV(0.03254 0.03389 0.04978 0.03435 0.03302 0.03545)
		3 V(167 158 142) M(0) UV(0.10168 0.08704 0.10246 0.09097 0.09792 0.08002)
		3 V(158 166 151) M(0) UV(0.10246 0.09097 0.10246 0.09497 0.10168 0.09889)
		3 V(168 142 159) M(0) UV(0.08415 0.07266 0.09792 0.08002 0.07622 0.07344)
		3 V(152 169 159) M(0) UV(0.06920 0.07719 0.07253 0.07497 0.07622 0.07344)
		3 V(152 160 170) M(0) UV(0.06920 0.07719 0.06262 0.08704 0.06637 0.08002)
		3 V(131 161 160) M(0) UV(0.06920 0.10874 0.06262 0.09889 0.06262 0.08704)
		3 V(153 144 161) M(0) UV(0.02161 0.04505 0.01432 0.06058 0.02013 0.04430)
		3 V(144 146 171) M(0) UV(0.20828 0.14876 0.02707 0.14725 0.03189 0.14707)
		3 V(162 172 146) M(0) UV(0.04141 0.14664 0.03542 0.14713 0.02707 0.14725)
		3 V(154 173 162) M(0) UV(0.04395 0.14147 0.04314 0.14432 0.04141 0.14664)
		3 V(163 137 174) M(0) UV(0.04542 0.13994 0.04611 0.13777 0.04600 0.13886)
		3 V(175 154 163) M(0) UV(0.25280 0.14930 0.04395 0.14147 0.04542 0.13994)
		3 V(176 155 156) M(0) UV(0.25292 0.13995 0.04659 0.13403 0.23869 0.13682)
		3 V(176 137 164) M(0) UV(0.25292 0.13995 0.04611 0.13777 0.04658 0.13590)
		3 V(176 164 155) M(0) UV(0.25292 0.13995 0.04658 0.13590 0.04659 0.13403)
		3 V(165 148 167) M(0) UV(0.02785 0.02943 0.03937 0.01648 0.02934 0.03017)
		3 V(165 142 156) M(0) UV(0.02785 0.02943 0.02621 0.02902 0.02714 0.01197)
		3 V(166 149 151) M(0) UV(0.03174 0.03246 0.04737 0.02569 0.03254 0.03389)
		3 V(166 158 148) M(0) UV(0.03174 0.03246 0.03063 0.03118 0.03937 0.01648)
		3 V(167 142 165) M(0) UV(0.10168 0.08704 0.09792 0.08002 0.10014 0.08335)
		3 V(167 148 158) M(0) UV(0.02934 0.03017 0.03937 0.01648 0.03063 0.03118)
		3 V(168 159 177) M(0) UV(0.08415 0.07266 0.07622 0.07344 0.08015 0.07266)
		3 V(178 142 168) M(0) UV(0.09177 0.07497 0.09792 0.08002 0.08415 0.07266)
		3 V(169 175 159) M(0) UV(0.01688 0.03408 0.00248 0.02507 0.01763 0.03265)
		3 V(169 152 179) M(0) UV(0.01688 0.03408 0.01642 0.03563 -0.00009 0.03202)
		3 V(170 179 152) M(0) UV(0.01628 0.03725 -0.00009 0.03202 0.01642 0.03563)
		3 V(160 180 170) M(0) UV(0.06262 0.08704 0.06415 0.08335 0.06637 0.08002)
		3 V(181 160 161) M(0) UV(0.06184 0.09097 0.06262 0.08704 0.06262 0.09889)
		3 V(182 161 144) M(0) UV(0.01874 0.04332 0.02013 0.04430 0.01432 0.06058)
		3 V(144 171 183) M(0) UV(0.20828 0.14876 0.03189 0.14707 0.21554 0.14862)
		3 V(172 171 146) M(0) UV(0.03542 0.14713 0.03189 0.14707 0.02707 0.14725)
		3 V(162 184 172) M(0) UV(0.04141 0.14664 0.03903 0.14671 0.03542 0.14713)
		3 V(173 185 162) M(0) UV(0.04314 0.14432 0.04320 0.14485 0.04141 0.14664)
		3 V(154 186 173) M(0) UV(0.04395 0.14147 0.04394 0.14272 0.04314 0.14432)
		3 V(187 163 174) M(0) UV(0.25400 0.14444 0.04542 0.13994 0.04600 0.13886)
		3 V(187 174 137) M(0) UV(0.25400 0.14444 0.04600 0.13886 0.04611 0.13777)
		3 V(175 163 187) M(0) UV(0.25280 0.14930 0.04542 0.13994 0.25400 0.14444)
		3 V(186 154 175) M(0) UV(0.04394 0.14272 0.04395 0.14147 0.25280 0.14930)
		3 V(188 176 156) M(0) UV(0.02457 0.02886 0.01712 0.01315 0.02714 0.01197)
		3 V(187 137 176) M(0) UV(0.25400 0.14444 0.04611 0.13777 0.25292 0.13995)
		3 V(188 156 142) M(0) UV(0.02457 0.02886 0.02714 0.01197 0.02621 0.02902)
		3 V(168 177 187) M(0) UV(0.01991 0.03031 0.01866 0.03135 0.00853 0.01765)
		3 V(177 159 175) M(0) UV(0.01866 0.03135 0.01763 0.03265 0.00248 0.02507)
		3 V(178 168 189) M(0) UV(0.09177 0.07497 0.08415 0.07266 0.08807 0.07344)
		3 V(178 188 142) M(0) UV(0.09177 0.07497 0.09509 0.07719 0.09792 0.08002)
		3 V(169 179 175) M(0) UV(0.01688 0.03408 -0.00009 0.03202 0.00248 0.02507)
		3 V(170 190 179) M(0) UV(0.01628 0.03725 -0.00009 0.04228 -0.00009 0.03202)
		3 V(180 190 170) M(0) UV(0.01646 0.03888 -0.00009 0.04228 0.01628 0.03725)
		3 V(180 160 190) M(0) UV(0.01646 0.03888 0.01697 0.04045 -0.00009 0.04228)
		3 V(181 161 182) M(0) UV(0.06184 0.09097 0.06262 0.09889 0.06184 0.09497)
		3 V(181 190 160) M(0) UV(0.01768 0.04202 -0.00009 0.04228 0.01697 0.04045)
		3 V(182 144 183) M(0) UV(0.01874 0.04332 0.01432 0.06058 0.00467 0.05317)
		3 V(183 171 172) M(0) UV(0.21554 0.14862 0.03189 0.14707 0.03542 0.14713)
		3 V(183 172 184) M(0) UV(0.21554 0.14862 0.03542 0.14713 0.03903 0.14671)
		3 V(190 184 162) M(0) UV(0.22482 0.14772 0.03903 0.14671 0.04141 0.14664)
		3 V(190 162 185) M(0) UV(0.22482 0.14772 0.04141 0.14664 0.04320 0.14485)
		3 V(185 173 179) M(0) UV(0.04320 0.14485 0.04314 0.14432 0.23836 0.14761)
		3 V(179 173 186) M(0) UV(0.23836 0.14761 0.04314 0.14432 0.04394 0.14272)
		3 V(177 175 187) M(0) UV(0.01866 0.03135 0.00248 0.02507 0.00853 0.01765)
		3 V(179 186 175) M(0) UV(0.23836 0.14761 0.04394 0.14272 0.25280 0.14930)
		3 V(188 178 176) M(0) UV(0.02457 0.02886 0.02291 0.02909 0.01712 0.01315)
		3 V(168 187 176) M(0) UV(0.01991 0.03031 0.00853 0.01765 0.01712 0.01315)
		3 V(189 176 178) M(0) UV(0.02136 0.02957 0.01712 0.01315 0.02291 0.02909)
		3 V(168 176 189) M(0) UV(0.01991 0.03031 0.01712 0.01315 0.02136 0.02957)
		3 V(185 179 190) M(0) UV(0.04320 0.14485 0.23836 0.14761 0.22482 0.14772)
		3 V(181 182 183) M(0) UV(0.01768 0.04202 0.01874 0.04332 0.00467 0.05317)
		3 V(181 183 190) M(0) UV(0.01768 0.04202 0.00467 0.05317 -0.00009 0.04228)
		3 V(183 184 190) M(0) UV(0.21554 0.14862 0.03903 0.14671 0.22482 0.14772)
		3 V(193 192 191) M(0) UV(0.17164 0.19841 0.04379 0.16418 0.04030 0.16268)
		3 V(191 194 193) M(0) UV(0.04030 0.16268 0.03667 0.16156 0.17164 0.19841)
		3 V(191 192 195) M(0) UV(0.04030 0.16268 0.04379 0.16418 0.04616 0.16540)
		3 V(196 192 193) M(0) UV(0.17310 0.19587 0.04379 0.16418 0.17164 0.19841)
		3 V(193 194 197) M(0) UV(0.17164 0.19841 0.03667 0.16156 0.03278 0.16047)
		3 V(197 194 191) M(0) UV(0.03278 0.16047 0.03667 0.16156 0.04030 0.16268)
		3 V(197 191 195) M(0) UV(0.03278 0.16047 0.04030 0.16268 0.04616 0.16540)
		3 V(196 195 192) M(0) UV(0.17310 0.19587 0.04616 0.16540 0.04379 0.16418)
		3 V(198 196 193) M(0) UV(0.10345 0.03899 0.12049 0.03965 0.11585 0.05163)
		3 V(193 197 199) M(0) UV(0.17164 0.19841 0.03278 0.16047 0.17353 0.20053)
		3 V(200 197 195) M(0) UV(0.05166 0.17893 0.03278 0.16047 0.04616 0.16540)
		3 V(196 201 195) M(0) UV(0.17310 0.19587 0.04857 0.16772 0.04616 0.16540)
		3 V(198 193 202) M(0) UV(0.10345 0.03899 0.11585 0.05163 0.10288 0.04060)
		3 V(198 203 196) M(0) UV(0.10345 0.03899 0.10362 0.03736 0.12049 0.03965)
		3 V(204 193 199) M(0) UV(0.09973 0.04431 0.11585 0.05163 0.10617 0.06013)
		3 V(199 197 205) M(0) UV(0.17353 0.20053 0.03278 0.16047 0.02912 0.16149)
		3 V(206 200 195) M(0) UV(0.05033 0.16988 0.05166 0.17893 0.04616 0.16540)
		3 V(197 200 207) M(0) UV(0.03278 0.16047 0.05166 0.17893 0.03887 0.18426)
		3 V(195 201 206) M(0) UV(0.04616 0.16540 0.04857 0.16772 0.05033 0.16988)
		3 V(208 201 196) M(0) UV(0.17768 0.18846 0.04857 0.16772 0.17310 0.19587)
		3 V(203 198 202) M(0) UV(0.02977 0.10892 0.02603 0.10966 0.02223 0.10966)
		3 V(209 202 193) M(0) UV(0.10210 0.04201 0.10288 0.04060 0.11585 0.05163)
		3 V(203 208 196) M(0) UV(0.10362 0.03736 0.12004 0.03255 0.12049 0.03965)
		3 V(204 199 210) M(0) UV(0.09973 0.04431 0.10617 0.06013 0.09825 0.04505)
		3 V(204 211 193) M(0) UV(0.09973 0.04431 0.10106 0.04324 0.11585 0.05163)
		3 V(199 205 212) M(0) UV(0.17353 0.20053 0.02912 0.16149 0.02522 0.16254)
		3 V(212 205 197) M(0) UV(0.02522 0.16254 0.02912 0.16149 0.03278 0.16047)
		3 V(206 213 200) M(0) UV(0.05033 0.16988 0.05268 0.17470 0.05166 0.17893)
		3 V(214 197 207) M(0) UV(0.01524 0.16512 0.03278 0.16047 0.03887 0.18426)
		3 V(215 207 200) M(0) UV(0.04800 0.18234 0.03887 0.18426 0.05166 0.17893)
		3 V(208 206 201) M(0) UV(0.17768 0.18846 0.05033 0.16988 0.04857 0.16772)
		3 V(202 216 203) M(0) UV(0.02223 0.10966 0.03328 0.10747 0.02977 0.10892)
		3 V(209 193 211) M(0) UV(0.10210 0.04201 0.11585 0.05163 0.10106 0.04324)
		3 V(202 209 211) M(0) UV(0.02223 0.10966 0.01850 0.10892 0.01499 0.10747)
		3 V(203 216 208) M(0) UV(0.10362 0.03736 0.10345 0.03575 0.12004 0.03255)
		3 V(211 204 210) M(0) UV(0.01499 0.10747 0.01182 0.10535 0.00913 0.10266)
		3 V(217 210 199) M(0) UV(0.09661 0.04551 0.09825 0.04505 0.10617 0.06013)
		3 V(199 212 218) M(0) UV(0.17353 0.20053 0.02522 0.16254 0.17781 0.20188)
		3 V(219 212 197) M(0) UV(0.02029 0.16373 0.02522 0.16254 0.03278 0.16047)
		3 V(220 200 213) M(0) UV(0.05286 0.17681 0.05166 0.17893 0.05268 0.17470)
		3 V(206 221 213) M(0) UV(0.05033 0.16988 0.05183 0.17237 0.05268 0.17470)
		3 V(214 207 222) M(0) UV(0.01524 0.16512 0.03887 0.18426 0.03272 0.18135)
		3 V(219 197 214) M(0) UV(0.02029 0.16373 0.03278 0.16047 0.01524 0.16512)
		3 V(200 223 215) M(0) UV(0.05166 0.17893 0.05031 0.18102 0.04800 0.18234)
		3 V(224 207 215) M(0) UV(0.04558 0.18355 0.03887 0.18426 0.04800 0.18234)
		3 V(221 206 208) M(0) UV(0.05183 0.17237 0.05033 0.16988 0.17768 0.18846)
		3 V(202 211 216) M(0) UV(0.02223 0.10966 0.01499 0.10747 0.03328 0.10747)
		3 V(225 208 216) M(0) UV(0.10302 0.03416 0.12004 0.03255 0.10345 0.03575)
		3 V(210 226 211) M(0) UV(0.00913 0.10266 0.00702 0.08121 0.01499 0.10747)
		3 V(217 199 218) M(0) UV(0.09661 0.04551 0.10617 0.06013 0.09364 0.06263)
		3 V(210 217 227) M(0) UV(0.00913 0.10266 0.00702 0.09950 0.00557 0.09599)
		3 V(218 212 219) M(0) UV(0.17781 0.20188 0.02522 0.16254 0.02029 0.16373)
		3 V(228 220 213) M(0) UV(0.19295 0.17827 0.05286 0.17681 0.05268 0.17470)
		3 V(229 200 220) M(0) UV(0.05295 0.17850 0.05166 0.17893 0.05286 0.17681)
		3 V(230 213 221) M(0) UV(0.18416 0.18175 0.05268 0.17470 0.05183 0.17237)
		3 V(231 214 222) M(0) UV(0.02225 0.17537 0.01524 0.16512 0.03272 0.18135)
		3 V(222 207 232) M(0) UV(0.03272 0.18135 0.03887 0.18426 0.03636 0.18252)
		3 V(219 214 218) M(0) UV(0.02029 0.16373 0.01524 0.16512 0.17781 0.20188)
		3 V(233 215 223) M(0) UV(0.21647 0.18543 0.04800 0.18234 0.05031 0.18102)
		3 V(223 200 234) M(0) UV(0.05031 0.18102 0.05166 0.17893 0.20336 0.17999)
		3 V(233 224 215) M(0) UV(0.21647 0.18543 0.04558 0.18355 0.04800 0.18234)
		3 V(224 235 207) M(0) UV(0.04558 0.18355 0.04241 0.18393 0.03887 0.18426)
		3 V(221 208 230) M(0) UV(0.05183 0.17237 0.17768 0.18846 0.18416 0.18175)
		3 V(236 216 211) M(0) UV(0.04124 0.08121 0.03328 0.10747 0.01499 0.10747)
		3 V(216 237 225) M(0) UV(0.03328 0.10747 0.04124 0.09950 0.03644 0.10535)
		3 V(225 230 208) M(0) UV(0.10302 0.03416 0.11774 0.02586 0.12004 0.03255)
		3 V(226 236 211) M(0) UV(0.00702 0.08121 0.04124 0.08121 0.01499 0.10747)
		3 V(238 226 210) M(0) UV(0.00482 0.08845 0.00702 0.08121 0.00913 0.10266)
		3 V(217 218 227) M(0) UV(0.09661 0.04551 0.09364 0.06263 0.09493 0.04557)
		3 V(238 210 227) M(0) UV(0.00482 0.08845 0.00913 0.10266 0.00557 0.09599)
		3 V(228 213 230) M(0) UV(0.19295 0.17827 0.05268 0.17470 0.18416 0.18175)
		3 V(239 220 228) M(0) UV(0.05338 0.17792 0.05286 0.17681 0.19295 0.17827)
		3 V(229 220 239) M(0) UV(0.05295 0.17850 0.05286 0.17681 0.05338 0.17792)
		3 V(200 229 234) M(0) UV(0.05166 0.17893 0.05295 0.17850 0.20336 0.17999)
		3 V(231 222 240) M(0) UV(0.02225 0.17537 0.03272 0.18135 0.02966 0.17942)
		3 V(214 231 241) M(0) UV(0.01524 0.16512 0.02225 0.17537 0.01595 0.17279)
		3 V(242 222 232) M(0) UV(0.21710 0.19987 0.03272 0.18135 0.03636 0.18252)
		3 V(243 232 207) M(0) UV(0.23117 0.19339 0.03636 0.18252 0.03887 0.18426)
		3 V(218 214 244) M(0) UV(0.17781 0.20188 0.01524 0.16512 0.00415 0.16621)
		3 V(233 223 234) M(0) UV(0.21647 0.18543 0.05031 0.18102 0.20336 0.17999)
		3 V(243 224 233) M(0) UV(0.23117 0.19339 0.04558 0.18355 0.21647 0.18543)
		3 V(243 207 235) M(0) UV(0.23117 0.19339 0.03887 0.18426 0.04241 0.18393)
		3 V(243 235 224) M(0) UV(0.23117 0.19339 0.04241 0.18393 0.04558 0.18355)
		3 V(236 237 216) M(0) UV(0.04124 0.08121 0.04124 0.09950 0.03328 0.10747)
		3 V(237 245 225) M(0) UV(0.04124 0.09950 0.03913 0.10266 0.03644 0.10535)
		3 V(225 245 230) M(0) UV(0.10302 0.03416 0.10227 0.03270 0.11774 0.02586)
		3 V(246 236 226) M(0) UV(0.01499 0.07324 0.04124 0.08121 0.00702 0.08121)
		3 V(238 247 226) M(0) UV(0.00482 0.08845 0.00557 0.08472 0.00702 0.08121)
		3 V(227 218 248) M(0) UV(0.09493 0.04557 0.09364 0.06263 0.09326 0.04539)
		3 V(227 248 238) M(0) UV(0.00557 0.09599 0.00482 0.09226 0.00482 0.08845)
		3 V(237 228 230) M(0) UV(0.10128 0.03133 0.11255 0.01853 0.11774 0.02586)
		3 V(234 239 228) M(0) UV(0.20336 0.17999 0.05338 0.17792 0.19295 0.17827)
		3 V(234 229 239) M(0) UV(0.20336 0.17999 0.05295 0.17850 0.05338 0.17792)
		3 V(240 249 231) M(0) UV(0.02966 0.17942 0.02641 0.17723 0.02225 0.17537)
		3 V(242 240 222) M(0) UV(0.21710 0.19987 0.02966 0.17942 0.03272 0.18135)
		3 V(214 241 250) M(0) UV(0.01524 0.16512 0.01595 0.17279 0.01055 0.16964)
		3 V(241 231 251) M(0) UV(0.01595 0.17279 0.02225 0.17537 0.01706 0.17397)
		3 V(242 232 243) M(0) UV(0.21710 0.19987 0.03636 0.18252 0.23117 0.19339)
		3 V(218 244 252) M(0) UV(0.17781 0.20188 0.00415 0.16621 0.18416 0.20179)
		3 V(250 244 214) M(0) UV(0.01055 0.16964 0.00415 0.16621 0.01524 0.16512)
		3 V(253 233 234) M(0) UV(0.09529 0.02867 0.08873 0.01260 0.10193 0.01260)
		3 V(254 243 233) M(0) UV(0.09052 0.02991 0.07774 0.01823 0.08873 0.01260)
		3 V(255 237 236) M(0) UV(0.04344 0.09226 0.04124 0.09950 0.04124 0.08121)
		3 V(237 230 245) M(0) UV(0.10128 0.03133 0.11774 0.02586 0.10227 0.03270)
		3 V(246 226 256) M(0) UV(0.01499 0.07324 0.00702 0.08121 0.01182 0.07535)
		3 V(257 236 246) M(0) UV(0.02223 0.07104 0.04124 0.08121 0.01499 0.07324)
		3 V(247 258 226) M(0) UV(0.09014 0.04413 0.07388 0.05110 0.08890 0.04292)
		3 V(247 238 252) M(0) UV(0.09014 0.04413 0.09161 0.04497 0.08218 0.05925)
		3 V(238 248 218) M(0) UV(0.09161 0.04497 0.09326 0.04539 0.09364 0.06263)
		3 V(259 228 237) M(0) UV(0.10003 0.03021 0.11255 0.01853 0.10128 0.03133)
		3 V(259 234 228) M(0) UV(0.10003 0.03021 0.10193 0.01260 0.11255 0.01853)
		3 V(260 231 249) M(0) UV(0.20423 0.20034 0.02225 0.17537 0.02641 0.17723)
		3 V(249 240 242) M(0) UV(0.02641 0.17723 0.02966 0.17942 0.21710 0.19987)
		3 V(252 250 241) M(0) UV(0.18416 0.20179 0.01055 0.16964 0.01595 0.17279)
		3 V(258 241 251) M(0) UV(0.19198 0.20188 0.01595 0.17279 0.01706 0.17397)
		3 V(231 261 251) M(0) UV(0.02225 0.17537 0.02023 0.17447 0.01706 0.17397)
		3 V(262 242 243) M(0) UV(0.08809 0.03218 0.07086 0.02932 0.07774 0.01823)
		3 V(238 218 252) M(0) UV(0.09161 0.04497 0.09364 0.06263 0.08218 0.05925)
		3 V(252 244 250) M(0) UV(0.18416 0.20179 0.00415 0.16621 0.01055 0.16964)
		3 V(253 234 263) M(0) UV(0.09529 0.02867 0.10193 0.01260 0.09695 0.02895)
		3 V(253 236 233) M(0) UV(0.09529 0.02867 0.09361 0.02878 0.08873 0.01260)
		3 V(254 233 264) M(0) UV(0.09052 0.02991 0.08873 0.01260 0.09202 0.02919)
		3 V(265 243 254) M(0) UV(0.08919 0.03092 0.07774 0.01823 0.09052 0.02991)
		3 V(263 255 236) M(0) UV(0.04344 0.08845 0.04344 0.09226 0.04124 0.08121)
		3 V(255 259 237) M(0) UV(0.04344 0.09226 0.04270 0.09599 0.04124 0.09950)
		3 V(256 260 246) M(0) UV(0.08709 0.04014 0.06971 0.03939 0.08669 0.03849)
		3 V(226 266 256) M(0) UV(0.00702 0.08121 0.00913 0.07805 0.01182 0.07535)
		3 V(246 267 257) M(0) UV(0.01499 0.07324 0.01850 0.07179 0.02223 0.07104)
		3 V(262 236 257) M(0) UV(0.02977 0.07179 0.04124 0.08121 0.02223 0.07104)
		3 V(266 226 258) M(0) UV(0.08788 0.04159 0.08890 0.04292 0.07388 0.05110)
		3 V(247 252 258) M(0) UV(0.09014 0.04413 0.08218 0.05925 0.07388 0.05110)
		3 V(259 255 234) M(0) UV(0.10003 0.03021 0.09854 0.02947 0.10193 0.01260)
		3 V(249 242 260) M(0) UV(0.02641 0.17723 0.21710 0.19987 0.20423 0.20034)
		3 V(261 231 260) M(0) UV(0.02023 0.17447 0.02225 0.17537 0.20423 0.20034)
		3 V(252 241 258) M(0) UV(0.18416 0.20179 0.01595 0.17279 0.19198 0.20188)
		3 V(251 261 258) M(0) UV(0.01706 0.17397 0.02023 0.17447 0.19198 0.20188)
		3 V(262 243 265) M(0) UV(0.08809 0.03218 0.07774 0.01823 0.08919 0.03092)
		3 V(262 268 242) M(0) UV(0.08809 0.03218 0.08730 0.03362 0.07086 0.02932)
		3 V(263 236 253) M(0) UV(0.04344 0.08845 0.04124 0.08121 0.04270 0.08472)
		3 V(263 234 255) M(0) UV(0.09695 0.02895 0.10193 0.01260 0.09854 0.02947)
		3 V(264 233 236) M(0) UV(0.09202 0.02919 0.08873 0.01260 0.09361 0.02878)
		3 V(254 264 236) M(0) UV(0.03644 0.07535 0.03913 0.07804 0.04124 0.08121)
		3 V(254 236 265) M(0) UV(0.03644 0.07535 0.04124 0.08121 0.03328 0.07324)
		3 V(267 246 260) M(0) UV(0.08655 0.03684 0.08669 0.03849 0.06971 0.03939)
		3 V(256 258 260) M(0) UV(0.08709 0.04014 0.07388 0.05110 0.06971 0.03939)
		3 V(266 258 256) M(0) UV(0.08788 0.04159 0.07388 0.05110 0.08709 0.04014)
		3 V(267 242 257) M(0) UV(0.08655 0.03684 0.07086 0.02932 0.08680 0.03518)
		3 V(262 257 268) M(0) UV(0.02977 0.07179 0.02223 0.07104 0.02603 0.07104)
		3 V(262 265 236) M(0) UV(0.02977 0.07179 0.03328 0.07324 0.04124 0.08121)
		3 V(267 260 242) M(0) UV(0.08655 0.03684 0.06971 0.03939 0.07086 0.02932)
		3 V(261 260 258) M(0) UV(0.02023 0.17447 0.20423 0.20034 0.19198 0.20188)
		3 V(268 257 242) M(0) UV(0.08730 0.03362 0.08680 0.03518 0.07086 0.02932)
		3 V(271 270 269) M(0) UV(0.69163 0.27966 0.68366 0.28478 0.67665 0.27363)
		3 V(272 271 269) M(0) UV(0.01243 0.67038 0.06414 0.61984 0.06584 0.66707)
		3 V(269 270 273) M(0) UV(0.67665 0.27363 0.68366 0.28478 0.68372 0.28476)
		3 V(271 274 270) M(0) UV(0.69163 0.27966 0.69247 0.29425 0.68366 0.28478)
		3 V(269 275 272) M(0) UV(0.67665 0.27363 0.68373 0.28472 0.67665 0.29036)
		3 V(274 271 272) M(0) UV(0.02346 0.61984 0.06414 0.61984 0.01243 0.67038)
		3 V(273 275 269) M(0) UV(0.68372 0.28476 0.68373 0.28472 0.67665 0.27363)
		3 V(270 274 276) M(0) UV(0.68366 0.28478 0.69247 0.29425 0.68366 0.28472)
		3 V(276 274 275) M(0) UV(0.68366 0.28472 0.69247 0.29425 0.68373 0.28472)
		3 V(275 274 272) M(0) UV(0.68373 0.28472 0.69247 0.29425 0.67665 0.29036)
		3 V(279 278 277) M(0) UV(0.05925 0.50646 0.04522 0.51152 0.04686 0.49809)
		3 V(279 277 280) M(0) UV(0.05925 0.50646 0.04686 0.49809 0.05975 0.49809)
		3 V(277 278 281) M(0) UV(0.04686 0.49809 0.04522 0.51152 0.03331 0.50243)
		3 V(282 278 279) M(0) UV(0.05608 0.51772 0.04522 0.51152 0.05925 0.50646)
		3 V(283 279 280) M(0) UV(0.07594 0.50335 0.05925 0.50646 0.05975 0.49809)
		3 V(284 280 277) M(0) UV(0.00408 0.46990 0.01552 0.48475 0.00668 0.48494)
		3 V(284 277 281) M(0) UV(0.19977 0.46927 0.20221 0.48434 0.19273 0.48449)
		3 V(281 278 285) M(0) UV(0.03331 0.50243 0.04522 0.51152 0.03371 0.51694)
		3 V(279 286 282) M(0) UV(0.05925 0.50646 0.06383 0.51545 0.05608 0.51772)
		3 V(282 287 278) M(0) UV(0.05608 0.51772 0.04608 0.52199 0.04522 0.51152)
		3 V(288 283 280) M(0) UV(0.01960 0.46979 0.02754 0.48485 0.01552 0.48475)
		3 V(283 289 279) M(0) UV(0.07594 0.50335 0.07181 0.51416 0.05925 0.50646)
		3 V(284 288 280) M(0) UV(0.00408 0.46990 0.01960 0.46979 0.01552 0.48475)
		3 V(290 284 281) M(0) UV(0.18392 0.46918 0.19977 0.46927 0.19273 0.48449)
		3 V(281 285 291) M(0) UV(0.03331 0.50243 0.03371 0.51694 0.02231 0.51007)
		3 V(278 287 285) M(0) UV(0.04522 0.51152 0.04608 0.52199 0.03371 0.51694)
		3 V(286 292 282) M(0) UV(0.06383 0.51545 0.06750 0.52487 0.05608 0.51772)
		3 V(286 279 289) M(0) UV(0.06383 0.51545 0.05925 0.50646 0.07181 0.51416)
		3 V(282 293 287) M(0) UV(0.05608 0.51772 0.05475 0.52660 0.04608 0.52199)
		3 V(288 294 283) M(0) UV(0.01960 0.46979 0.03716 0.46968 0.02754 0.48485)
		3 V(295 289 283) M(0) UV(0.09014 0.51475 0.07181 0.51416 0.07594 0.50335)
		3 V(294 288 284) M(0) UV(0.14040 0.50879 0.15141 0.50879 0.15970 0.51389)
		3 V(290 281 291) M(0) UV(0.18392 0.46918 0.19273 0.48449 0.18387 0.48424)
		3 V(296 284 290) M(0) UV(0.16461 0.53385 0.15970 0.51389 0.16492 0.52235)
		3 V(291 285 297) M(0) UV(0.02231 0.51007 0.03371 0.51694 0.02505 0.52691)
		3 V(285 287 298) M(0) UV(0.03371 0.51694 0.04608 0.52199 0.03878 0.53127)
		3 V(292 293 282) M(0) UV(0.06750 0.52487 0.05475 0.52660 0.05608 0.51772)
		3 V(289 292 286) M(0) UV(0.07181 0.51416 0.06750 0.52487 0.06383 0.51545)
		3 V(287 293 299) M(0) UV(0.04608 0.52199 0.05475 0.52660 0.04540 0.52913)
		3 V(294 295 283) M(0) UV(0.03716 0.46968 0.04011 0.48457 0.02754 0.48485)
		3 V(295 300 289) M(0) UV(0.09014 0.51475 0.07881 0.52268 0.07181 0.51416)
		3 V(294 284 301) M(0) UV(0.14040 0.50879 0.15970 0.51389 0.12653 0.52397)
		3 V(290 291 302) M(0) UV(0.18392 0.46918 0.18387 0.48424 0.17439 0.48444)
		3 V(290 302 296) M(0) UV(0.18392 0.46918 0.17439 0.48444 0.16558 0.46915)
		3 V(296 303 284) M(0) UV(0.16461 0.53385 0.15971 0.54168 0.15970 0.51389)
		3 V(291 297 302) M(0) UV(0.02231 0.51007 0.02505 0.52691 0.01421 0.52133)
		3 V(285 298 297) M(0) UV(0.03371 0.51694 0.03878 0.53127 0.02505 0.52691)
		3 V(287 299 298) M(0) UV(0.04608 0.52199 0.04540 0.52913 0.03878 0.53127)
		3 V(292 304 293) M(0) UV(0.06750 0.52487 0.06211 0.53296 0.05475 0.52660)
		3 V(300 292 289) M(0) UV(0.07881 0.52268 0.06750 0.52487 0.07181 0.51416)
		3 V(293 305 299) M(0) UV(0.05475 0.52660 0.05247 0.53245 0.04540 0.52913)
		3 V(306 295 294) M(0) UV(0.05550 0.46951 0.04011 0.48457 0.03716 0.46968)
		3 V(295 307 300) M(0) UV(0.09014 0.51475 0.08515 0.52901 0.07881 0.52268)
		3 V(294 301 306) M(0) UV(0.14040 0.50879 0.12653 0.52397 0.13067 0.51493)
		3 V(301 284 308) M(0) UV(0.12653 0.52397 0.15970 0.51389 0.12931 0.53842)
		3 V(296 302 309) M(0) UV(0.16558 0.46915 0.17439 0.48444 0.16590 0.48624)
		3 V(308 284 303) M(0) UV(0.12931 0.53842 0.15970 0.51389 0.15971 0.54168)
		3 V(303 296 310) M(0) UV(0.15084 0.46916 0.16558 0.46915 0.15585 0.48425)
		3 V(302 297 309) M(0) UV(0.01421 0.52133 0.02505 0.52691 0.01184 0.53382)
		3 V(297 298 311) M(0) UV(0.02505 0.52691 0.03878 0.53127 0.03162 0.53850)
		3 V(299 312 298) M(0) UV(0.04540 0.52913 0.04367 0.53989 0.03878 0.53127)
		3 V(304 305 293) M(0) UV(0.06211 0.53296 0.05247 0.53245 0.05475 0.52660)
		3 V(292 313 304) M(0) UV(0.06750 0.52487 0.06851 0.53483 0.06211 0.53296)
		3 V(300 314 292) M(0) UV(0.07881 0.52268 0.07551 0.53534 0.06750 0.52487)
		3 V(299 305 312) M(0) UV(0.04540 0.52913 0.05247 0.53245 0.04367 0.53989)
		3 V(306 315 295) M(0) UV(0.05550 0.46951 0.05225 0.48479 0.04011 0.48457)
		3 V(307 314 300) M(0) UV(0.08515 0.52901 0.07551 0.53534 0.07881 0.52268)
		3 V(315 307 295) M(0) UV(0.09804 0.53091 0.08515 0.52901 0.09014 0.51475)
		3 V(306 301 316) M(0) UV(0.05550 0.46951 0.07135 0.46944 0.06423 0.48457)
		3 V(308 317 301) M(0) UV(0.12931 0.53842 0.12653 0.53163 0.12653 0.52397)
		3 V(296 309 310) M(0) UV(0.16558 0.46915 0.16590 0.48624 0.15585 0.48425)
		3 V(318 308 303) M(0) UV(0.13433 0.54375 0.12931 0.53842 0.15971 0.54168)
		3 V(303 310 319) M(0) UV(0.15084 0.46916 0.15585 0.48425 0.14387 0.48441)
		3 V(297 320 309) M(0) UV(0.02505 0.52691 0.02448 0.54028 0.01184 0.53382)
		3 V(297 311 320) M(0) UV(0.02505 0.52691 0.03162 0.53850 0.02448 0.54028)
		3 V(311 298 321) M(0) UV(0.03162 0.53850 0.03878 0.53127 0.03738 0.54258)
		3 V(298 312 321) M(0) UV(0.03878 0.53127 0.04367 0.53989 0.03738 0.54258)
		3 V(304 322 305) M(0) UV(0.06211 0.53296 0.05378 0.53776 0.05247 0.53245)
		3 V(313 323 304) M(0) UV(0.06851 0.53483 0.06491 0.54474 0.06211 0.53296)
		3 V(314 313 292) M(0) UV(0.07551 0.53534 0.06851 0.53483 0.06750 0.52487)
		3 V(305 322 312) M(0) UV(0.05247 0.53245 0.05378 0.53776 0.04367 0.53989)
		3 V(306 316 315) M(0) UV(0.05550 0.46951 0.06423 0.48457 0.05225 0.48479)
		3 V(324 314 307) M(0) UV(0.08730 0.54115 0.07551 0.53534 0.08515 0.52901)
		3 V(315 324 307) M(0) UV(0.09804 0.53091 0.08730 0.54115 0.08515 0.52901)
		3 V(301 325 316) M(0) UV(0.07135 0.46944 0.07646 0.48449 0.06423 0.48457)
		3 V(301 317 325) M(0) UV(0.07135 0.46944 0.08358 0.46936 0.07646 0.48449)
		3 V(317 308 326) M(0) UV(0.08358 0.46936 0.09526 0.46929 0.08868 0.48442)
		3 V(309 327 310) M(0) UV(0.01184 0.53382 0.02043 0.54632 0.00882 0.54829)
		3 V(318 303 328) M(0) UV(0.13433 0.54375 0.15971 0.54168 0.14164 0.54704)
		3 V(318 329 308) M(0) UV(0.10694 0.46922 0.10091 0.48435 0.09526 0.46929)
		3 V(330 303 319) M(0) UV(0.13578 0.46914 0.15084 0.46916 0.14387 0.48441)
		3 V(310 331 319) M(0) UV(0.00882 0.54829 0.02112 0.55929 0.01445 0.56403)
		3 V(320 327 309) M(0) UV(0.02448 0.54028 0.02043 0.54632 0.01184 0.53382)
		3 V(311 327 320) M(0) UV(0.03162 0.53850 0.02043 0.54632 0.02448 0.54028)
		3 V(311 321 332) M(0) UV(0.03162 0.53850 0.03738 0.54258 0.03309 0.55197)
		3 V(312 333 321) M(0) UV(0.04367 0.53989 0.03985 0.55214 0.03738 0.54258)
		3 V(334 322 304) M(0) UV(0.05974 0.54272 0.05378 0.53776 0.06211 0.53296)
		3 V(334 304 323) M(0) UV(0.05974 0.54272 0.06211 0.53296 0.06491 0.54474)
		3 V(323 313 335) M(0) UV(0.06491 0.54474 0.06851 0.53483 0.07080 0.54578)
		3 V(314 335 313) M(0) UV(0.07551 0.53534 0.07080 0.54578 0.06851 0.53483)
		3 V(312 322 336) M(0) UV(0.04367 0.53989 0.05378 0.53776 0.04928 0.54520)
		3 V(316 324 315) M(0) UV(0.09950 0.54860 0.08730 0.54115 0.09804 0.53091)
		3 V(324 337 314) M(0) UV(0.08730 0.54115 0.07897 0.54713 0.07551 0.53534)
		3 V(325 338 316) M(0) UV(0.09384 0.56525 0.08883 0.55567 0.09950 0.54860)
		3 V(317 326 325) M(0) UV(0.08358 0.46936 0.08868 0.48442 0.07646 0.48449)
		3 V(308 329 326) M(0) UV(0.09526 0.46929 0.10091 0.48435 0.08868 0.48442)
		3 V(310 327 331) M(0) UV(0.00882 0.54829 0.02043 0.54632 0.02112 0.55929)
		3 V(328 339 318) M(0) UV(0.11971 0.46914 0.11063 0.48426 0.10694 0.46922)
		3 V(303 330 328) M(0) UV(0.15971 0.54168 0.15171 0.54670 0.14164 0.54704)
		3 V(318 339 329) M(0) UV(0.10694 0.46922 0.11063 0.48426 0.10091 0.48435)
		3 V(330 319 340) M(0) UV(0.13578 0.46914 0.14387 0.48441 0.13173 0.48406)
		3 V(319 331 341) M(0) UV(0.01445 0.56403 0.02112 0.55929 0.02946 0.57053)
		3 V(311 332 327) M(0) UV(0.03162 0.53850 0.03309 0.55197 0.02043 0.54632)
		3 V(332 321 333) M(0) UV(0.03309 0.55197 0.03738 0.54258 0.03985 0.55214)
		3 V(312 342 333) M(0) UV(0.04367 0.53989 0.04566 0.55030 0.03985 0.55214)
		3 V(334 343 322) M(0) UV(0.05974 0.54272 0.05543 0.54618 0.05378 0.53776)
		3 V(343 334 323) M(0) UV(0.05543 0.54618 0.05974 0.54272 0.06491 0.54474)
		3 V(344 323 335) M(0) UV(0.06401 0.55640 0.06491 0.54474 0.07080 0.54578)
		3 V(337 335 314) M(0) UV(0.07897 0.54713 0.07080 0.54578 0.07551 0.53534)
		3 V(312 336 342) M(0) UV(0.04367 0.53989 0.04928 0.54520 0.04566 0.55030)
		3 V(322 343 336) M(0) UV(0.05378 0.53776 0.05543 0.54618 0.04928 0.54520)
		3 V(316 338 324) M(0) UV(0.09950 0.54860 0.08883 0.55567 0.08730 0.54115)
		3 V(337 324 338) M(0) UV(0.07897 0.54713 0.08730 0.54115 0.08883 0.55567)
		3 V(325 345 338) M(0) UV(0.09384 0.56525 0.08145 0.56791 0.08883 0.55567)
		3 V(326 345 325) M(0) UV(0.08258 0.57855 0.08145 0.56791 0.09384 0.56525)
		3 V(329 346 326) M(0) UV(0.06727 0.58682 0.07013 0.57643 0.08258 0.57855)
		3 V(327 347 331) M(0) UV(0.02043 0.54632 0.02976 0.55958 0.02112 0.55929)
		3 V(328 348 339) M(0) UV(0.11971 0.46914 0.12008 0.48665 0.11063 0.48426)
		3 V(328 330 340) M(0) UV(0.11971 0.46914 0.13578 0.46914 0.13173 0.48406)
		3 V(339 349 329) M(0) UV(0.05323 0.58871 0.05628 0.57672 0.06727 0.58682)
		3 V(319 341 340) M(0) UV(0.01445 0.56403 0.02946 0.57053 0.02438 0.57744)
		3 V(347 341 331) M(0) UV(0.02976 0.55958 0.02946 0.57053 0.02112 0.55929)
		3 V(327 332 347) M(0) UV(0.02043 0.54632 0.03309 0.55197 0.02976 0.55958)
		3 V(332 333 350) M(0) UV(0.03309 0.55197 0.03985 0.55214 0.04127 0.56179)
		3 V(342 351 333) M(0) UV(0.04566 0.55030 0.04742 0.55831 0.03985 0.55214)
		3 V(343 323 352) M(0) UV(0.05543 0.54618 0.06491 0.54474 0.06010 0.55245)
		3 V(353 344 335) M(0) UV(0.07717 0.55608 0.06401 0.55640 0.07080 0.54578)
		3 V(352 323 344) M(0) UV(0.06010 0.55245 0.06491 0.54474 0.06401 0.55640)
		3 V(335 337 353) M(0) UV(0.07080 0.54578 0.07897 0.54713 0.07717 0.55608)
		3 V(342 336 354) M(0) UV(0.04566 0.55030 0.04928 0.54520 0.05351 0.55656)
		3 V(336 343 354) M(0) UV(0.04928 0.54520 0.05543 0.54618 0.05351 0.55656)
		3 V(353 337 338) M(0) UV(0.07717 0.55608 0.07897 0.54713 0.08883 0.55567)
		3 V(353 338 345) M(0) UV(0.07717 0.55608 0.08883 0.55567 0.08145 0.56791)
		3 V(326 346 345) M(0) UV(0.08258 0.57855 0.07013 0.57643 0.08145 0.56791)
		3 V(329 349 346) M(0) UV(0.06727 0.58682 0.05628 0.57672 0.07013 0.57643)
		3 V(348 349 339) M(0) UV(0.04010 0.58364 0.05628 0.57672 0.05323 0.58871)
		3 V(328 340 348) M(0) UV(0.11971 0.46914 0.13173 0.48406 0.12008 0.48665)
		3 V(340 341 348) M(0) UV(0.02438 0.57744 0.02946 0.57053 0.04010 0.58364)
		3 V(347 355 341) M(0) UV(0.02976 0.55958 0.03986 0.56914 0.02946 0.57053)
		3 V(332 350 347) M(0) UV(0.03309 0.55197 0.04127 0.56179 0.02976 0.55958)
		3 V(333 351 350) M(0) UV(0.03985 0.55214 0.04742 0.55831 0.04127 0.56179)
		3 V(342 354 351) M(0) UV(0.04566 0.55030 0.05351 0.55656 0.04742 0.55831)
		3 V(343 352 354) M(0) UV(0.05543 0.54618 0.06010 0.55245 0.05351 0.55656)
		3 V(356 344 353) M(0) UV(0.06634 0.56216 0.06401 0.55640 0.07717 0.55608)
		3 V(354 352 344) M(0) UV(0.05351 0.55656 0.06010 0.55245 0.06401 0.55640)
		3 V(357 353 345) M(0) UV(0.07252 0.56614 0.07717 0.55608 0.08145 0.56791)
		3 V(357 345 346) M(0) UV(0.07252 0.56614 0.08145 0.56791 0.07013 0.57643)
		3 V(349 358 346) M(0) UV(0.05628 0.57672 0.06198 0.56818 0.07013 0.57643)
		3 V(359 349 348) M(0) UV(0.05058 0.56839 0.05628 0.57672 0.04010 0.58364)
		3 V(355 348 341) M(0) UV(0.03986 0.56914 0.04010 0.58364 0.02946 0.57053)
		3 V(347 350 355) M(0) UV(0.02976 0.55958 0.04127 0.56179 0.03986 0.56914)
		3 V(350 351 359) M(0) UV(0.04127 0.56179 0.04742 0.55831 0.05058 0.56839)
		3 V(359 351 354) M(0) UV(0.05058 0.56839 0.04742 0.55831 0.05351 0.55656)
		3 V(357 356 353) M(0) UV(0.07252 0.56614 0.06634 0.56216 0.07717 0.55608)
		3 V(358 344 356) M(0) UV(0.06198 0.56818 0.06401 0.55640 0.06634 0.56216)
		3 V(358 354 344) M(0) UV(0.06198 0.56818 0.05351 0.55656 0.06401 0.55640)
		3 V(358 357 346) M(0) UV(0.06198 0.56818 0.07252 0.56614 0.07013 0.57643)
		3 V(349 359 358) M(0) UV(0.05628 0.57672 0.05058 0.56839 0.06198 0.56818)
		3 V(355 359 348) M(0) UV(0.03986 0.56914 0.05058 0.56839 0.04010 0.58364)
		3 V(355 350 359) M(0) UV(0.03986 0.56914 0.04127 0.56179 0.05058 0.56839)
		3 V(359 354 358) M(0) UV(0.05058 0.56839 0.05351 0.55656 0.06198 0.56818)
		3 V(358 356 357) M(0) UV(0.06198 0.56818 0.06634 0.56216 0.07252 0.56614)
		3 V(362 361 360) M(0) UV(0.70138 0.51601 0.69541 0.51296 0.67953 0.54413)
		3 V(362 360 363) M(0) UV(0.70138 0.51601 0.67953 0.54413 0.68550 0.54717)
		3 V(364 361 362) M(0) UV(0.72223 0.50209 0.69541 0.51296 0.70138 0.51601)
		3 V(365 362 363) M(0) UV(0.66454 0.54934 0.61387 0.57901 0.66454 0.57901)
		3 V(363 360 366) M(0) UV(0.68550 0.54717 0.67953 0.54413 0.69801 0.54354)
		3 V(365 367 362) M(0) UV(0.66454 0.54934 0.61387 0.54934 0.61387 0.57901)
		3 V(365 368 367) M(0) UV(0.66454 0.54934 0.61387 0.50383 0.61387 0.54934)
		3 V(369 367 368) M(0) UV(0.72094 0.56706 0.69953 0.58094 0.72279 0.56843)
		3 V(365 370 368) M(0) UV(0.66454 0.54934 0.66454 0.50383 0.61387 0.50383)
		3 V(369 368 370) M(0) UV(0.72094 0.56706 0.72279 0.56843 0.71987 0.54923)
		3 V(369 364 367) M(0) UV(0.72094 0.56706 0.69890 0.57589 0.69953 0.58094)
		3 V(371 370 365) M(0) UV(0.71805 0.55079 0.71987 0.54923 0.69828 0.53894)
		3 V(369 370 371) M(0) UV(0.72094 0.56706 0.71987 0.54923 0.71805 0.55079)
		3 V(371 364 369) M(0) UV(0.71805 0.55079 0.69890 0.57589 0.72094 0.56706)
		3 V(371 365 366) M(0) UV(0.71805 0.55079 0.69828 0.53894 0.69801 0.54354)
		3 V(371 366 364) M(0) UV(0.71805 0.55079 0.69801 0.54354 0.69890 0.57589)
		3 V(374 373 372) M(0) UV(0.72187 0.37438 0.73202 0.37438 0.73202 0.39056)
		3 V(374 372 375) M(0) UV(0.72187 0.37438 0.73202 0.39056 0.72187 0.39056)
		3 V(376 372 373) M(0) UV(0.00382 0.28745 0.08537 0.26398 0.08237 0.27989)
		3 V(376 373 374) M(0) UV(0.73202 0.29546 0.73202 0.37438 0.72187 0.37438)
		3 V(377 375 372) M(0) UV(0.09995 0.33995 0.09739 0.38055 0.08631 0.38055)
		3 V(376 378 372) M(0) UV(0.00382 0.28745 0.01102 0.26398 0.08537 0.26398)
		3 V(376 374 379) M(0) UV(0.73202 0.29546 0.72187 0.37438 0.71623 0.29660)
		3 V(378 377 372) M(0) UV(0.08631 0.29934 0.09995 0.33995 0.08631 0.38055)
		3 V(376 380 378) M(0) UV(0.73202 0.29546 0.70658 0.28779 0.71300 0.27993)
		3 V(376 379 380) M(0) UV(0.73202 0.29546 0.71623 0.29660 0.70658 0.28779)
		3 V(378 380 377) M(0) UV(0.08631 0.29934 0.09739 0.29934 0.09995 0.33995)
		3 V(383 382 381) M(0) UV(0.01052 0.21371 0.08362 0.23731 0.08300 0.25348)
		3 V(383 381 384) M(0) UV(0.01052 0.21371 0.08300 0.25348 0.01052 0.23690)
		3 V(382 385 381) M(0) UV(0.77056 0.48525 0.78229 0.50033 0.77220 0.50136)
		3 V(386 382 383) M(0) UV(0.77300 0.40862 0.77056 0.48525 0.75793 0.40948)
		3 V(383 384 387) M(0) UV(0.75793 0.40948 0.77374 0.39251 0.78229 0.39918)
		3 V(384 381 388) M(0) UV(0.07586 0.30051 0.07484 0.37903 0.05585 0.33715)
		3 V(381 385 388) M(0) UV(0.07484 0.37903 0.06385 0.38014 0.05585 0.33715)
		3 V(382 389 385) M(0) UV(0.77056 0.48525 0.78066 0.48423 0.78229 0.50033)
		3 V(383 387 386) M(0) UV(0.75793 0.40948 0.78229 0.39918 0.77300 0.40862)
		3 V(386 389 382) M(0) UV(0.77300 0.40862 0.78066 0.48423 0.77056 0.48525)
		3 V(388 387 384) M(0) UV(0.05585 0.33715 0.06305 0.29897 0.07586 0.30051)
		3 V(390 388 385) M(0) UV(0.05544 0.33886 0.05585 0.33715 0.06385 0.38014)
		3 V(391 387 388) M(0) UV(0.05544 0.33636 0.06305 0.29897 0.05585 0.33715)
		3 V(390 385 392) M(0) UV(0.05544 0.33886 0.05544 0.37452 0.05490 0.37413)
		3 V(393 388 390) M(0) UV(0.03711 0.35481 0.05585 0.33715 0.05544 0.33886)
		3 V(391 388 394) M(0) UV(0.05544 0.33636 0.05585 0.33715 0.03657 0.35453)
		3 V(391 395 387) M(0) UV(0.05544 0.33636 0.01611 0.31613 0.01592 0.31520)
		3 V(390 392 396) M(0) UV(0.05544 0.33886 0.05490 0.37413 0.03965 0.37499)
		3 V(396 392 385) M(0) UV(0.03965 0.37499 0.05490 0.37413 0.05544 0.37452)
		3 V(390 396 393) M(0) UV(0.05544 0.33886 0.03965 0.37499 0.03711 0.35481)
		3 V(393 394 388) M(0) UV(0.03711 0.35481 0.03657 0.35453 0.05585 0.33715)
		3 V(391 394 397) M(0) UV(0.05544 0.33636 0.03657 0.35453 0.03668 0.35341)
		3 V(398 387 395) M(0) UV(0.00318 0.33579 0.01592 0.31520 0.01611 0.31613)
		3 V(391 398 395) M(0) UV(0.05544 0.33636 0.00318 0.33579 0.01611 0.31613)
		3 V(396 385 399) M(0) UV(0.03965 0.37499 0.05544 0.37452 0.03935 0.37530)
		3 V(396 394 393) M(0) UV(0.03965 0.37499 0.03657 0.35453 0.03711 0.35481)
		3 V(397 398 391) M(0) UV(0.03668 0.35341 0.00318 0.33579 0.05544 0.33636)
		3 V(398 397 394) M(0) UV(0.00318 0.33579 0.03668 0.35341 0.03657 0.35453)
		3 V(398 400 387) M(0) UV(0.00318 0.33579 0.00246 0.33606 0.01592 0.31520)
		3 V(396 399 394) M(0) UV(0.03965 0.37499 0.03935 0.37530 0.03657 0.35453)
		3 V(398 394 400) M(0) UV(0.00318 0.33579 0.03657 0.35453 0.00246 0.33606)
		3 V(401 394 399) M(0) UV(0.19602 0.41004 0.19620 0.38712 0.23105 0.36920)
		3 V(401 400 394) M(0) UV(0.19602 0.41004 0.14926 0.39060 0.19620 0.38712)
		3 V(401 399 402) M(0) UV(0.19602 0.41004 0.23105 0.36920 0.24135 0.41311)
		3 V(401 403 400) M(0) UV(0.19602 0.41004 0.16742 0.41509 0.14926 0.39060)
		3 V(402 403 401) M(0) UV(0.24135 0.41311 0.16742 0.41509 0.19602 0.41004)
		3 V(402 404 403) M(0) UV(0.24135 0.41311 0.16644 0.43952 0.16742 0.41509)
		3 V(407 406 405) M(0) UV(0.44783 0.22197 0.48270 0.21665 0.47139 0.26254)
		3 V(405 400 407) M(0) UV(0.47139 0.26254 0.42422 0.26251 0.44783 0.22197)
		3 V(407 408 406) M(0) UV(0.44783 0.22197 0.44788 0.12693 0.48270 0.21665)
		3 V(405 403 400) M(0) UV(0.30029 0.26803 0.37118 0.24897 0.34729 0.26803)
		3 V(400 409 407) M(0) UV(0.42422 0.26251 0.41296 0.21661 0.44783 0.22197)
		3 V(409 408 407) M(0) UV(0.41296 0.21661 0.44788 0.12693 0.44783 0.22197)
		3 V(400 403 409) M(0) UV(0.42422 0.26251 0.39386 0.26672 0.41296 0.21661)
		3 V(412 411 410) M(0) UV(0.49998 0.31553 0.47317 0.30729 0.47259 0.27837)
		3 V(412 410 413) M(0) UV(0.49998 0.31553 0.47259 0.27837 0.51874 0.32418)
		3 V(410 411 414) M(0) UV(0.47259 0.27837 0.47317 0.30729 0.46460 0.29768)
		3 V(411 412 415) M(0) UV(0.47317 0.30729 0.49998 0.31553 0.46850 0.31263)
		3 V(402 412 413) M(0) UV(0.53728 0.39754 0.49998 0.31553 0.51874 0.32418)
		3 V(410 414 416) M(0) UV(0.47259 0.27837 0.46460 0.29768 0.45178 0.29839)
		3 V(411 417 414) M(0) UV(0.47317 0.30729 0.46104 0.30625 0.46460 0.29768)
		3 V(418 411 415) M(0) UV(0.46166 0.30884 0.47317 0.30729 0.46850 0.31263)
		3 V(419 415 412) M(0) UV(0.47298 0.32884 0.46850 0.31263 0.49998 0.31553)
		3 V(402 399 412) M(0) UV(0.53728 0.39754 0.48702 0.38228 0.49998 0.31553)
		3 V(420 410 416) M(0) UV(0.42728 0.28533 0.47259 0.27837 0.45178 0.29839)
		3 V(414 417 416) M(0) UV(0.46460 0.29768 0.46104 0.30625 0.45178 0.29839)
		3 V(417 411 418) M(0) UV(0.46104 0.30625 0.47317 0.30729 0.46166 0.30884)
		3 V(415 421 418) M(0) UV(0.46850 0.31263 0.46083 0.30958 0.46166 0.30884)
		3 V(399 419 412) M(0) UV(0.48702 0.38228 0.47298 0.32884 0.49998 0.31553)
		3 V(419 421 415) M(0) UV(0.47298 0.32884 0.46083 0.30958 0.46850 0.31263)
		3 V(399 402 422) M(0) UV(0.42665 0.46997 0.46389 0.50469 0.32929 0.49361)
		3 V(423 420 416) M(0) UV(0.45128 0.30545 0.42728 0.28533 0.45178 0.29839)
		3 V(420 424 410) M(0) UV(0.42728 0.28533 0.40826 0.27837 0.47259 0.27837)
		3 V(417 425 416) M(0) UV(0.46104 0.30625 0.45876 0.30763 0.45178 0.29839)
		3 V(417 418 426) M(0) UV(0.46104 0.30625 0.46166 0.30884 0.46063 0.30724)
		3 V(427 418 421) M(0) UV(0.46057 0.30834 0.46166 0.30884 0.46083 0.30958)
		3 V(399 428 419) M(0) UV(0.48702 0.38228 0.46432 0.37545 0.47298 0.32884)
		3 V(421 419 429) M(0) UV(0.68044 0.46426 0.68044 0.41446 0.69899 0.43553)
		3 V(399 422 430) M(0) UV(0.42665 0.46997 0.32929 0.49361 0.35484 0.47016)
		3 V(422 402 431) M(0) UV(0.32929 0.49361 0.46389 0.50469 0.31781 0.50528)
		3 V(425 423 416) M(0) UV(0.45876 0.30763 0.45128 0.30545 0.45178 0.29839)
		3 V(432 420 423) M(0) UV(0.43667 0.31364 0.42728 0.28533 0.45128 0.30545)
		3 V(431 424 420) M(0) UV(0.34492 0.31671 0.40826 0.27837 0.42728 0.28533)
		3 V(417 426 425) M(0) UV(0.46104 0.30625 0.46063 0.30724 0.45876 0.30763)
		3 V(426 418 427) M(0) UV(0.46063 0.30724 0.46166 0.30884 0.46057 0.30834)
		3 V(421 433 427) M(0) UV(0.46083 0.30958 0.45991 0.30897 0.46057 0.30834)
		3 V(428 429 419) M(0) UV(0.46432 0.37545 0.45835 0.31270 0.47298 0.32884)
		3 V(434 428 399) M(0) UV(0.36951 0.45027 0.40906 0.45027 0.42123 0.46524)
		3 V(421 429 435) M(0) UV(0.46083 0.30958 0.45845 0.31247 0.45907 0.31097)
		3 V(434 399 430) M(0) UV(0.36951 0.45027 0.42123 0.46524 0.35734 0.46524)
		3 V(420 430 422) M(0) UV(0.42728 0.28533 0.38861 0.34108 0.35784 0.32509)
		3 V(422 431 420) M(0) UV(0.35784 0.32509 0.34492 0.31671 0.42728 0.28533)
		3 V(404 431 402) M(0) UV(0.74241 0.67979 0.63101 0.60261 0.76098 0.60261)
		3 V(423 425 436) M(0) UV(0.45128 0.30545 0.45876 0.30763 0.45882 0.30875)
		3 V(432 423 436) M(0) UV(0.43667 0.31364 0.45128 0.30545 0.45882 0.30875)
		3 V(430 420 432) M(0) UV(0.38861 0.34108 0.42728 0.28533 0.43667 0.31364)
		3 V(426 437 425) M(0) UV(0.46063 0.30724 0.45988 0.30805 0.45876 0.30763)
		3 V(438 426 427) M(0) UV(0.46038 0.30785 0.46063 0.30724 0.46057 0.30834)
		3 V(433 439 427) M(0) UV(0.45991 0.30897 0.46022 0.30821 0.46057 0.30834)
		3 V(433 421 435) M(0) UV(0.45991 0.30897 0.46083 0.30958 0.45907 0.31097)
		3 V(428 440 429) M(0) UV(0.46432 0.37545 0.43976 0.35715 0.45835 0.31270)
		3 V(428 434 440) M(0) UV(0.40906 0.45027 0.36951 0.45027 0.38929 0.42912)
		3 V(436 435 429) M(0) UV(0.45882 0.30875 0.45907 0.31097 0.45845 0.31247)
		3 V(430 432 434) M(0) UV(0.38861 0.34108 0.43667 0.31364 0.40947 0.35252)
		3 V(404 441 431) M(0) UV(0.74241 0.67979 0.64958 0.67979 0.63101 0.60261)
		3 V(436 425 437) M(0) UV(0.45882 0.30875 0.45876 0.30763 0.45988 0.30805)
		3 V(436 429 432) M(0) UV(0.69899 0.41379 0.68044 0.38506 0.69899 0.36399)
		3 V(438 437 426) M(0) UV(0.46038 0.30785 0.45988 0.30805 0.46063 0.30724)
		3 V(438 427 442) M(0) UV(0.46038 0.30785 0.46057 0.30834 0.46029 0.30804)
		3 V(427 439 442) M(0) UV(0.46057 0.30834 0.46022 0.30821 0.46029 0.30804)
		3 V(433 437 439) M(0) UV(0.45991 0.30897 0.45988 0.30805 0.46022 0.30821)
		3 V(433 435 436) M(0) UV(0.45991 0.30897 0.45907 0.31097 0.45882 0.30875)
		3 V(434 429 440) M(0) UV(0.40947 0.35252 0.45835 0.31270 0.43976 0.35715)
		3 V(434 432 429) M(0) UV(0.40947 0.35252 0.43667 0.31364 0.45835 0.31270)
		3 V(403 441 404) M(0) UV(0.19046 0.25317 0.09659 0.27760 0.18948 0.27760)
		3 V(433 436 437) M(0) UV(0.45991 0.30897 0.45882 0.30875 0.45988 0.30805)
		3 V(438 442 437) M(0) UV(0.46038 0.30785 0.46029 0.30804 0.45988 0.30805)
		3 V(442 439 437) M(0) UV(0.46029 0.30804 0.46022 0.30821 0.45988 0.30805)
		3 V(422 444 443) M(0) UV(0.23742 0.30233 0.22901 0.26276 0.23602 0.25997)
		3 V(422 443 431) M(0) UV(0.00608 0.39534 0.04696 0.40649 0.00033 0.40873)
		3 V(444 422 445) M(0) UV(0.22901 0.26276 0.23742 0.30233 0.20226 0.31475)
		3 V(444 445 446) M(0) UV(0.22901 0.26276 0.20226 0.31475 0.20200 0.27043)
		3 V(444 448 447) M(0) UV(0.22901 0.26276 0.22247 0.23680 0.20202 0.24828)
		3 V(444 446 447) M(0) UV(0.22901 0.26276 0.20200 0.27043 0.20202 0.24828)
		3 V(446 445 430) M(0) UV(0.20200 0.27043 0.20200 0.29263 0.20162 0.29263)
		3 V(448 449 405) M(0) UV(0.22247 0.23680 0.20205 0.22983 0.20171 0.22926)
		3 V(448 451 450) M(0) UV(0.22247 0.23680 0.20205 0.22983 0.22247 0.23680)
		3 V(447 446 452) M(0) UV(0.20202 0.24828 0.20200 0.27043 0.20162 0.27042)
		3 V(446 430 452) M(0) UV(0.20200 0.27043 0.20162 0.29263 0.20162 0.27042)
		3 V(405 449 447) M(0) UV(0.20171 0.22926 0.20205 0.22983 0.20202 0.24828)
		3 V(447 452 405) M(0) UV(0.20202 0.24828 0.20162 0.27042 0.20171 0.22926)
		3 V(453 448 377) M(0) UV(0.30565 0.27415 0.26142 0.27334 0.30559 0.27334)
		3 V(454 449 448) M(0) UV(0.23871 0.27756 0.23809 0.27710 0.26142 0.27334)
		3 V(454 455 453) M(0) UV(0.15179 0.25910 0.12396 0.25822 0.12234 0.27426)
		3 V(446 455 454) M(0) UV(0.23975 0.31457 0.24077 0.31447 0.23871 0.27756)
		3 V(446 454 449) M(0) UV(0.23975 0.31457 0.23871 0.27756 0.23809 0.27710)
		3 V(457 456 375) M(0) UV(0.27383 0.27205 0.27405 0.25244 0.27496 0.25153)
		3 V(457 375 445) M(0) UV(0.27383 0.27205 0.27496 0.25153 0.27444 0.27267)
		3 V(457 458 446) M(0) UV(0.27383 0.27205 0.23907 0.27177 0.23809 0.27267)
		3 V(457 446 445) M(0) UV(0.27383 0.27205 0.23809 0.27267 0.27444 0.27267)
		3 V(362 364 367) M(0) UV(0.70203 0.58917 0.69890 0.57589 0.69953 0.58094)
		3 V(366 363 365) M(0) UV(0.69801 0.54354 0.68550 0.54717 0.69828 0.53894)
		3 V(28 29 61) M(0) UV(0.53690 0.44732 0.49539 0.62409 0.49623 0.55416)
		3 V(36 64 30) M(0) UV(0.37101 0.83947 0.48016 0.57931 0.47949 0.62459)
		3 V(36 33 64) M(0) UV(0.37118 0.87922 0.32364 0.66069 0.32710 0.65809)
		3 V(30 26 36) M(0) UV(0.47949 0.62459 0.49142 0.84222 0.37101 0.83947)
		3 V(28 61 34) M(0) UV(0.28402 0.44019 0.31019 0.56694 0.30810 0.56810)
		3 V(28 26 29) M(0) UV(0.53690 0.44732 0.49142 0.84222 0.49539 0.62409)
		3 V(41 65 48) M(0) UV(0.60478 0.62984 0.60604 0.60182 0.69297 0.84435)
		3 V(34 32 28) M(0) UV(0.30810 0.56810 0.34714 0.87884 0.28402 0.44019)
		3 V(28 68 42) M(0) UV(0.53690 0.44732 0.58817 0.57710 0.58984 0.62969)
		3 V(36 32 33) M(0) UV(0.37118 0.87922 0.34714 0.87884 0.32364 0.66069)
		3 V(41 48 37) M(0) UV(0.60478 0.62984 0.69297 0.84435 0.58218 0.84204)
		3 V(37 28 42) M(0) UV(0.58218 0.84204 0.53690 0.44732 0.58984 0.62969)
		3 V(48 51 43) M(0) UV(0.00033 0.78000 0.13573 0.62501 0.02148 0.79117)
		3 V(50 68 28) M(0) UV(0.18556 0.56147 0.18406 0.55825 0.28402 0.44019)
		3 V(63 29 30) M(0) UV(0.28304 0.35654 0.27158 0.34630 0.28304 0.34792)
		3 V(50 28 43) M(0) UV(0.18556 0.56147 0.28402 0.44019 0.02148 0.79117)
		3 V(62 61 29) M(0) UV(0.48984 0.61635 0.49623 0.55416 0.49539 0.62409)
		3 V(48 65 51) M(0) UV(0.00033 0.78000 0.13418 0.62096 0.13573 0.62501)
		3 V(63 34 62) M(0) UV(0.48439 0.61565 0.49394 0.55484 0.48984 0.61635)
		3 V(63 64 33) M(0) UV(0.48439 0.61565 0.48016 0.57931 0.48325 0.58091)
		3 V(66 65 41) M(0) UV(0.60068 0.62253 0.60604 0.60182 0.60478 0.62984)
		3 V(66 42 67) M(0) UV(0.24793 0.35613 0.25940 0.34730 0.25939 0.35613)
		3 V(66 50 51) M(0) UV(0.60068 0.62253 0.59160 0.57860 0.60181 0.60409)
		3 V(67 68 50) M(0) UV(0.59492 0.62319 0.58817 0.57710 0.59160 0.57860)
		3 V(450 451 459) M(0) UV(0.22247 0.23680 0.20205 0.22983 0.20202 0.24828)
		3 V(459 451 449) M(0) UV(0.20202 0.24828 0.20205 0.22983 0.20205 0.22983)
		3 V(450 459 447) M(0) UV(0.22247 0.23680 0.20202 0.24828 0.20202 0.24828)
		3 V(406 37 405) M(0) UV(0.48270 0.21665 0.50025 0.26672 0.47139 0.26254)
		3 V(405 37 403) M(0) UV(0.30029 0.26803 0.27831 0.24897 0.37118 0.24897)
		3 V(441 431 37) M(0) UV(0.07355 0.43952 0.00033 0.40873 0.07450 0.41509)
		3 V(37 431 443) M(0) UV(0.07450 0.41509 0.00033 0.40873 0.04696 0.40649)
		3 V(403 37 441) M(0) UV(0.19046 0.25317 0.09754 0.25317 0.09659 0.27760)
		3 V(37 444 443) M(0) UV(0.22289 0.23649 0.22901 0.26276 0.23602 0.25997)
		3 V(444 448 37) M(0) UV(0.22901 0.26276 0.22247 0.23680 0.22289 0.23649)
		3 V(448 405 37) M(0) UV(0.22247 0.23680 0.20171 0.22926 0.22289 0.23649)
		3 V(453 37 448) M(0) UV(0.30565 0.27415 0.26147 0.27415 0.26142 0.27334)
		3 V(454 448 37) M(0) UV(0.23871 0.27756 0.26142 0.27334 0.26147 0.27415)
		3 V(453 375 456) M(0) UV(0.23989 0.25404 0.27496 0.25153 0.27405 0.25244)
		3 V(453 377 375) M(0) UV(0.23989 0.25404 0.23927 0.25345 0.27496 0.25153)
		3 V(453 446 377) M(0) UV(0.23989 0.25404 0.23809 0.27267 0.23927 0.25345)
		3 V(453 458 446) M(0) UV(0.23989 0.25404 0.23907 0.27177 0.23809 0.27267)
		3 V(453 458 457) M(0) UV(0.11029 0.30749 0.10929 0.32895 0.15135 0.32929)
		3 V(453 457 456) M(0) UV(0.11029 0.30749 0.15135 0.32929 0.15162 0.30557)
		3 V(449 451 448) M(0) UV(0.20205 0.22983 0.20205 0.22983 0.22247 0.23680)
		3 V(459 449 447) M(0) UV(0.20202 0.24828 0.20205 0.22983 0.20202 0.24828)
		3 V(450 447 448) M(0) UV(0.22247 0.23680 0.20202 0.24828 0.22247 0.23680)
	}
}
Object "$canopy" {
	depth 0
	folding 0
	scale 1.000000 1.000000 1.000000
	rotation 0.000000 0.000000 0.000000
	translation 0.000000 0.000000 0.000000
	visible 15
	locking 0
	shading 1
	facet 59.5
	color 0.898 0.498 0.698
	color_type 0
	vertex 45 {
		0.0000 254.2971 -11.8227
		-51.8811 255.0441 -115.1249
		-36.7123 244.5813 -25.9995
		36.7123 244.5813 -25.9995
		0.0000 222.6888 106.8418
		56.1499 229.4498 9.8760
		-56.1499 229.4498 9.8760
		-91.1376 224.0439 -97.1871
		47.2515 263.8365 -199.5915
		91.1376 224.0439 -97.1871
		76.3292 229.4498 -189.7257
		51.8811 255.0441 -115.1249
		0.0000 282.0135 -115.1249
		0.0000 303.9433 -230.3456
		-47.2514 263.8365 -199.5915
		-76.3292 229.4498 -189.7257
		-56.1499 229.4498 9.8760
		-56.1499 225.6530 9.8760
		0.0000 218.8919 106.8418
		47.2515 263.8365 -199.5915
		51.8811 255.0441 -115.1249
		91.1376 224.0439 -97.1871
		36.7123 244.5813 -25.9995
		56.1499 229.4498 9.8760
		76.3292 225.6531 -189.7257
		47.2515 260.0396 -199.5915
		0.0000 303.9433 -230.3456
		0.0000 282.0135 -115.1249
		-47.2514 263.8365 -199.5915
		-51.8811 255.0441 -115.1249
		76.3292 229.4498 -189.7257
		-76.3292 229.4498 -189.7257
		-91.1376 224.0439 -97.1871
		-47.2514 260.0396 -199.5915
		-76.3292 225.6531 -189.7257
		91.1376 220.2471 -97.1871
		-91.1376 220.2471 -97.1871
		0.0000 300.1464 -230.3456
		-47.2514 260.0396 -199.5915
		0.0000 300.1464 -230.3456
		0.0000 254.2971 -11.8227
		56.1499 225.6530 9.8760
		91.1376 220.2471 -97.1871
		3.8159 279.9091 -115.1249
		3.8159 279.9091 -115.1249
	}
	face 60 {
		3 V(2 1 0) M(0) UV(0.25659 0.02782 0.24130 0.04611 0.25459 0.01900)
		3 V(5 4 3) M(0) UV(0.29252 0.02942 0.28257 0.01265 0.30008 0.02941)
		3 V(6 2 4) M(0) UV(0.26583 0.02721 0.25659 0.02782 0.28257 0.01265)
		3 V(7 1 6) M(0) UV(0.25443 0.04436 0.24130 0.04611 0.26583 0.02721)
		3 V(10 9 8) M(0) UV(0.28735 0.06714 0.29701 0.05279 0.28364 0.07873)
		3 V(9 5 11) M(0) UV(0.29701 0.05279 0.29252 0.02942 0.30814 0.05137)
		3 V(12 11 0) M(0) UV(0.23136 0.03452 0.22445 0.02090 0.25459 0.01900)
		3 V(8 11 13) M(0) UV(0.28364 0.07873 0.30814 0.09332 0.26290 0.08913)
		3 V(12 1 13) M(0) UV(0.23136 0.03452 0.24130 0.04611 0.20647 0.05238)
		3 V(15 14 7) M(0) UV(0.25349 0.05771 0.24879 0.07264 0.25443 0.04436)
		3 V(18 17 16) M(0) UV(0.28245 0.01374 0.26678 0.02808 0.26611 0.02745)
		3 V(21 20 19) M(0) UV(0.18437 0.01311 0.20148 0.03328 0.18437 0.07200)
		3 V(23 22 20) M(0) UV(0.30817 0.03342 0.31258 0.04212 0.30817 0.06203)
		3 V(19 25 24) M(0) UV(0.28345 0.07853 0.28308 0.07727 0.28669 0.06646)
		3 V(20 27 26) M(0) UV(0.15920 0.00455 0.18430 0.01929 0.15920 0.07200)
		3 V(29 28 26) M(0) UV(0.26309 0.05337 0.24920 0.07253 0.26298 0.08864)
		3 V(28 26 14) M(0) UV(0.24920 0.07253 0.26298 0.08864 0.24879 0.07264)
		3 V(26 19 13) M(0) UV(0.26298 0.08864 0.28345 0.07853 0.26290 0.08913)
		3 V(19 30 8) M(0) UV(0.28345 0.07853 0.28714 0.06704 0.28364 0.07873)
		3 V(31 28 15) M(0) UV(0.25372 0.05775 0.24920 0.07253 0.25349 0.05771)
		3 V(30 21 10) M(0) UV(0.28714 0.06704 0.29659 0.05272 0.28735 0.06714)
		3 V(21 23 9) M(0) UV(0.29659 0.05272 0.29217 0.02954 0.29701 0.05279)
		3 V(32 31 7) M(0) UV(0.25468 0.04447 0.25372 0.05775 0.25443 0.04436)
		3 V(16 32 6) M(0) UV(0.26611 0.02745 0.25468 0.04447 0.26583 0.02721)
		3 V(12 0 1) M(0) UV(0.23136 0.03452 0.25459 0.01900 0.24130 0.04611)
		3 V(4 2 0) M(0) UV(0.28257 0.01265 0.25659 0.02782 0.25459 0.01900)
		3 V(6 1 2) M(0) UV(0.26583 0.02721 0.24130 0.04611 0.25659 0.02782)
		3 V(34 33 28) M(0) UV(0.25432 0.05757 0.25173 0.06765 0.24920 0.07253)
		3 V(3 0 11) M(0) UV(0.24654 0.01212 0.25459 0.01900 0.22445 0.02090)
		3 V(7 14 1) M(0) UV(0.25443 0.04436 0.24879 0.07264 0.24130 0.04611)
		3 V(30 24 35) M(0) UV(0.28714 0.06704 0.28669 0.06646 0.29585 0.05259)
		3 V(36 32 16) M(0) UV(0.25522 0.04469 0.25468 0.04447 0.26611 0.02745)
		3 V(14 26 13) M(0) UV(0.24879 0.07264 0.26298 0.08864 0.26290 0.08913)
		3 V(13 19 8) M(0) UV(0.26290 0.08913 0.28345 0.07853 0.28364 0.07873)
		3 V(8 30 10) M(0) UV(0.28364 0.07873 0.28714 0.06704 0.28735 0.06714)
		3 V(15 28 14) M(0) UV(0.25349 0.05771 0.24920 0.07253 0.24879 0.07264)
		3 V(10 21 9) M(0) UV(0.28735 0.06714 0.29659 0.05272 0.29701 0.05279)
		3 V(9 23 5) M(0) UV(0.29701 0.05279 0.29217 0.02954 0.29252 0.02942)
		3 V(7 31 15) M(0) UV(0.25443 0.04436 0.25372 0.05775 0.25349 0.05771)
		3 V(6 32 7) M(0) UV(0.26583 0.02721 0.25468 0.04447 0.25443 0.04436)
		3 V(4 16 6) M(0) UV(0.28257 0.01265 0.26611 0.02745 0.26583 0.02721)
		3 V(38 37 13) M(0) UV(0.24761 0.07275 0.26172 0.08923 0.26290 0.08913)
		3 V(36 34 31) M(0) UV(0.25522 0.04469 0.25432 0.05757 0.25372 0.05775)
		3 V(26 39 25) M(0) UV(0.26298 0.08864 0.26389 0.08711 0.28308 0.07727)
		3 V(4 40 22) M(0) UV(0.30817 0.06206 0.31585 0.08848 0.30817 0.09332)
		3 V(23 4 5) M(0) UV(0.29217 0.02954 0.28257 0.01265 0.29252 0.02942)
		3 V(18 16 4) M(0) UV(0.28245 0.01374 0.26611 0.02745 0.28257 0.01265)
		3 V(19 24 30) M(0) UV(0.28345 0.07853 0.28669 0.06646 0.28714 0.06704)
		3 V(23 18 4) M(0) UV(0.29217 0.02954 0.28245 0.01374 0.28257 0.01265)
		3 V(34 28 31) M(0) UV(0.25432 0.05757 0.24920 0.07253 0.25372 0.05775)
		3 V(30 35 21) M(0) UV(0.28714 0.06704 0.29585 0.05259 0.29659 0.05272)
		3 V(36 16 17) M(0) UV(0.25522 0.04469 0.26611 0.02745 0.26678 0.02808)
		3 V(35 23 21) M(0) UV(0.29585 0.05259 0.29217 0.02954 0.29659 0.05272)
		3 V(38 13 14) M(0) UV(0.24761 0.07275 0.26290 0.08913 0.24879 0.07264)
		3 V(36 31 32) M(0) UV(0.25522 0.04469 0.25372 0.05775 0.25468 0.04447)
		3 V(26 25 19) M(0) UV(0.26298 0.08864 0.28308 0.07727 0.28345 0.07853)
		3 V(41 18 23) M(0) UV(0.29129 0.02987 0.28245 0.01374 0.29217 0.02954)
		3 V(42 41 23) M(0) UV(0.29543 0.05251 0.29129 0.02987 0.29217 0.02954)
		3 V(44 43 27) M(0) UV(0.00000 1.00000 0.00000 1.00000 0.00000 1.00000)
		3 V(44 27 12) M(0) UV(0.00000 1.00000 0.00000 1.00000 0.00000 1.00000)
	}
}
Object "$lg0" {
	depth 0
	folding 0
	scale 1.000000 1.000000 1.000000
	rotation 0.000000 0.000000 0.000000
	translation 0.000000 0.000000 0.000000
	visible 15
	locking 0
	shading 1
	facet 59.5
	color 0.898 0.498 0.698
	color_type 0
	vertex 18 {
		-23.6132 -15.8329 683.5069
		-23.6132 -15.8329 648.9632
		-23.6132 -31.1956 648.9632
		-23.6132 -31.1956 615.4426
		23.6132 -31.1956 615.4426
		23.6132 -15.8329 683.5069
		23.6132 -15.8329 736.4756
		23.6132 -31.1956 736.4756
		-23.6132 -15.8329 736.4756
		-23.6132 -31.1956 736.4756
		23.6132 -31.1956 648.9632
		12.6437 16.6665 674.5253
		12.6437 16.6665 648.9632
		-12.6437 16.6665 648.9632
		-12.6437 16.6665 674.5253
		23.6132 -15.8329 648.9632
		23.6132 -15.8329 615.4426
		-23.6132 -15.8329 615.4426
	}
	face 32 {
		3 V(2 1 0) M(0) UV(0.86745 0.12843 0.84516 0.13280 0.82946 0.09588)
		3 V(4 3 2) M(0) UV(0.99061 0.19781 0.93826 0.19781 0.93826 0.16066)
		3 V(7 6 5) M(0) UV(0.74667 0.05023 0.76969 0.06691 0.77984 0.10776)
		3 V(7 9 8) M(0) UV(0.74667 0.05023 0.81378 0.03530 0.80515 0.05463)
		3 V(7 10 2) M(0) UV(0.99061 0.06366 0.99061 0.16066 0.93826 0.16066)
		3 V(11 5 0) M(0) UV(0.89975 0.12509 0.86751 0.10459 0.93819 0.10459)
		3 V(8 0 5) M(0) UV(0.93819 0.02532 0.93819 0.10459 0.86751 0.10459)
		3 V(14 13 12) M(0) UV(0.90830 0.12715 0.90922 0.13493 0.89913 0.13624)
		3 V(12 15 5) M(0) UV(0.89913 0.13624 0.87304 0.15356 0.86751 0.10459)
		3 V(12 13 1) M(0) UV(0.89913 0.13624 0.90922 0.13493 0.93160 0.15624)
		3 V(13 14 0) M(0) UV(0.90922 0.13493 0.90830 0.12715 0.93819 0.10459)
		3 V(3 4 16) M(0) UV(0.86745 0.18641 0.80626 0.19781 0.81197 0.18038)
		3 V(16 4 10) M(0) UV(0.81197 0.18038 0.80626 0.19781 0.77265 0.16463)
		3 V(17 16 15) M(0) UV(0.92970 0.19781 0.87113 0.19513 0.87304 0.15356)
		3 V(3 17 1) M(0) UV(0.86745 0.18641 0.84550 0.17042 0.84516 0.13280)
		3 V(9 0 8) M(0) UV(0.81378 0.03530 0.82946 0.09588 0.80515 0.05463)
		3 V(4 2 10) M(0) UV(0.99061 0.19781 0.93826 0.16066 0.99061 0.16066)
		3 V(9 2 0) M(0) UV(0.81378 0.03530 0.86745 0.12843 0.82946 0.09588)
		3 V(5 15 10) M(0) UV(0.77984 0.10776 0.79328 0.15371 0.77265 0.16463)
		3 V(7 8 6) M(0) UV(0.74667 0.05023 0.80515 0.05463 0.76969 0.06691)
		3 V(10 7 5) M(0) UV(0.77265 0.16463 0.74667 0.05023 0.77984 0.10776)
		3 V(7 2 9) M(0) UV(0.99061 0.06366 0.93826 0.16066 0.93826 0.06366)
		3 V(11 0 14) M(0) UV(0.89975 0.12509 0.93819 0.10459 0.90830 0.12715)
		3 V(8 5 6) M(0) UV(0.93819 0.02532 0.86751 0.10459 0.86752 0.02532)
		3 V(14 12 11) M(0) UV(0.90830 0.12715 0.89913 0.13624 0.89975 0.12509)
		3 V(12 5 11) M(0) UV(0.89913 0.13624 0.86751 0.10459 0.89975 0.12509)
		3 V(12 1 15) M(0) UV(0.89913 0.13624 0.93160 0.15624 0.87304 0.15356)
		3 V(13 0 1) M(0) UV(0.90922 0.13493 0.93819 0.10459 0.93160 0.15624)
		3 V(3 16 17) M(0) UV(0.86745 0.18641 0.81197 0.18038 0.84550 0.17042)
		3 V(16 10 15) M(0) UV(0.81197 0.18038 0.77265 0.16463 0.79328 0.15371)
		3 V(17 15 1) M(0) UV(0.92970 0.19781 0.87304 0.15356 0.93160 0.15624)
		3 V(3 1 2) M(0) UV(0.86745 0.18641 0.84516 0.13280 0.86745 0.12843)
	}
}
Object "$lg1" {
	depth 0
	folding 0
	scale 1.000000 1.000000 1.000000
	rotation 0.000000 0.000000 0.000000
	translation 0.000000 0.000000 0.000000
	visible 15
	locking 0
	shading 1
	facet 59.5
	color 0.898 0.498 0.698
	color_type 0
	vertex 26 {
		266.4666 79.5070 -52.6393
		316.9478 29.1015 -52.6393
		316.9478 29.1015 -34.0356
		287.7184 79.5070 -52.6393
		338.1995 29.1015 -52.6393
		287.7184 79.5070 -34.0356
		338.1995 29.1015 -34.0356
		266.4666 79.5070 -34.0356
		282.8909 0.1749 -19.4713
		282.8909 0.1749 -54.0150
		282.8909 -15.1878 -54.0150
		282.8909 -15.1878 -87.5356
		369.4186 -15.1878 -87.5356
		369.4186 0.1749 -19.4713
		369.4186 0.1749 50.0836
		369.4186 -15.1878 50.0836
		282.8909 0.1749 50.0836
		282.8909 -15.1878 50.0836
		369.4186 -15.1878 -54.0150
		342.0171 32.6743 -28.4530
		342.0171 32.6743 -54.0150
		313.1302 32.6743 -54.0150
		313.1302 32.6743 -28.4530
		369.4186 0.1749 -54.0150
		369.4186 0.1749 -87.5356
		282.8909 0.1749 -87.5356
	}
	face 44 {
		3 V(2 1 0) M(0) UV(0.86503 0.19381 0.86503 0.19381 0.86503 0.19381)
		3 V(1 4 3) M(0) UV(0.86503 0.19381 0.86503 0.19381 0.86503 0.19381)
		3 V(4 6 5) M(0) UV(0.86503 0.19381 0.86503 0.19381 0.86503 0.19381)
		3 V(6 2 7) M(0) UV(0.86503 0.19381 0.86503 0.19381 0.86503 0.19381)
		3 V(6 4 1) M(0) UV(0.86503 0.19381 0.86503 0.19381 0.86503 0.19381)
		3 V(7 0 3) M(0) UV(0.86503 0.19381 0.86503 0.19381 0.86503 0.19381)
		3 V(10 9 8) M(0) UV(0.75560 0.12404 0.73786 0.12907 0.73786 0.08591)
		3 V(12 11 10) M(0) UV(0.96968 0.07924 0.89069 0.07924 0.89069 0.04864)
		3 V(15 14 13) M(0) UV(0.81228 0.02622 0.82022 0.01465 0.84757 0.07532)
		3 V(15 17 16) M(0) UV(0.81228 0.02622 0.75780 0.02918 0.74644 0.01494)
		3 V(15 18 10) M(0) UV(0.96852 0.00630 0.96968 0.04864 0.89069 0.04864)
		3 V(19 13 8) M(0) UV(0.92818 0.13571 0.88432 0.11945 0.97603 0.11945)
		3 V(16 8 13) M(0) UV(0.97834 0.10479 0.97603 0.11945 0.88432 0.11945)
		3 V(22 21 20) M(0) UV(0.94213 0.13805 0.94340 0.14828 0.92836 0.15117)
		3 V(20 23 13) M(0) UV(0.92836 0.15117 0.89201 0.16921 0.88432 0.11945)
		3 V(20 21 9) M(0) UV(0.92836 0.15117 0.94340 0.14828 0.97333 0.16370)
		3 V(21 22 8) M(0) UV(0.94340 0.14828 0.94213 0.13805 0.97603 0.11945)
		3 V(11 12 24) M(0) UV(0.76627 0.14973 0.83066 0.15108 0.84610 0.16989)
		3 V(24 12 18) M(0) UV(0.84610 0.16989 0.83066 0.15108 0.84148 0.11754)
		3 V(25 24 23) M(0) UV(0.97546 0.19521 0.89414 0.20071 0.89201 0.16921)
		3 V(11 25 9) M(0) UV(0.76627 0.14973 0.75772 0.16259 0.73786 0.12907)
		3 V(2 0 7) M(0) UV(0.86503 0.19381 0.86503 0.19381 0.86503 0.19381)
		3 V(1 3 0) M(0) UV(0.86503 0.19381 0.86503 0.19381 0.86503 0.19381)
		3 V(4 5 3) M(0) UV(0.86503 0.19381 0.86503 0.19381 0.86503 0.19381)
		3 V(6 7 5) M(0) UV(0.86503 0.19381 0.86503 0.19381 0.86503 0.19381)
		3 V(6 1 2) M(0) UV(0.86503 0.19381 0.86503 0.19381 0.86503 0.19381)
		3 V(7 3 5) M(0) UV(0.86503 0.19381 0.86503 0.19381 0.86503 0.19381)
		3 V(8 16 17) M(0) UV(0.73786 0.08591 0.74644 0.01494 0.75780 0.02918)
		3 V(12 10 18) M(0) UV(0.96968 0.07924 0.89069 0.04864 0.96968 0.04864)
		3 V(17 10 8) M(0) UV(0.75780 0.02918 0.75560 0.12404 0.73786 0.08591)
		3 V(13 23 18) M(0) UV(0.84757 0.07532 0.86056 0.11838 0.84148 0.11754)
		3 V(15 16 14) M(0) UV(0.81228 0.02622 0.74644 0.01494 0.82022 0.01465)
		3 V(18 15 13) M(0) UV(0.84148 0.11754 0.81228 0.02622 0.84757 0.07532)
		3 V(15 10 17) M(0) UV(0.96852 0.00630 0.89069 0.04864 0.88953 0.00630)
		3 V(19 8 22) M(0) UV(0.92818 0.13571 0.97603 0.11945 0.94213 0.13805)
		3 V(16 13 14) M(0) UV(0.97834 0.10479 0.88432 0.11945 0.88664 0.10479)
		3 V(22 20 19) M(0) UV(0.94213 0.13805 0.92836 0.15117 0.92818 0.13571)
		3 V(20 13 19) M(0) UV(0.92836 0.15117 0.88432 0.11945 0.92818 0.13571)
		3 V(20 9 23) M(0) UV(0.92836 0.15117 0.97333 0.16370 0.89201 0.16921)
		3 V(21 8 9) M(0) UV(0.94340 0.14828 0.97603 0.11945 0.97333 0.16370)
		3 V(11 24 25) M(0) UV(0.76627 0.14973 0.84610 0.16989 0.75772 0.16259)
		3 V(24 18 23) M(0) UV(0.84610 0.16989 0.84148 0.11754 0.86056 0.11838)
		3 V(25 23 9) M(0) UV(0.97546 0.19521 0.89201 0.16921 0.97333 0.16370)
		3 V(11 9 10) M(0) UV(0.76627 0.14973 0.73786 0.12907 0.75560 0.12404)
	}
}
Object "$lg2" {
	depth 0
	folding 0
	scale 1.000000 1.000000 1.000000
	rotation 0.000000 0.000000 0.000000
	translation 0.000000 0.000000 0.000000
	visible 15
	locking 0
	shading 1
	facet 59.5
	color 0.898 0.498 0.698
	color_type 0
	vertex 26 {
		-272.8893 79.5070 -52.6393
		-322.9421 29.1015 -52.6393
		-322.9421 29.1015 -34.0356
		-251.6374 79.5070 -52.6393
		-301.6902 29.1015 -52.6393
		-251.6374 79.5070 -34.0356
		-301.6902 29.1015 -34.0356
		-272.8893 79.5070 -34.0356
		-354.1610 0.1749 -19.4713
		-354.1610 0.1749 -54.0150
		-354.1610 -15.1878 -54.0150
		-354.1610 -15.1878 -87.5356
		-267.6334 -15.1878 -87.5356
		-267.6334 0.1749 -19.4713
		-267.6334 0.1749 50.0836
		-267.6334 -15.1878 50.0836
		-354.1610 0.1749 50.0836
		-354.1610 -15.1878 50.0836
		-267.6334 -15.1878 -54.0150
		-297.8726 32.6743 -28.4530
		-326.7596 32.6743 -28.4530
		-297.8726 32.6743 -54.0150
		-326.7596 32.6743 -54.0150
		-267.6334 0.1749 -54.0150
		-267.6334 0.1749 -87.5356
		-354.1610 0.1749 -87.5356
	}
	face 44 {
		3 V(2 1 0) M(0) UV(0.88596 0.17688 0.88596 0.17688 0.88596 0.17688)
		3 V(1 4 3) M(0) UV(0.88596 0.17688 0.88596 0.17688 0.88596 0.17688)
		3 V(4 6 5) M(0) UV(0.88596 0.17688 0.88596 0.17688 0.88596 0.17688)
		3 V(6 2 7) M(0) UV(0.88596 0.17688 0.88596 0.17688 0.88596 0.17688)
		3 V(6 4 1) M(0) UV(0.88596 0.17688 0.88596 0.17688 0.88596 0.17688)
		3 V(7 0 3) M(0) UV(0.88596 0.17688 0.88596 0.17688 0.88596 0.17688)
		3 V(10 9 8) M(0) UV(0.83632 0.15716 0.82712 0.15977 0.82712 0.13741)
		3 V(12 11 10) M(0) UV(0.89068 0.10045 0.84977 0.10046 0.84977 0.08461)
		3 V(15 14 13) M(0) UV(0.86567 0.10649 0.86979 0.10050 0.88395 0.13192)
		3 V(15 17 16) M(0) UV(0.86567 0.10649 0.83745 0.10802 0.83157 0.10064)
		3 V(15 18 10) M(0) UV(0.89066 0.03538 0.89068 0.08460 0.84977 0.08461)
		3 V(20 19 13) M(0) UV(0.91553 0.14724 0.90812 0.14829 0.89072 0.13875)
		3 V(16 8 13) M(0) UV(0.93832 0.10048 0.93832 0.13875 0.89072 0.13875)
		3 V(20 22 21) M(0) UV(0.91553 0.14724 0.91553 0.15527 0.90798 0.15358)
		3 V(21 23 13) M(0) UV(0.90798 0.15358 0.89242 0.16144 0.89072 0.13875)
		3 V(22 9 23) M(0) UV(0.91553 0.15527 0.93437 0.16466 0.89242 0.16144)
		3 V(22 20 8) M(0) UV(0.91553 0.15527 0.91553 0.14724 0.93832 0.13875)
		3 V(11 12 24) M(0) UV(0.84184 0.17046 0.87520 0.17116 0.88319 0.18090)
		3 V(24 12 18) M(0) UV(0.88319 0.18090 0.87520 0.17116 0.88080 0.15379)
		3 V(25 24 23) M(0) UV(0.93312 0.18090 0.89118 0.17769 0.89242 0.16144)
		3 V(11 25 9) M(0) UV(0.84184 0.17046 0.83741 0.17713 0.82712 0.15977)
		3 V(2 0 7) M(0) UV(0.88596 0.17688 0.88596 0.17688 0.88596 0.17688)
		3 V(1 3 0) M(0) UV(0.88596 0.17688 0.88596 0.17688 0.88596 0.17688)
		3 V(4 5 3) M(0) UV(0.88596 0.17688 0.88596 0.17688 0.88596 0.17688)
		3 V(6 7 5) M(0) UV(0.88596 0.17688 0.88596 0.17688 0.88596 0.17688)
		3 V(6 1 2) M(0) UV(0.88596 0.17688 0.88596 0.17688 0.88596 0.17688)
		3 V(7 3 5) M(0) UV(0.88596 0.17688 0.88596 0.17688 0.88596 0.17688)
		3 V(8 16 17) M(0) UV(0.82712 0.13741 0.83157 0.10064 0.83745 0.10802)
		3 V(12 10 18) M(0) UV(0.89068 0.10045 0.84977 0.08461 0.89068 0.08460)
		3 V(17 10 8) M(0) UV(0.83745 0.10802 0.83632 0.15716 0.82712 0.13741)
		3 V(13 23 18) M(0) UV(0.88395 0.13192 0.89068 0.15422 0.88080 0.15379)
		3 V(15 16 14) M(0) UV(0.86567 0.10649 0.83157 0.10064 0.86979 0.10050)
		3 V(18 15 13) M(0) UV(0.88080 0.15379 0.86567 0.10649 0.88395 0.13192)
		3 V(15 10 17) M(0) UV(0.89066 0.03538 0.84977 0.08461 0.84975 0.03539)
		3 V(20 13 8) M(0) UV(0.91553 0.14724 0.89072 0.13875 0.93832 0.13875)
		3 V(16 13 14) M(0) UV(0.93832 0.10048 0.89072 0.13875 0.89072 0.10048)
		3 V(20 21 19) M(0) UV(0.91553 0.14724 0.90798 0.15358 0.90812 0.14829)
		3 V(21 13 19) M(0) UV(0.90798 0.15358 0.89072 0.13875 0.90812 0.14829)
		3 V(22 23 21) M(0) UV(0.91553 0.15527 0.89242 0.16144 0.90798 0.15358)
		3 V(22 8 9) M(0) UV(0.91553 0.15527 0.93832 0.13875 0.93437 0.16466)
		3 V(11 24 25) M(0) UV(0.84184 0.17046 0.88319 0.18090 0.83741 0.17713)
		3 V(24 18 23) M(0) UV(0.88319 0.18090 0.88080 0.15379 0.89068 0.15422)
		3 V(25 23 9) M(0) UV(0.93312 0.18090 0.89242 0.16144 0.93437 0.16466)
		3 V(11 9 10) M(0) UV(0.84184 0.17046 0.82712 0.15977 0.83632 0.15716)
	}
}
Object "$lg3" {
	depth 0
	folding 0
	scale 1.000000 1.000000 1.000000
	rotation 0.000000 0.000000 0.000000
	translation 0.000000 0.000000 0.000000
	visible 15
	locking 0
	shading 1
	facet 59.5
	color 0.898 0.498 0.698
	color_type 0
	vertex 8 {
		-9.3019 98.3950 650.3389
		-9.3019 13.0937 650.3389
		-9.3019 13.0937 668.9427
		9.3019 98.3950 650.3389
		9.3019 13.0937 650.3389
		9.3019 98.3950 668.9427
		9.3019 13.0937 668.9427
		-9.3019 98.3950 668.9427
	}
	face 12 {
		3 V(2 1 0) M(0) UV(0.84529 0.19106 0.84529 0.19106 0.84529 0.19106)
		3 V(1 4 3) M(0) UV(0.84529 0.19106 0.84529 0.19106 0.84529 0.19106)
		3 V(4 6 5) M(0) UV(0.84529 0.19106 0.84529 0.19106 0.84529 0.19106)
		3 V(6 2 7) M(0) UV(0.84529 0.19106 0.84529 0.19106 0.84529 0.19106)
		3 V(6 4 1) M(0) UV(0.84529 0.19106 0.84529 0.19106 0.84529 0.19106)
		3 V(7 0 3) M(0) UV(0.84529 0.19106 0.84529 0.19106 0.84529 0.19106)
		3 V(2 0 7) M(0) UV(0.84529 0.19106 0.84529 0.19106 0.84529 0.19106)
		3 V(1 3 0) M(0) UV(0.84529 0.19106 0.84529 0.19106 0.84529 0.19106)
		3 V(4 5 3) M(0) UV(0.84529 0.19106 0.84529 0.19106 0.84529 0.19106)
		3 V(6 7 5) M(0) UV(0.84529 0.19106 0.84529 0.19106 0.84529 0.19106)
		3 V(6 1 2) M(0) UV(0.84529 0.19106 0.84529 0.19106 0.84529 0.19106)
		3 V(7 3 5) M(0) UV(0.84529 0.19106 0.84529 0.19106 0.84529 0.19106)
	}
}
Object "$lg4" {
	depth 0
	folding 0
	scale 1.000000 1.000000 1.000000
	rotation 0.000000 0.000000 0.000000
	translation 0.000000 0.000000 0.000000
	visible 15
	locking 0
	shading 1
	facet 59.5
	color 0.898 0.498 0.698
	color_type 0
	vertex 12 {
		9.6672 -16.0489 641.2350
		9.6672 26.2373 505.1932
		9.6672 39.5102 519.2520
		-9.6672 -16.0489 641.2350
		-9.6672 39.5102 519.2520
		-9.6672 26.2373 505.1932
		-9.6672 -15.4932 621.9086
		9.6672 -15.4932 621.9086
		-9.6672 71.6843 462.2866
		9.6672 71.6843 462.2866
		9.6672 84.9572 476.3453
		-9.6672 84.9572 476.3453
	}
	face 20 {
		3 V(2 1 0) M(0) UV(0.84529 0.19106 0.84529 0.19106 0.84529 0.19106)
		3 V(4 2 3) M(0) UV(0.84529 0.19106 0.84529 0.19106 0.84529 0.19106)
		3 V(6 5 3) M(0) UV(0.84529 0.19106 0.84529 0.19106 0.84529 0.19106)
		3 V(1 5 7) M(0) UV(0.84529 0.19106 0.84529 0.19106 0.84529 0.19106)
		3 V(9 8 1) M(0) UV(0.84529 0.19106 0.84529 0.19106 0.84529 0.19106)
		3 V(7 0 3) M(0) UV(0.84529 0.19106 0.84529 0.19106 0.84529 0.19106)
		3 V(11 8 10) M(0) UV(0.84529 0.19106 0.84529 0.19106 0.84529 0.19106)
		3 V(8 11 5) M(0) UV(0.84529 0.19106 0.84529 0.19106 0.84529 0.19106)
		3 V(11 10 4) M(0) UV(0.84529 0.19106 0.84529 0.19106 0.84529 0.19106)
		3 V(10 9 2) M(0) UV(0.84529 0.19106 0.84529 0.19106 0.84529 0.19106)
		3 V(7 0 1) M(0) UV(0.84529 0.19106 0.84529 0.19106 0.84529 0.19106)
		3 V(3 2 0) M(0) UV(0.84529 0.19106 0.84529 0.19106 0.84529 0.19106)
		3 V(3 5 4) M(0) UV(0.84529 0.19106 0.84529 0.19106 0.84529 0.19106)
		3 V(7 5 6) M(0) UV(0.84529 0.19106 0.84529 0.19106 0.84529 0.19106)
		3 V(1 8 5) M(0) UV(0.84529 0.19106 0.84529 0.19106 0.84529 0.19106)
		3 V(7 3 6) M(0) UV(0.84529 0.19106 0.84529 0.19106 0.84529 0.19106)
		3 V(10 8 9) M(0) UV(0.84529 0.19106 0.84529 0.19106 0.84529 0.19106)
		3 V(5 11 4) M(0) UV(0.84529 0.19106 0.84529 0.19106 0.84529 0.19106)
		3 V(4 10 2) M(0) UV(0.84529 0.19106 0.84529 0.19106 0.84529 0.19106)
		3 V(2 9 1) M(0) UV(0.84529 0.19106 0.84529 0.19106 0.84529 0.19106)
	}
}
Eof
