Metasequoia Document
Format Text Ver 1.1

Scene {
	pos -0.0001 0.0000 3207.0728
	lookat 10.5359 94.2021 -26.6069
	head -0.9136
	pich 0.3208
	bank 0.0000
	ortho 0
	zoom2 2.3386
	amb 0.250 0.250 0.250
	dirlights 1 {
		light {
			dir 0.408 0.408 0.816
			color 1.000 1.000 1.000
		}
	}
}
Material 1 {
	"mat1" shader(3) col(1.000 1.000 1.000 1.000) dif(0.800) amb(0.600) emi(0.000) spc(0.000) power(5.00) tex("..\..\textures\vehicles\hesco-barriers.png")
}
Object "$body" {
	depth 0
	folding 0
	scale 1.000000 1.000000 1.000000
	rotation 0.000000 0.000000 0.000000
	translation 0.000000 0.000000 0.000000
	visible 15
	locking 0
	shading 1
	facet 59.5
	color 0.898 0.498 0.698
	color_type 0
	vertex 48 {
		-100.2427 212.2039 99.2769
		-100.2427 -76.4227 99.2769
		106.1627 212.2039 99.2769
		106.1627 -76.4227 99.2769
		106.1627 212.2039 -99.8438
		106.1627 -76.4227 -99.8438
		-100.2427 212.2039 -99.8438
		-100.2427 -76.4227 -99.8438
		-100.2427 169.0093 99.2769
		106.1627 169.0093 99.2769
		106.1627 169.0093 -99.8438
		-100.2427 169.0093 -99.8438
		-100.2427 194.6396 -99.8438
		-72.0652 202.0277 -99.8438
		-28.3630 196.8324 -99.8438
		21.8768 178.3070 -99.8438
		67.5500 184.6007 -99.8438
		106.1627 191.1209 -99.8438
		-100.2427 195.0309 -66.5936
		-66.4691 203.8983 -44.9830
		-20.5338 194.3423 -24.3778
		27.2478 180.6243 -43.9991
		76.3872 172.7900 -51.8327
		106.1627 185.5635 -57.6057
		-100.2427 191.5393 -19.9735
		-64.8320 193.6921 12.7702
		-25.3787 182.8219 32.3747
		33.9781 187.2876 -20.8368
		78.6553 175.3129 -8.5129
		106.1627 189.5109 -4.2964
		-100.2427 189.7112 36.6226
		-62.6981 187.1557 50.6398
		-1.8924 200.9866 32.8439
		45.4768 184.8514 -0.4131
		74.4004 186.9850 26.6015
		106.1627 198.2055 33.9831
		-100.2427 195.8804 75.3623
		-74.0681 198.1102 79.3260
		-15.4491 175.8895 60.3139
		28.8006 205.0879 41.4229
		57.1690 203.3346 69.2601
		106.1627 206.2347 61.0484
		-100.2427 194.8329 99.2769
		-65.6312 200.2523 99.2769
		-24.5428 193.2092 99.2769
		24.8138 187.4741 99.2769
		67.1236 193.8788 99.2769
		106.1627 197.5411 99.2769
	}
	face 66 {
		3 V(2 3 1) M(0) UV(0.97236 0.37691 0.97236 0.98234 0.02218 0.98234)
		3 V(2 1 0) M(0) UV(0.97236 0.37691 0.02218 0.98234 0.02218 0.37691)
		3 V(4 5 3) M(0) UV(0.97212 0.37691 0.97212 0.98235 0.02220 0.98235)
		3 V(4 3 2) M(0) UV(0.97212 0.37691 0.02220 0.98235 0.02220 0.37691)
		3 V(6 7 5) M(0) UV(0.02218 0.37691 0.02218 0.98234 0.97236 0.98234)
		3 V(6 5 4) M(0) UV(0.02218 0.37691 0.97236 0.98234 0.97236 0.37691)
		3 V(0 1 7) M(0) UV(0.02220 0.37691 0.02220 0.98235 0.97212 0.98235)
		3 V(0 7 6) M(0) UV(0.02220 0.37691 0.97212 0.98235 0.97212 0.37691)
		3 V(11 6 4) M(0) UV(0.02218 0.49256 0.02218 0.37691 0.97236 0.37691)
		3 V(11 4 10) M(0) UV(0.02218 0.49256 0.97236 0.37691 0.97236 0.49256)
		3 V(10 4 2) M(0) UV(0.97212 0.49259 0.97212 0.37691 0.02220 0.37691)
		3 V(10 2 9) M(0) UV(0.97212 0.49259 0.02220 0.37691 0.02220 0.49259)
		3 V(9 2 0) M(0) UV(0.97236 0.49256 0.97236 0.37691 0.02218 0.37691)
		3 V(9 0 8) M(0) UV(0.97236 0.49256 0.02218 0.37691 0.02218 0.49256)
		3 V(8 0 6) M(0) UV(0.02220 0.49259 0.02220 0.37691 0.97212 0.37691)
		3 V(8 6 11) M(0) UV(0.02220 0.49259 0.97212 0.37691 0.97212 0.49259)
		3 V(13 19 18) M(0) UV(0.12525 0.00408 0.14615 0.09727 0.02001 0.06056)
		3 V(13 18 12) M(0) UV(0.12525 0.00408 0.02001 0.06056 0.02001 0.00408)
		3 V(14 20 19) M(0) UV(0.28847 0.00408 0.31771 0.13227 0.14615 0.09727)
		3 V(14 19 13) M(0) UV(0.28847 0.00408 0.14615 0.09727 0.12525 0.00408)
		3 V(14 15 21) M(0) UV(0.28847 0.00408 0.47611 0.00408 0.49617 0.09894)
		3 V(14 21 20) M(0) UV(0.28847 0.00408 0.49617 0.09894 0.31771 0.13227)
		3 V(16 22 21) M(0) UV(0.64669 0.00408 0.67969 0.08563 0.49617 0.09894)
		3 V(16 21 15) M(0) UV(0.64669 0.00408 0.49617 0.09894 0.47611 0.00408)
		3 V(16 17 23) M(0) UV(0.64669 0.00408 0.79090 0.00408 0.79090 0.07583)
		3 V(16 23 22) M(0) UV(0.64669 0.00408 0.79090 0.07583 0.67969 0.08563)
		3 V(19 25 24) M(0) UV(0.14615 0.09727 0.15227 0.19537 0.02001 0.13975)
		3 V(19 24 18) M(0) UV(0.14615 0.09727 0.02001 0.13975 0.02001 0.06056)
		3 V(20 26 25) M(0) UV(0.31771 0.13227 0.29962 0.22867 0.15227 0.19537)
		3 V(20 25 19) M(0) UV(0.31771 0.13227 0.15227 0.19537 0.14615 0.09727)
		3 V(20 21 27) M(0) UV(0.31771 0.13227 0.49617 0.09894 0.52130 0.13828)
		3 V(20 27 26) M(0) UV(0.31771 0.13227 0.52130 0.13828 0.29962 0.22867)
		3 V(22 28 27) M(0) UV(0.67969 0.08563 0.68816 0.15921 0.52130 0.13828)
		3 V(22 27 21) M(0) UV(0.67969 0.08563 0.52130 0.13828 0.49617 0.09894)
		3 V(23 29 28) M(0) UV(0.79090 0.07583 0.79090 0.16638 0.68816 0.15921)
		3 V(23 28 22) M(0) UV(0.79090 0.07583 0.68816 0.15921 0.67969 0.08563)
		3 V(25 31 30) M(0) UV(0.15227 0.19537 0.16023 0.25969 0.02001 0.23588)
		3 V(25 30 24) M(0) UV(0.15227 0.19537 0.02001 0.23588 0.02001 0.13975)
		3 V(26 32 31) M(0) UV(0.29962 0.22867 0.38733 0.22946 0.16023 0.25969)
		3 V(26 31 25) M(0) UV(0.29962 0.22867 0.16023 0.25969 0.15227 0.19537)
		3 V(27 33 32) M(0) UV(0.52130 0.13828 0.56425 0.17297 0.38733 0.22946)
		3 V(27 32 26) M(0) UV(0.52130 0.13828 0.38733 0.22946 0.29962 0.22867)
		3 V(28 34 33) M(0) UV(0.68816 0.15921 0.67227 0.21886 0.56425 0.17297)
		3 V(28 33 27) M(0) UV(0.68816 0.15921 0.56425 0.17297 0.52130 0.13828)
		3 V(29 35 34) M(0) UV(0.79090 0.16638 0.79090 0.23140 0.67227 0.21886)
		3 V(29 34 28) M(0) UV(0.79090 0.16638 0.67227 0.21886 0.68816 0.15921)
		3 V(31 37 36) M(0) UV(0.16023 0.25969 0.11777 0.31977 0.02001 0.30168)
		3 V(31 36 30) M(0) UV(0.16023 0.25969 0.02001 0.30168 0.02001 0.23588)
		3 V(31 32 38) M(0) UV(0.16023 0.25969 0.38733 0.22946 0.33670 0.27612)
		3 V(31 38 37) M(0) UV(0.16023 0.25969 0.33670 0.27612 0.11777 0.31977)
		3 V(32 33 39) M(0) UV(0.38733 0.22946 0.56425 0.17297 0.50197 0.24403)
		3 V(32 39 38) M(0) UV(0.38733 0.22946 0.50197 0.24403 0.33670 0.27612)
		3 V(34 40 39) M(0) UV(0.67227 0.21886 0.60792 0.29132 0.50197 0.24403)
		3 V(34 39 33) M(0) UV(0.67227 0.21886 0.50197 0.24403 0.56425 0.17297)
		3 V(34 35 41) M(0) UV(0.67227 0.21886 0.79090 0.23140 0.79090 0.27737)
		3 V(34 41 40) M(0) UV(0.67227 0.21886 0.79090 0.27737 0.60792 0.29132)
		3 V(37 43 42) M(0) UV(0.11777 0.31977 0.14928 0.35366 0.02001 0.35366)
		3 V(37 42 36) M(0) UV(0.11777 0.31977 0.02001 0.35366 0.02001 0.30168)
		3 V(38 44 43) M(0) UV(0.33670 0.27612 0.30274 0.35366 0.14928 0.35366)
		3 V(38 43 37) M(0) UV(0.33670 0.27612 0.14928 0.35366 0.11777 0.31977)
		3 V(38 39 45) M(0) UV(0.33670 0.27612 0.50197 0.24403 0.48708 0.35366)
		3 V(38 45 44) M(0) UV(0.33670 0.27612 0.48708 0.35366 0.30274 0.35366)
		3 V(40 46 45) M(0) UV(0.60792 0.29132 0.64509 0.35366 0.48708 0.35366)
		3 V(40 45 39) M(0) UV(0.60792 0.29132 0.48708 0.35366 0.50197 0.24403)
		3 V(41 47 46) M(0) UV(0.79090 0.27737 0.79090 0.35366 0.64509 0.35366)
		3 V(41 46 40) M(0) UV(0.79090 0.27737 0.64509 0.35366 0.60792 0.29132)
	}
}
Eof
