Metasequoia Document
Format Text Ver 1.1

Scene {
	pos 724.3329 359.1523 5042.2485
	lookat 173.7373 426.1536 -1074.4911
	head -0.6008
	pich 0.3308
	bank 0.0000
	ortho 0
	zoom2 1.1415
	amb 0.250 0.250 0.250
	dirlights 1 {
		light {
			dir 0.408 0.408 0.816
			color 1.000 1.000 1.000
		}
	}
}
Material 1 {
	"mat1" shader(3) col(1.000 1.000 1.000 1.000) dif(0.800) amb(0.600) emi(0.000) spc(0.000) power(5.00)
}
Object "$body" {
	depth 0
	folding 0
	scale 1.000000 1.000000 1.000000
	rotation 0.000000 0.000000 0.000000
	translation 0.000000 0.000000 0.000000
	visible 15
	locking 0
	shading 1
	facet 59.5
	color 0.898 0.498 0.698
	color_type 0
	vertex 504 {
		-775.1328 5.9297 -972.9493
		-658.7327 5.9302 -1220.4520
		-658.7327 -23.4140 -1220.4520
		-775.1329 -23.4145 -972.9495
		-745.9538 5.9296 -958.7023
		-745.9539 -23.4146 -958.7024
		-622.3856 5.9301 -1202.7054
		-622.3855 -23.4141 -1202.7054
		-710.8747 5.9295 -940.1434
		-578.6885 5.9300 -1179.5873
		-578.6885 -23.4142 -1179.5873
		-710.8748 -23.4146 -940.1434
		-682.6819 5.9295 -924.0377
		-682.6821 -23.4147 -924.0377
		-543.5696 5.9299 -1159.5250
		-543.5696 -23.4143 -1159.5250
		-841.3871 5.9298 -1001.5272
		-741.2617 5.9303 -1256.0494
		-741.2617 -23.4138 -1256.0494
		-841.3872 -23.4144 -1001.5273
		-811.3437 5.9297 -989.1987
		-811.3438 -23.4144 -989.1989
		-703.8384 5.9303 -1240.6927
		-703.8384 -23.4139 -1240.6927
		-648.8839 5.9294 -903.2489
		-501.4677 5.9298 -1133.6290
		-501.4676 -23.4143 -1133.6290
		-648.8840 -23.4148 -903.2490
		-621.7962 5.9294 -885.3528
		-621.7963 -23.4148 -885.3529
		-467.7244 5.9298 -1111.3361
		-467.7242 -23.4144 -1111.3358
		-589.4164 5.9293 -862.4196
		-427.3882 5.9297 -1082.7677
		-427.3882 -23.4145 -1082.7677
		-589.4164 -23.4149 -862.4196
		-563.5468 5.9292 -842.8081
		-563.5468 -23.4149 -842.8082
		-395.1620 5.9296 -1058.3378
		-395.1619 -23.4146 -1058.3378
		-532.7253 5.9292 -817.8300
		-356.7664 5.9295 -1027.2218
		-356.7664 -23.4147 -1027.2218
		-532.7254 -23.4150 -817.8300
		-508.1828 5.9291 -796.5865
		-508.1828 -23.4150 -796.5867
		-326.1926 5.9294 -1000.7581
		-326.1925 -23.4147 -1000.7579
		-479.0439 5.9291 -769.6646
		-289.8924 5.9294 -967.2200
		-289.8925 -23.4148 -967.2200
		-479.0440 -23.4151 -769.6647
		-455.9307 5.9290 -746.8781
		-455.9308 -23.4151 -746.8781
		-261.0987 5.9293 -938.8335
		-261.0987 -23.4149 -938.8336
		-428.6014 5.9290 -718.1302
		-227.0522 5.9292 -903.0204
		-227.0522 -23.4150 -903.0205
		-428.6014 -23.4152 -718.1304
		-407.0126 5.9289 -693.8948
		-407.0126 -23.4153 -693.8949
		-200.1570 5.9292 -872.8282
		-200.1570 -23.4150 -872.8282
		-381.6048 5.9289 -663.4399
		-168.5037 5.9291 -834.8878
		-168.5038 -23.4151 -834.8878
		-381.6048 -23.4153 -663.4399
		-361.6347 5.9288 -637.8617
		-361.6347 -23.4153 -637.8617
		-143.6246 5.9290 -803.0225
		-143.6246 -23.4151 -803.0225
		-338.2541 5.9288 -605.8270
		-114.4963 5.9290 -763.1130
		-114.4963 -23.4152 -763.1130
		-338.2541 -23.4154 -605.8270
		-319.9842 5.9287 -579.0116
		-319.9842 -23.4154 -579.0116
		-91.7350 5.9289 -729.7054
		-91.7350 -23.4153 -729.7056
		-298.7293 5.9287 -545.5327
		-65.2541 5.9289 -687.9962
		-65.2542 -23.4153 -687.9962
		-298.7293 -23.4155 -545.5327
		-282.2360 5.9287 -517.5928
		-282.2360 -23.4155 -517.5928
		-44.7059 5.9288 -653.1873
		-44.7059 -23.4154 -653.1873
		-263.1953 5.9286 -482.8099
		-20.9834 5.9288 -609.8525
		-20.9834 -23.4154 -609.8525
		-263.1953 -23.4156 -482.8099
		-248.5484 5.9286 -453.8643
		-248.5484 -23.4156 -453.8643
		-2.7347 5.9287 -573.7899
		-2.7348 -23.4155 -573.7900
		-1264.8206 5.9306 -1078.7379
		-1268.6731 5.9314 -1352.2186
		-1268.6731 -23.4128 -1352.2189
		-1264.8206 -23.4136 -1078.7379
		-1232.3256 5.9305 -1078.7208
		-1232.3256 -23.4136 -1078.7211
		-1228.2006 5.9313 -1352.1979
		-1228.2004 -23.4128 -1352.1979
		-1192.6382 5.9305 -1077.4135
		-1178.7698 5.9312 -1350.5695
		-1178.7695 -23.4130 -1350.5695
		-1192.6382 -23.4137 -1077.4135
		-1160.2156 5.9304 -1075.2921
		-1160.2156 -23.4138 -1075.2921
		-1138.3867 5.9311 -1347.9276
		-1138.3866 -23.4130 -1347.9274
		-1120.7000 5.9303 -1071.4171
		-1089.1688 5.9310 -1343.1017
		-1089.1686 -23.4131 -1343.1014
		-1120.7000 -23.4138 -1071.4174
		-1088.4884 5.9303 -1067.2010
		-1088.4884 -23.4139 -1067.2010
		-1049.0479 5.9310 -1337.8502
		-1049.0477 -23.4132 -1337.8502
		-1049.3102 5.9302 -1060.7758
		-1000.2493 5.9309 -1329.8475
		-1000.2493 -23.4133 -1329.8475
		-1049.3102 -23.4140 -1060.7758
		-1017.4395 5.9302 -1054.4821
		-1017.4396 -23.4140 -1054.4821
		-960.5524 5.9308 -1322.0087
		-960.5525 -23.4134 -1322.0087
		-978.7620 5.9301 -1045.5333
		-912.3764 5.9307 -1310.8622
		-912.3765 -23.4135 -1310.8624
		-978.7621 -23.4141 -1045.5333
		-947.3713 5.9300 -1037.1901
		-947.3714 -23.4142 -1037.1903
		-873.2768 5.9306 -1300.4706
		-873.2767 -23.4136 -1300.4706
		-909.3568 5.9299 -1025.7555
		-825.9258 5.9305 -1286.2279
		-825.9258 -23.4137 -1286.2279
		-909.3569 -23.4142 -1025.7557
		-878.5752 5.9299 -1015.3978
		-878.5753 -23.4143 -1015.3978
		-787.5840 5.9304 -1273.3263
		-787.5840 -23.4137 -1273.3263
		-204.6792 5.9285 -351.1481
		51.9224 5.9286 -445.8160
		51.9224 -23.4156 -445.8161
		-204.6792 -23.4157 -351.1482
		-193.8983 5.9285 -320.5563
		-193.8983 -23.4157 -320.5565
		65.3549 5.9285 -407.7011
		65.3549 -23.4156 -407.7011
		-231.8020 5.9286 -417.9244
		18.1296 5.9287 -529.0131
		18.1296 -23.4155 -529.0131
		-231.8020 -23.4156 -417.9245
		-219.0615 5.9285 -388.0937
		-219.0615 -23.4156 -388.0937
		34.0031 5.9286 -491.8469
		34.0031 -23.4156 -491.8469
		-181.2876 5.6431 -282.9556
		79.6005 5.6432 -360.4177
		79.6005 -23.7010 -360.4177
		-181.2876 -23.7011 -282.9557
		-172.5059 5.6431 -251.7135
		-172.5059 -23.7011 -251.7137
		90.5300 5.6431 -321.5348
		90.5300 -23.7010 -321.5348
		-142.0029 5.9284 -82.1111
		130.0159 5.9284 -110.6101
		130.0159 -23.4158 -110.6101
		-142.0029 -23.4158 -82.1112
		-139.0965 5.9284 -49.8186
		-139.0965 -23.4158 -49.8186
		133.6372 5.9284 -70.3698
		133.6372 -23.4158 -70.3699
		-151.8253 5.9284 -153.4888
		117.7771 5.9284 -199.5428
		117.7771 -23.4158 -199.5429
		-151.8253 -23.4158 -153.4889
		-146.8327 5.9284 -121.4480
		-146.8327 -23.4158 -121.4480
		123.9980 5.9284 -159.6204
		123.9980 -23.4158 -159.6204
		-165.5882 5.6431 -224.2439
		99.1398 5.6431 -287.3466
		99.1398 -23.7011 -287.3466
		-165.5882 -23.7011 -224.2440
		-158.5263 5.6431 -192.5726
		-158.5263 -23.7011 -192.5726
		107.9294 5.6431 -247.9289
		107.9294 -23.7011 -247.9290
		-79.7481 23.2318 2.3994
		-1274.9613 23.2321 -1135.6259
		-1274.9615 5.3504 -1135.6259
		-79.7481 5.3485 2.3994
		-1275.0792 23.2321 -1142.8961
		-72.5055 23.2318 2.1299
		-72.5055 5.3485 2.1299
		-1275.0795 5.3504 -1142.8961
		72.4003 23.2318 -3.3279
		-1277.1558 23.2324 -1288.2926
		-1277.1560 5.3507 -1288.2926
		72.4003 5.3485 -3.3279
		-1277.3115 23.2324 -1295.5631
		79.6440 23.2318 -3.6040
		79.6440 5.3485 -3.6040
		-1277.3118 5.3507 -1295.5631
		-445.6304 23.2320 -810.0135
		-445.6306 5.3495 -810.0135
		-443.1358 23.2320 -812.6229
		-440.6328 5.3495 -815.2415
		-340.0629 23.2322 -919.7681
		-340.0627 5.3497 -919.7678
		-337.5382 23.2322 -922.3735
		-335.0320 5.3497 -924.9926
		-440.6328 23.2320 -815.2415
		-335.0320 23.2322 -924.9926
		-445.6304 14.3068 -810.0135
		-440.6328 14.2744 -815.2415
		-443.1275 5.3495 -812.6320
		-340.0627 14.3140 -919.7678
		-335.0320 14.2675 -924.9926
		-337.5254 5.3497 -922.3868
		-588.4692 23.2321 -926.3446
		-588.4692 12.5024 -926.3448
		-585.9697 23.2321 -929.9385
		-584.3456 5.3497 -932.3331
		-502.5348 23.2323 -1052.1842
		-502.5347 12.4953 -1052.1842
		-500.0415 23.2323 -1055.7841
		-498.4242 5.3499 -1058.1801
		-584.3457 23.2321 -932.3334
		-498.4242 23.2323 -1058.1801
		-588.4692 5.3497 -926.3446
		-584.3458 16.0797 -932.3334
		-586.7826 5.3497 -928.7394
		-502.5347 5.3499 -1052.1842
		-498.4242 16.0872 -1058.1801
		-500.8860 5.3499 -1054.5800
		-514.7933 23.2320 -870.9670
		-514.7933 5.3496 -870.9670
		-512.2637 23.2320 -874.0597
		-510.2166 5.3496 -876.5942
		-418.6663 23.2322 -989.1611
		-418.6662 5.3498 -989.1611
		-416.1395 23.2322 -992.2546
		-414.0943 5.3498 -994.7905
		-510.2167 23.2320 -876.5942
		-414.0945 23.2322 -994.7905
		-514.7932 13.4048 -870.9670
		-510.2167 15.1769 -876.5942
		-512.7148 5.3496 -873.5013
		-418.6662 13.4049 -989.1611
		-414.0945 15.1771 -994.7905
		-416.5896 5.3498 -991.6965
		-672.8178 23.2321 -979.6316
		-672.8177 11.5248 -979.6316
		-670.4809 23.2321 -983.7545
		-669.2173 5.3498 -985.9290
		-597.0806 23.2323 -1111.9020
		-597.0807 11.5251 -1111.9020
		-594.7479 23.2323 -1116.0267
		-593.4861 5.3501 -1118.2020
		-669.2175 23.2321 -985.9290
		-593.4861 23.2323 -1118.2015
		-672.8177 5.3498 -979.6316
		-669.2175 17.0571 -985.9290
		-671.5855 5.3498 -981.8055
		-597.0806 5.3501 -1111.9020
		-593.4861 17.0573 -1118.2018
		-595.8504 5.3501 -1114.0773
		-753.6385 23.2321 -1021.9408
		-753.6385 10.6310 -1021.9408
		-751.4125 23.2321 -1026.5482
		-750.4617 5.3499 -1028.4791
		-687.3049 23.2323 -1159.2059
		-687.3049 10.6413 -1159.2059
		-685.0768 23.2324 -1163.8068
		-684.1534 5.3502 -1165.7399
		-750.4617 23.2321 -1028.4791
		-684.1534 23.2324 -1165.7399
		-753.6385 5.3499 -1021.9408
		-750.4617 17.9506 -1028.4791
		-752.6877 5.3499 -1023.8712
		-687.3049 5.3502 -1159.2059
		-684.1534 17.9408 -1165.7399
		-686.3505 5.3502 -1161.1390
		-844.5827 23.2321 -1060.5719
		-844.5827 9.6622 -1060.5719
		-842.6791 23.2321 -1065.7316
		-842.0745 5.3500 -1067.3710
		-791.0692 23.2324 -1203.3619
		-791.0692 9.6624 -1203.3622
		-789.1708 23.2324 -1208.5223
		-788.5048 5.3503 -1210.1620
		-842.0745 23.2321 -1067.3710
		-788.5048 23.2324 -1210.1620
		-844.5827 5.3500 -1060.5719
		-842.0745 18.9200 -1067.3710
		-843.9778 5.3500 -1062.2108
		-791.0692 5.3503 -1203.3622
		-788.5048 18.9202 -1210.1620
		-790.4658 5.3503 -1205.0016
		-928.0043 23.2321 -1088.4222
		-928.0043 8.7998 -1088.4222
		-926.3642 23.2321 -1094.0502
		-925.9799 5.3501 -1095.3944
		-885.2774 23.2324 -1234.8453
		-885.2775 8.8001 -1234.8453
		-883.6115 23.2324 -1240.4730
		-883.2283 5.3504 -1241.8185
		-925.9799 23.2321 -1095.3944
		-883.2283 23.2324 -1241.8182
		-928.0042 5.3501 -1088.4222
		-925.9799 19.7824 -1095.3944
		-927.5884 5.3501 -1089.7672
		-885.2774 5.3504 -1234.8453
		-883.2283 19.7827 -1241.8185
		-884.8941 5.3504 -1236.1903
		-1020.6564 23.2321 -1111.5170
		-1020.6563 7.8629 -1111.5170
		-1019.4406 23.2321 -1117.6415
		-1019.2471 5.3502 -1118.6420
		-990.9285 23.2324 -1261.1720
		-990.9285 7.8541 -1261.1720
		-989.6962 23.2324 -1267.3024
		-989.5058 5.3505 -1268.3002
		-1019.2471 23.2321 -1118.6420
		-989.5058 23.2324 -1268.2999
		-1020.6563 5.3502 -1111.5170
		-1019.2471 20.7199 -1118.6420
		-1020.4313 5.3502 -1112.5177
		-990.9285 5.3505 -1261.1720
		-989.5059 20.7292 -1268.3002
		-990.7380 5.3505 -1262.1700
		-1120.7001 23.2321 -1127.7047
		-1120.7001 6.8681 -1127.7047
		-1119.9023 23.2321 -1134.3102
		-1119.8345 5.3503 -1134.9230
		-1102.8972 23.2324 -1279.2848
		-1102.8972 6.8684 -1279.2848
		-1102.1370 23.2324 -1285.8910
		-1102.0385 5.3506 -1286.5035
		-1119.8342 23.2321 -1134.9227
		-1102.0382 23.2324 -1286.5035
		-1120.7003 5.3503 -1127.7047
		-1119.8342 21.7142 -1134.9227
		-1120.6323 5.3503 -1128.3170
		-1102.8975 5.3506 -1279.2848
		-1102.0382 21.7146 -1286.5035
		-1102.8300 5.3506 -1279.8976
		-1209.4384 23.2321 -1134.7543
		-1209.4386 5.9939 -1134.7543
		-1209.1254 23.2321 -1141.7548
		-1209.1151 5.3503 -1142.0162
		-1202.2751 23.2324 -1287.2462
		-1202.2753 6.0017 -1287.2462
		-1201.9910 23.2324 -1294.2430
		-1201.9803 5.3506 -1294.5079
		-1209.4386 5.3503 -1134.7543
		-1209.1149 22.5882 -1142.0162
		-1202.2754 5.3506 -1287.2462
		-1201.9801 22.5810 -1294.5079
		-378.5186 23.2320 -740.5453
		-378.5185 5.3494 -740.5452
		-373.0961 23.2320 -745.3306
		-373.0960 13.3288 -745.3306
		-376.0985 23.2320 -742.6810
		-375.5161 5.3494 -743.1948
		-264.0290 23.2321 -840.9688
		-264.0290 5.3495 -840.9689
		-258.5702 23.2321 -845.7474
		-258.5701 13.3183 -845.7474
		-261.5789 23.2321 -843.0985
		-260.9889 5.3495 -843.6179
		-378.5186 15.2521 -740.5454
		-373.0961 5.3494 -745.3308
		-264.0290 15.2628 -840.9688
		-258.5702 5.3495 -845.7474
		-318.2800 23.2319 -667.1029
		-318.2799 5.3493 -667.1030
		-312.4881 23.2319 -671.4753
		-312.4880 12.3998 -671.4753
		-315.9771 23.2319 -668.8269
		-314.7596 5.3493 -669.7512
		-196.8053 23.2321 -758.9639
		-196.8053 5.3494 -758.9639
		-191.0480 23.2321 -763.3398
		-191.0480 12.3999 -763.3398
		-194.5353 23.2321 -760.6896
		-193.3181 5.3494 -761.6149
		-318.2799 16.1814 -667.1028
		-312.4879 5.3493 -671.4753
		-196.8053 16.1816 -758.9639
		-191.0480 5.3494 -763.3398
		-266.0768 23.2319 -592.2045
		-266.0767 5.3492 -592.2045
		-260.0236 23.2319 -596.1637
		-260.0235 11.5076 -596.1637
		-263.9920 23.2319 -593.5681
		-262.1084 5.3492 -594.8002
		-138.5930 23.2320 -675.5148
		-138.5930 5.3493 -675.5150
		-132.5507 23.2320 -679.4901
		-132.5507 11.5191 -679.4904
		-136.5083 23.2320 -676.8864
		-134.6355 5.3493 -678.1188
		-266.0768 17.0741 -592.2045
		-260.0237 5.3492 -596.1639
		-138.5931 17.0628 -675.5148
		-132.5507 5.3493 -679.4901
		-218.3483 23.2319 -510.7168
		-218.3482 5.3491 -510.7168
		-211.9474 23.2319 -514.0890
		-211.9474 10.5831 -514.0890
		-216.4744 23.2319 -511.7041
		-213.8213 5.3491 -513.1017
		-83.5140 23.2320 -581.4692
		-83.5140 5.3491 -581.4695
		-77.0785 23.2320 -584.8352
		-77.0785 10.5739 -584.8352
		-81.6428 23.2320 -582.4530
		-78.9810 5.3492 -583.8517
		-218.3482 17.9974 -510.7168
		-211.9474 5.3491 -514.0890
		-83.5140 18.0068 -581.4692
		-77.0785 5.3492 -584.8352
		-177.6360 23.2319 -426.5990
		-177.6360 5.3489 -426.5990
		-170.9850 23.2318 -429.4506
		-170.9848 9.6696 -429.4506
		-176.0286 23.2319 -427.2881
		-172.5923 5.3489 -428.7614
		-37.6082 23.2319 -486.4203
		-37.6082 5.3490 -486.4203
		-30.9538 23.2319 -489.2652
		-30.9538 9.6598 -489.2650
		-36.0041 23.2319 -487.1061
		-32.5580 5.3490 -488.5794
		-177.6360 18.9107 -426.5990
		-170.9848 5.3489 -429.4506
		-37.6082 18.9207 -486.4203
		-30.9538 5.3490 -489.2650
		-143.3451 23.2318 -338.4716
		-143.3451 5.3489 -338.4716
		-136.4868 23.2318 -340.8778
		-136.4868 8.7465 -340.8778
		-142.0479 23.2318 -338.9288
		-137.7842 5.3488 -340.4206
		0.2557 23.2319 -389.1832
		0.2557 5.3489 -389.1832
		7.0771 23.2319 -391.6074
		7.0771 8.7573 -391.6074
		1.5558 23.2319 -389.6452
		5.7769 5.3489 -391.1449
		-143.3451 19.8347 -338.4716
		-136.4868 5.3488 -340.8778
		0.2557 19.8240 -389.1832
		7.0771 5.3489 -391.6074
		-116.3408 23.2318 -248.5470
		-116.3408 5.3487 -248.5470
		-109.2972 23.2318 -250.3523
		-109.2972 7.8287 -250.3523
		-115.3681 23.2318 -248.7974
		-110.2699 5.3488 -250.1018
		31.1114 23.2319 -286.5171
		31.1114 5.3488 -286.5171
		38.1233 23.2319 -288.3278
		38.1234 7.8288 -288.3276
		32.0839 23.2319 -286.7682
		37.1508 5.3488 -288.0767
		-116.3408 20.7518 -248.5470
		-109.2972 5.3488 -250.3523
		31.1114 20.7519 -286.5171
		38.1234 5.3488 -288.3276
		-96.8837 23.2318 -158.7872
		-96.8837 5.3486 -158.7872
		-89.7500 23.2318 -160.0430
		-89.7500 6.9318 -160.0430
		-96.2521 23.2318 -158.8985
		-90.3818 5.3487 -159.9317
		53.0309 23.2318 -185.2204
		53.0309 5.3487 -185.2201
		60.1960 23.2318 -186.4819
		60.1960 6.9318 -186.4819
		53.6625 23.2318 -185.3318
		59.5645 5.3487 -186.3703
		-96.8837 21.6487 -158.7872
		-89.7500 5.3487 -160.0430
		53.0309 21.6487 -185.2204
		60.1960 5.3487 -186.4819
		-84.2693 23.2318 -66.0059
		-84.2693 5.3486 -66.0059
		-77.0562 23.2318 -66.6940
		-77.0562 6.0176 -66.6940
		-77.3261 5.3486 -66.6681
		67.2566 23.2318 -80.5188
		67.2566 5.3486 -80.5188
		74.4703 23.2318 -81.2130
		74.4703 6.0176 -81.2130
		74.2006 5.3486 -81.1871
		-84.2693 22.5628 -66.0059
		67.2566 22.5628 -80.5188
	}
	face 904 {
		3 V(2 1 0) M(0) UV(0.08756 0.64137 0.08756 0.64137 0.83800 0.60985)
		3 V(3 2 0) M(0) UV(0.83800 0.60985 0.08756 0.64137 0.83800 0.60985)
		3 V(3 0 4) M(0) UV(0.83800 0.60985 0.83800 0.60985 0.92659 0.86731)
		3 V(5 3 4) M(0) UV(0.92659 0.86731 0.83800 0.60985 0.92659 0.86731)
		3 V(5 4 6) M(0) UV(0.92659 0.86731 0.92659 0.86731 0.00705 0.86731)
		3 V(7 5 6) M(0) UV(0.00705 0.86731 0.92659 0.86731 0.00705 0.86731)
		3 V(7 6 1) M(0) UV(0.00705 0.86731 0.00705 0.86731 0.08756 0.64137)
		3 V(2 7 1) M(0) UV(0.08756 0.64137 0.00705 0.86731 0.08756 0.64137)
		3 V(4 0 1) M(0) UV(0.92659 0.86731 0.83800 0.60985 0.08756 0.64137)
		3 V(6 4 1) M(0) UV(0.00705 0.86731 0.92659 0.86731 0.08756 0.64137)
		3 V(10 9 8) M(0) UV(0.08756 0.64137 0.08756 0.64137 0.83800 0.60985)
		3 V(11 10 8) M(0) UV(0.83800 0.60985 0.08756 0.64137 0.83800 0.60985)
		3 V(11 8 12) M(0) UV(0.83800 0.60985 0.83800 0.60985 0.92659 0.86731)
		3 V(13 11 12) M(0) UV(0.92659 0.86731 0.83800 0.60985 0.92659 0.86731)
		3 V(13 12 14) M(0) UV(0.92659 0.86731 0.92659 0.86731 0.00705 0.86731)
		3 V(15 13 14) M(0) UV(0.00705 0.86731 0.92659 0.86731 0.00705 0.86731)
		3 V(15 14 9) M(0) UV(0.00705 0.86731 0.00705 0.86731 0.08756 0.64137)
		3 V(10 15 9) M(0) UV(0.08756 0.64137 0.00705 0.86731 0.08756 0.64137)
		3 V(12 8 9) M(0) UV(0.92659 0.86731 0.83800 0.60985 0.08756 0.64137)
		3 V(14 12 9) M(0) UV(0.00705 0.86731 0.92659 0.86731 0.08756 0.64137)
		3 V(18 17 16) M(0) UV(0.08756 0.64137 0.08756 0.64137 0.83800 0.60985)
		3 V(19 18 16) M(0) UV(0.83800 0.60985 0.08756 0.64137 0.83800 0.60985)
		3 V(19 16 20) M(0) UV(0.83800 0.60985 0.83800 0.60985 0.92659 0.86731)
		3 V(21 19 20) M(0) UV(0.92659 0.86731 0.83800 0.60985 0.92659 0.86731)
		3 V(21 20 22) M(0) UV(0.92659 0.86731 0.92659 0.86731 0.00705 0.86731)
		3 V(23 21 22) M(0) UV(0.00705 0.86731 0.92659 0.86731 0.00705 0.86731)
		3 V(23 22 17) M(0) UV(0.00705 0.86731 0.00705 0.86731 0.08756 0.64137)
		3 V(18 23 17) M(0) UV(0.08756 0.64137 0.00705 0.86731 0.08756 0.64137)
		3 V(20 16 17) M(0) UV(0.92659 0.86731 0.83800 0.60985 0.08756 0.64137)
		3 V(22 20 17) M(0) UV(0.00705 0.86731 0.92659 0.86731 0.08756 0.64137)
		3 V(26 25 24) M(0) UV(0.08756 0.64137 0.08756 0.64137 0.83800 0.60985)
		3 V(27 26 24) M(0) UV(0.83800 0.60985 0.08756 0.64137 0.83800 0.60985)
		3 V(27 24 28) M(0) UV(0.83800 0.60985 0.83800 0.60985 0.92659 0.86731)
		3 V(29 27 28) M(0) UV(0.92659 0.86731 0.83800 0.60985 0.92659 0.86731)
		3 V(29 28 30) M(0) UV(0.92659 0.86731 0.92659 0.86731 0.00705 0.86731)
		3 V(31 29 30) M(0) UV(0.00705 0.86731 0.92659 0.86731 0.00705 0.86731)
		3 V(31 30 25) M(0) UV(0.00705 0.86731 0.00705 0.86731 0.08756 0.64137)
		3 V(26 31 25) M(0) UV(0.08756 0.64137 0.00705 0.86731 0.08756 0.64137)
		3 V(28 24 25) M(0) UV(0.92659 0.86731 0.83800 0.60985 0.08756 0.64137)
		3 V(30 28 25) M(0) UV(0.00705 0.86731 0.92659 0.86731 0.08756 0.64137)
		3 V(34 33 32) M(0) UV(0.08756 0.64137 0.08756 0.64137 0.83800 0.60985)
		3 V(35 34 32) M(0) UV(0.83800 0.60985 0.08756 0.64137 0.83800 0.60985)
		3 V(35 32 36) M(0) UV(0.83800 0.60985 0.83800 0.60985 0.92659 0.86731)
		3 V(37 35 36) M(0) UV(0.92659 0.86731 0.83800 0.60985 0.92659 0.86731)
		3 V(37 36 38) M(0) UV(0.92659 0.86731 0.92659 0.86731 0.00705 0.86731)
		3 V(39 37 38) M(0) UV(0.00705 0.86731 0.92659 0.86731 0.00705 0.86731)
		3 V(39 38 33) M(0) UV(0.00705 0.86731 0.00705 0.86731 0.08756 0.64137)
		3 V(34 39 33) M(0) UV(0.08756 0.64137 0.00705 0.86731 0.08756 0.64137)
		3 V(36 32 33) M(0) UV(0.92659 0.86731 0.83800 0.60985 0.08756 0.64137)
		3 V(38 36 33) M(0) UV(0.00705 0.86731 0.92659 0.86731 0.08756 0.64137)
		3 V(42 41 40) M(0) UV(0.08756 0.64137 0.08756 0.64137 0.83800 0.60985)
		3 V(43 42 40) M(0) UV(0.83800 0.60985 0.08756 0.64137 0.83800 0.60985)
		3 V(43 40 44) M(0) UV(0.83800 0.60985 0.83800 0.60985 0.92659 0.86731)
		3 V(45 43 44) M(0) UV(0.92659 0.86731 0.83800 0.60985 0.92659 0.86731)
		3 V(45 44 46) M(0) UV(0.92659 0.86731 0.92659 0.86731 0.00705 0.86731)
		3 V(47 45 46) M(0) UV(0.00705 0.86731 0.92659 0.86731 0.00705 0.86731)
		3 V(47 46 41) M(0) UV(0.00705 0.86731 0.00705 0.86731 0.08756 0.64137)
		3 V(42 47 41) M(0) UV(0.08756 0.64137 0.00705 0.86731 0.08756 0.64137)
		3 V(44 40 41) M(0) UV(0.92659 0.86731 0.83800 0.60985 0.08756 0.64137)
		3 V(46 44 41) M(0) UV(0.00705 0.86731 0.92659 0.86731 0.08756 0.64137)
		3 V(50 49 48) M(0) UV(0.08756 0.64137 0.08756 0.64137 0.83800 0.60985)
		3 V(51 50 48) M(0) UV(0.83800 0.60985 0.08756 0.64137 0.83800 0.60985)
		3 V(51 48 52) M(0) UV(0.83800 0.60985 0.83800 0.60985 0.92659 0.86731)
		3 V(53 51 52) M(0) UV(0.92659 0.86731 0.83800 0.60985 0.92659 0.86731)
		3 V(53 52 54) M(0) UV(0.92659 0.86731 0.92659 0.86731 0.00705 0.86731)
		3 V(55 53 54) M(0) UV(0.00705 0.86731 0.92659 0.86731 0.00705 0.86731)
		3 V(55 54 49) M(0) UV(0.00705 0.86731 0.00705 0.86731 0.08756 0.64137)
		3 V(50 55 49) M(0) UV(0.08756 0.64137 0.00705 0.86731 0.08756 0.64137)
		3 V(52 48 49) M(0) UV(0.92659 0.86731 0.83800 0.60985 0.08756 0.64137)
		3 V(54 52 49) M(0) UV(0.00705 0.86731 0.92659 0.86731 0.08756 0.64137)
		3 V(58 57 56) M(0) UV(0.08756 0.64137 0.08756 0.64137 0.83800 0.60985)
		3 V(59 58 56) M(0) UV(0.83800 0.60985 0.08756 0.64137 0.83800 0.60985)
		3 V(59 56 60) M(0) UV(0.83800 0.60985 0.83800 0.60985 0.92659 0.86731)
		3 V(61 59 60) M(0) UV(0.92659 0.86731 0.83800 0.60985 0.92659 0.86731)
		3 V(61 60 62) M(0) UV(0.92659 0.86731 0.92659 0.86731 0.00705 0.86731)
		3 V(63 61 62) M(0) UV(0.00705 0.86731 0.92659 0.86731 0.00705 0.86731)
		3 V(63 62 57) M(0) UV(0.00705 0.86731 0.00705 0.86731 0.08756 0.64137)
		3 V(58 63 57) M(0) UV(0.08756 0.64137 0.00705 0.86731 0.08756 0.64137)
		3 V(60 56 57) M(0) UV(0.92659 0.86731 0.83800 0.60985 0.08756 0.64137)
		3 V(62 60 57) M(0) UV(0.00705 0.86731 0.92659 0.86731 0.08756 0.64137)
		3 V(66 65 64) M(0) UV(0.08756 0.64137 0.08756 0.64137 0.83800 0.60985)
		3 V(67 66 64) M(0) UV(0.83800 0.60985 0.08756 0.64137 0.83800 0.60985)
		3 V(67 64 68) M(0) UV(0.83800 0.60985 0.83800 0.60985 0.92659 0.86731)
		3 V(69 67 68) M(0) UV(0.92659 0.86731 0.83800 0.60985 0.92659 0.86731)
		3 V(69 68 70) M(0) UV(0.92659 0.86731 0.92659 0.86731 0.00705 0.86731)
		3 V(71 69 70) M(0) UV(0.00705 0.86731 0.92659 0.86731 0.00705 0.86731)
		3 V(71 70 65) M(0) UV(0.00705 0.86731 0.00705 0.86731 0.08756 0.64137)
		3 V(66 71 65) M(0) UV(0.08756 0.64137 0.00705 0.86731 0.08756 0.64137)
		3 V(68 64 65) M(0) UV(0.92659 0.86731 0.83800 0.60985 0.08756 0.64137)
		3 V(70 68 65) M(0) UV(0.00705 0.86731 0.92659 0.86731 0.08756 0.64137)
		3 V(74 73 72) M(0) UV(0.08756 0.64137 0.08756 0.64137 0.83800 0.60985)
		3 V(75 74 72) M(0) UV(0.83800 0.60985 0.08756 0.64137 0.83800 0.60985)
		3 V(75 72 76) M(0) UV(0.83800 0.60985 0.83800 0.60985 0.92659 0.86731)
		3 V(77 75 76) M(0) UV(0.92659 0.86731 0.83800 0.60985 0.92659 0.86731)
		3 V(77 76 78) M(0) UV(0.92659 0.86731 0.92659 0.86731 0.00705 0.86731)
		3 V(79 77 78) M(0) UV(0.00705 0.86731 0.92659 0.86731 0.00705 0.86731)
		3 V(79 78 73) M(0) UV(0.00705 0.86731 0.00705 0.86731 0.08756 0.64137)
		3 V(74 79 73) M(0) UV(0.08756 0.64137 0.00705 0.86731 0.08756 0.64137)
		3 V(76 72 73) M(0) UV(0.92659 0.86731 0.83800 0.60985 0.08756 0.64137)
		3 V(78 76 73) M(0) UV(0.00705 0.86731 0.92659 0.86731 0.08756 0.64137)
		3 V(82 81 80) M(0) UV(0.08756 0.64137 0.08756 0.64137 0.83800 0.60985)
		3 V(83 82 80) M(0) UV(0.83800 0.60985 0.08756 0.64137 0.83800 0.60985)
		3 V(83 80 84) M(0) UV(0.83800 0.60985 0.83800 0.60985 0.92659 0.86731)
		3 V(85 83 84) M(0) UV(0.92659 0.86731 0.83800 0.60985 0.92659 0.86731)
		3 V(85 84 86) M(0) UV(0.92659 0.86731 0.92659 0.86731 0.00705 0.86731)
		3 V(87 85 86) M(0) UV(0.00705 0.86731 0.92659 0.86731 0.00705 0.86731)
		3 V(87 86 81) M(0) UV(0.00705 0.86731 0.00705 0.86731 0.08756 0.64137)
		3 V(82 87 81) M(0) UV(0.08756 0.64137 0.00705 0.86731 0.08756 0.64137)
		3 V(84 80 81) M(0) UV(0.92659 0.86731 0.83800 0.60985 0.08756 0.64137)
		3 V(86 84 81) M(0) UV(0.00705 0.86731 0.92659 0.86731 0.08756 0.64137)
		3 V(90 89 88) M(0) UV(0.08756 0.64137 0.08756 0.64137 0.83800 0.60985)
		3 V(91 90 88) M(0) UV(0.83800 0.60985 0.08756 0.64137 0.83800 0.60985)
		3 V(91 88 92) M(0) UV(0.83800 0.60985 0.83800 0.60985 0.92659 0.86731)
		3 V(93 91 92) M(0) UV(0.92659 0.86731 0.83800 0.60985 0.92659 0.86731)
		3 V(93 92 94) M(0) UV(0.92659 0.86731 0.92659 0.86731 0.00705 0.86731)
		3 V(95 93 94) M(0) UV(0.00705 0.86731 0.92659 0.86731 0.00705 0.86731)
		3 V(95 94 89) M(0) UV(0.00705 0.86731 0.00705 0.86731 0.08756 0.64137)
		3 V(90 95 89) M(0) UV(0.08756 0.64137 0.00705 0.86731 0.08756 0.64137)
		3 V(92 88 89) M(0) UV(0.92659 0.86731 0.83800 0.60985 0.08756 0.64137)
		3 V(94 92 89) M(0) UV(0.00705 0.86731 0.92659 0.86731 0.08756 0.64137)
		3 V(98 97 96) M(0) UV(0.08756 0.64137 0.08756 0.64137 0.83800 0.60985)
		3 V(99 98 96) M(0) UV(0.83800 0.60985 0.08756 0.64137 0.83800 0.60985)
		3 V(99 96 100) M(0) UV(0.83800 0.60985 0.83800 0.60985 0.92659 0.86731)
		3 V(101 99 100) M(0) UV(0.92659 0.86731 0.83800 0.60985 0.92659 0.86731)
		3 V(101 100 102) M(0) UV(0.92659 0.86731 0.92659 0.86731 0.00705 0.86731)
		3 V(103 101 102) M(0) UV(0.00705 0.86731 0.92659 0.86731 0.00705 0.86731)
		3 V(103 102 97) M(0) UV(0.00705 0.86731 0.00705 0.86731 0.08756 0.64137)
		3 V(98 103 97) M(0) UV(0.08756 0.64137 0.00705 0.86731 0.08756 0.64137)
		3 V(100 96 97) M(0) UV(0.92659 0.86731 0.83800 0.60985 0.08756 0.64137)
		3 V(102 100 97) M(0) UV(0.00705 0.86731 0.92659 0.86731 0.08756 0.64137)
		3 V(106 105 104) M(0) UV(0.08756 0.64137 0.08756 0.64137 0.83800 0.60985)
		3 V(107 106 104) M(0) UV(0.83800 0.60985 0.08756 0.64137 0.83800 0.60985)
		3 V(107 104 108) M(0) UV(0.83800 0.60985 0.83800 0.60985 0.92659 0.86731)
		3 V(109 107 108) M(0) UV(0.92659 0.86731 0.83800 0.60985 0.92659 0.86731)
		3 V(109 108 110) M(0) UV(0.92659 0.86731 0.92659 0.86731 0.00705 0.86731)
		3 V(111 109 110) M(0) UV(0.00705 0.86731 0.92659 0.86731 0.00705 0.86731)
		3 V(111 110 105) M(0) UV(0.00705 0.86731 0.00705 0.86731 0.08756 0.64137)
		3 V(106 111 105) M(0) UV(0.08756 0.64137 0.00705 0.86731 0.08756 0.64137)
		3 V(108 104 105) M(0) UV(0.92659 0.86731 0.83800 0.60985 0.08756 0.64137)
		3 V(110 108 105) M(0) UV(0.00705 0.86731 0.92659 0.86731 0.08756 0.64137)
		3 V(114 113 112) M(0) UV(0.08756 0.64137 0.08756 0.64137 0.83800 0.60985)
		3 V(115 114 112) M(0) UV(0.83800 0.60985 0.08756 0.64137 0.83800 0.60985)
		3 V(115 112 116) M(0) UV(0.83800 0.60985 0.83800 0.60985 0.92659 0.86731)
		3 V(117 115 116) M(0) UV(0.92659 0.86731 0.83800 0.60985 0.92659 0.86731)
		3 V(117 116 118) M(0) UV(0.92659 0.86731 0.92659 0.86731 0.00705 0.86731)
		3 V(119 117 118) M(0) UV(0.00705 0.86731 0.92659 0.86731 0.00705 0.86731)
		3 V(119 118 113) M(0) UV(0.00705 0.86731 0.00705 0.86731 0.08756 0.64137)
		3 V(114 119 113) M(0) UV(0.08756 0.64137 0.00705 0.86731 0.08756 0.64137)
		3 V(116 112 113) M(0) UV(0.92659 0.86731 0.83800 0.60985 0.08756 0.64137)
		3 V(118 116 113) M(0) UV(0.00705 0.86731 0.92659 0.86731 0.08756 0.64137)
		3 V(122 121 120) M(0) UV(0.08756 0.64137 0.08756 0.64137 0.83800 0.60985)
		3 V(123 122 120) M(0) UV(0.83800 0.60985 0.08756 0.64137 0.83800 0.60985)
		3 V(123 120 124) M(0) UV(0.83800 0.60985 0.83800 0.60985 0.92659 0.86731)
		3 V(125 123 124) M(0) UV(0.92659 0.86731 0.83800 0.60985 0.92659 0.86731)
		3 V(125 124 126) M(0) UV(0.92659 0.86731 0.92659 0.86731 0.00705 0.86731)
		3 V(127 125 126) M(0) UV(0.00705 0.86731 0.92659 0.86731 0.00705 0.86731)
		3 V(127 126 121) M(0) UV(0.00705 0.86731 0.00705 0.86731 0.08756 0.64137)
		3 V(122 127 121) M(0) UV(0.08756 0.64137 0.00705 0.86731 0.08756 0.64137)
		3 V(124 120 121) M(0) UV(0.92659 0.86731 0.83800 0.60985 0.08756 0.64137)
		3 V(126 124 121) M(0) UV(0.00705 0.86731 0.92659 0.86731 0.08756 0.64137)
		3 V(130 129 128) M(0) UV(0.08756 0.64137 0.08756 0.64137 0.83800 0.60985)
		3 V(131 130 128) M(0) UV(0.83800 0.60985 0.08756 0.64137 0.83800 0.60985)
		3 V(131 128 132) M(0) UV(0.83800 0.60985 0.83800 0.60985 0.92659 0.86731)
		3 V(133 131 132) M(0) UV(0.92659 0.86731 0.83800 0.60985 0.92659 0.86731)
		3 V(133 132 134) M(0) UV(0.92659 0.86731 0.92659 0.86731 0.00705 0.86731)
		3 V(135 133 134) M(0) UV(0.00705 0.86731 0.92659 0.86731 0.00705 0.86731)
		3 V(135 134 129) M(0) UV(0.00705 0.86731 0.00705 0.86731 0.08756 0.64137)
		3 V(130 135 129) M(0) UV(0.08756 0.64137 0.00705 0.86731 0.08756 0.64137)
		3 V(132 128 129) M(0) UV(0.92659 0.86731 0.83800 0.60985 0.08756 0.64137)
		3 V(134 132 129) M(0) UV(0.00705 0.86731 0.92659 0.86731 0.08756 0.64137)
		3 V(138 137 136) M(0) UV(0.08756 0.64137 0.08756 0.64137 0.83800 0.60985)
		3 V(139 138 136) M(0) UV(0.83800 0.60985 0.08756 0.64137 0.83800 0.60985)
		3 V(139 136 140) M(0) UV(0.83800 0.60985 0.83800 0.60985 0.92659 0.86731)
		3 V(141 139 140) M(0) UV(0.92659 0.86731 0.83800 0.60985 0.92659 0.86731)
		3 V(141 140 142) M(0) UV(0.92659 0.86731 0.92659 0.86731 0.00705 0.86731)
		3 V(143 141 142) M(0) UV(0.00705 0.86731 0.92659 0.86731 0.00705 0.86731)
		3 V(143 142 137) M(0) UV(0.00705 0.86731 0.00705 0.86731 0.08756 0.64137)
		3 V(138 143 137) M(0) UV(0.08756 0.64137 0.00705 0.86731 0.08756 0.64137)
		3 V(140 136 137) M(0) UV(0.92659 0.86731 0.83800 0.60985 0.08756 0.64137)
		3 V(142 140 137) M(0) UV(0.00705 0.86731 0.92659 0.86731 0.08756 0.64137)
		3 V(146 145 144) M(0) UV(0.08756 0.64137 0.08756 0.64137 0.83800 0.60985)
		3 V(147 146 144) M(0) UV(0.83800 0.60985 0.08756 0.64137 0.83800 0.60985)
		3 V(147 144 148) M(0) UV(0.83800 0.60985 0.83800 0.60985 0.92659 0.86731)
		3 V(149 147 148) M(0) UV(0.92659 0.86731 0.83800 0.60985 0.92659 0.86731)
		3 V(149 148 150) M(0) UV(0.92659 0.86731 0.92659 0.86731 0.00705 0.86731)
		3 V(151 149 150) M(0) UV(0.00705 0.86731 0.92659 0.86731 0.00705 0.86731)
		3 V(151 150 145) M(0) UV(0.00705 0.86731 0.00705 0.86731 0.08756 0.64137)
		3 V(146 151 145) M(0) UV(0.08756 0.64137 0.00705 0.86731 0.08756 0.64137)
		3 V(148 144 145) M(0) UV(0.92659 0.86731 0.83800 0.60985 0.08756 0.64137)
		3 V(150 148 145) M(0) UV(0.00705 0.86731 0.92659 0.86731 0.08756 0.64137)
		3 V(154 153 152) M(0) UV(0.08756 0.64137 0.08756 0.64137 0.83800 0.60985)
		3 V(155 154 152) M(0) UV(0.83800 0.60985 0.08756 0.64137 0.83800 0.60985)
		3 V(155 152 156) M(0) UV(0.83800 0.60985 0.83800 0.60985 0.92659 0.86731)
		3 V(157 155 156) M(0) UV(0.92659 0.86731 0.83800 0.60985 0.92659 0.86731)
		3 V(157 156 158) M(0) UV(0.92659 0.86731 0.92659 0.86731 0.00705 0.86731)
		3 V(159 157 158) M(0) UV(0.00705 0.86731 0.92659 0.86731 0.00705 0.86731)
		3 V(159 158 153) M(0) UV(0.00705 0.86731 0.00705 0.86731 0.08756 0.64137)
		3 V(154 159 153) M(0) UV(0.08756 0.64137 0.00705 0.86731 0.08756 0.64137)
		3 V(156 152 153) M(0) UV(0.92659 0.86731 0.83800 0.60985 0.08756 0.64137)
		3 V(158 156 153) M(0) UV(0.00705 0.86731 0.92659 0.86731 0.08756 0.64137)
		3 V(162 161 160) M(0) UV(0.08756 0.64137 0.08756 0.64137 0.83800 0.60985)
		3 V(163 162 160) M(0) UV(0.83800 0.60985 0.08756 0.64137 0.83800 0.60985)
		3 V(163 160 164) M(0) UV(0.83800 0.60985 0.83800 0.60985 0.92659 0.86731)
		3 V(165 163 164) M(0) UV(0.92659 0.86731 0.83800 0.60985 0.92659 0.86731)
		3 V(165 164 166) M(0) UV(0.92659 0.86731 0.92659 0.86731 0.00705 0.86731)
		3 V(167 165 166) M(0) UV(0.00705 0.86731 0.92659 0.86731 0.00705 0.86731)
		3 V(167 166 161) M(0) UV(0.00705 0.86731 0.00705 0.86731 0.08756 0.64137)
		3 V(162 167 161) M(0) UV(0.08756 0.64137 0.00705 0.86731 0.08756 0.64137)
		3 V(164 160 161) M(0) UV(0.92659 0.86731 0.83800 0.60985 0.08756 0.64137)
		3 V(166 164 161) M(0) UV(0.00705 0.86731 0.92659 0.86731 0.08756 0.64137)
		3 V(170 169 168) M(0) UV(0.08756 0.64137 0.08756 0.64137 0.83800 0.60985)
		3 V(171 170 168) M(0) UV(0.83800 0.60985 0.08756 0.64137 0.83800 0.60985)
		3 V(171 168 172) M(0) UV(0.83800 0.60985 0.83800 0.60985 0.92659 0.86731)
		3 V(173 171 172) M(0) UV(0.92659 0.86731 0.83800 0.60985 0.92659 0.86731)
		3 V(173 172 174) M(0) UV(0.92659 0.86731 0.92659 0.86731 0.00705 0.86731)
		3 V(175 173 174) M(0) UV(0.00705 0.86731 0.92659 0.86731 0.00705 0.86731)
		3 V(175 174 169) M(0) UV(0.00705 0.86731 0.00705 0.86731 0.08756 0.64137)
		3 V(170 175 169) M(0) UV(0.08756 0.64137 0.00705 0.86731 0.08756 0.64137)
		3 V(172 168 169) M(0) UV(0.92659 0.86731 0.83800 0.60985 0.08756 0.64137)
		3 V(174 172 169) M(0) UV(0.00705 0.86731 0.92659 0.86731 0.08756 0.64137)
		3 V(178 177 176) M(0) UV(0.08756 0.64137 0.08756 0.64137 0.83800 0.60985)
		3 V(179 178 176) M(0) UV(0.83800 0.60985 0.08756 0.64137 0.83800 0.60985)
		3 V(179 176 180) M(0) UV(0.83800 0.60985 0.83800 0.60985 0.92659 0.86731)
		3 V(181 179 180) M(0) UV(0.92659 0.86731 0.83800 0.60985 0.92659 0.86731)
		3 V(181 180 182) M(0) UV(0.92659 0.86731 0.92659 0.86731 0.00705 0.86731)
		3 V(183 181 182) M(0) UV(0.00705 0.86731 0.92659 0.86731 0.00705 0.86731)
		3 V(183 182 177) M(0) UV(0.00705 0.86731 0.00705 0.86731 0.08756 0.64137)
		3 V(178 183 177) M(0) UV(0.08756 0.64137 0.00705 0.86731 0.08756 0.64137)
		3 V(180 176 177) M(0) UV(0.92659 0.86731 0.83800 0.60985 0.08756 0.64137)
		3 V(182 180 177) M(0) UV(0.00705 0.86731 0.92659 0.86731 0.08756 0.64137)
		3 V(186 185 184) M(0) UV(0.08756 0.64137 0.08756 0.64137 0.83800 0.60985)
		3 V(187 186 184) M(0) UV(0.83800 0.60985 0.08756 0.64137 0.83800 0.60985)
		3 V(187 184 188) M(0) UV(0.83800 0.60985 0.83800 0.60985 0.92659 0.86731)
		3 V(189 187 188) M(0) UV(0.92659 0.86731 0.83800 0.60985 0.92659 0.86731)
		3 V(189 188 190) M(0) UV(0.92659 0.86731 0.92659 0.86731 0.00705 0.86731)
		3 V(191 189 190) M(0) UV(0.00705 0.86731 0.92659 0.86731 0.00705 0.86731)
		3 V(191 190 185) M(0) UV(0.00705 0.86731 0.00705 0.86731 0.08756 0.64137)
		3 V(186 191 185) M(0) UV(0.08756 0.64137 0.00705 0.86731 0.08756 0.64137)
		3 V(188 184 185) M(0) UV(0.92659 0.86731 0.83800 0.60985 0.08756 0.64137)
		3 V(190 188 185) M(0) UV(0.00705 0.86731 0.92659 0.86731 0.08756 0.64137)
		3 V(123 125 122) M(0) UV(0.08756 0.64137 0.08756 0.64137 0.08756 0.64137)
		3 V(125 127 122) M(0) UV(0.08756 0.64137 0.08756 0.64137 0.08756 0.64137)
		3 V(117 119 115) M(0) UV(0.08756 0.64137 0.08756 0.64137 0.08756 0.64137)
		3 V(119 114 115) M(0) UV(0.08756 0.64137 0.08756 0.64137 0.08756 0.64137)
		3 V(109 111 107) M(0) UV(0.08756 0.64137 0.08756 0.64137 0.08756 0.64137)
		3 V(111 106 107) M(0) UV(0.08756 0.64137 0.08756 0.64137 0.08756 0.64137)
		3 V(99 101 98) M(0) UV(0.08756 0.64137 0.08756 0.64137 0.08756 0.64137)
		3 V(101 103 98) M(0) UV(0.08756 0.64137 0.08756 0.64137 0.08756 0.64137)
		3 V(133 135 131) M(0) UV(0.08756 0.64137 0.08756 0.64137 0.08756 0.64137)
		3 V(135 130 131) M(0) UV(0.08756 0.64137 0.08756 0.64137 0.08756 0.64137)
		3 V(139 141 138) M(0) UV(0.08756 0.64137 0.08756 0.64137 0.08756 0.64137)
		3 V(141 143 138) M(0) UV(0.08756 0.64137 0.08756 0.64137 0.08756 0.64137)
		3 V(19 21 18) M(0) UV(0.08756 0.64137 0.08756 0.64137 0.08756 0.64137)
		3 V(21 23 18) M(0) UV(0.08756 0.64137 0.08756 0.64137 0.08756 0.64137)
		3 V(5 7 3) M(0) UV(0.08756 0.64137 0.08756 0.64137 0.08756 0.64137)
		3 V(7 2 3) M(0) UV(0.08756 0.64137 0.08756 0.64137 0.08756 0.64137)
		3 V(11 13 10) M(0) UV(0.08756 0.64137 0.08756 0.64137 0.08756 0.64137)
		3 V(13 15 10) M(0) UV(0.08756 0.64137 0.08756 0.64137 0.08756 0.64137)
		3 V(27 29 26) M(0) UV(0.08756 0.64137 0.08756 0.64137 0.08756 0.64137)
		3 V(29 31 26) M(0) UV(0.08756 0.64137 0.08756 0.64137 0.08756 0.64137)
		3 V(37 39 35) M(0) UV(0.08756 0.64137 0.08756 0.64137 0.08756 0.64137)
		3 V(39 34 35) M(0) UV(0.08756 0.64137 0.08756 0.64137 0.08756 0.64137)
		3 V(45 47 43) M(0) UV(0.08756 0.64137 0.08756 0.64137 0.08756 0.64137)
		3 V(47 42 43) M(0) UV(0.08756 0.64137 0.08756 0.64137 0.08756 0.64137)
		3 V(53 55 51) M(0) UV(0.08756 0.64137 0.08756 0.64137 0.08756 0.64137)
		3 V(55 50 51) M(0) UV(0.08756 0.64137 0.08756 0.64137 0.08756 0.64137)
		3 V(61 63 59) M(0) UV(0.08756 0.64137 0.08756 0.64137 0.08756 0.64137)
		3 V(63 58 59) M(0) UV(0.08756 0.64137 0.08756 0.64137 0.08756 0.64137)
		3 V(69 71 67) M(0) UV(0.08756 0.64137 0.08756 0.64137 0.08756 0.64137)
		3 V(71 66 67) M(0) UV(0.08756 0.64137 0.08756 0.64137 0.08756 0.64137)
		3 V(77 79 75) M(0) UV(0.08756 0.64137 0.08756 0.64137 0.08756 0.64137)
		3 V(79 74 75) M(0) UV(0.08756 0.64137 0.08756 0.64137 0.08756 0.64137)
		3 V(83 85 82) M(0) UV(0.08756 0.64137 0.08756 0.64137 0.08756 0.64137)
		3 V(85 87 82) M(0) UV(0.08756 0.64137 0.08756 0.64137 0.08756 0.64137)
		3 V(91 93 90) M(0) UV(0.08756 0.64137 0.08756 0.64137 0.08756 0.64137)
		3 V(93 95 90) M(0) UV(0.08756 0.64137 0.08756 0.64137 0.08756 0.64137)
		3 V(149 151 147) M(0) UV(0.08756 0.64137 0.08756 0.64137 0.08756 0.64137)
		3 V(151 146 147) M(0) UV(0.08756 0.64137 0.08756 0.64137 0.08756 0.64137)
		3 V(163 165 162) M(0) UV(0.08756 0.64137 0.08756 0.64137 0.08756 0.64137)
		3 V(165 167 162) M(0) UV(0.08756 0.64137 0.08756 0.64137 0.08756 0.64137)
		3 V(187 189 186) M(0) UV(0.08756 0.64137 0.08756 0.64137 0.08756 0.64137)
		3 V(189 191 186) M(0) UV(0.08756 0.64137 0.08756 0.64137 0.08756 0.64137)
		3 V(181 183 179) M(0) UV(0.08756 0.64137 0.08756 0.64137 0.08756 0.64137)
		3 V(183 178 179) M(0) UV(0.08756 0.64137 0.08756 0.64137 0.08756 0.64137)
		3 V(171 173 170) M(0) UV(0.08756 0.64137 0.08756 0.64137 0.08756 0.64137)
		3 V(173 175 170) M(0) UV(0.08756 0.64137 0.08756 0.64137 0.08756 0.64137)
		3 V(157 159 155) M(0) UV(0.08756 0.64137 0.08756 0.64137 0.08756 0.64137)
		3 V(159 154 155) M(0) UV(0.08756 0.64137 0.08756 0.64137 0.08756 0.64137)
		3 V(354 196 354) M(0) UV(0.05239 0.07073 0.01775 0.05472 0.01775 0.07073)
		3 V(358 204 358) M(0) UV(0.05279 0.07091 0.01775 0.05472 0.01775 0.07091)
		3 V(360 194 353) M(0) UV(0.94500 0.49917 0.97962 0.49917 0.94500 0.48317)
		3 V(354 196 361) M(0) UV(0.05239 0.05472 0.01775 0.05472 0.05239 0.07073)
		3 V(360 194 360) M(0) UV(0.94500 0.48317 0.97962 0.49917 0.97962 0.48317)
		3 V(362 202 357) M(0) UV(0.94459 0.49917 0.97962 0.49917 0.94459 0.48299)
		3 V(358 204 363) M(0) UV(0.05279 0.05472 0.01775 0.05472 0.05279 0.07091)
		3 V(362 202 362) M(0) UV(0.94459 0.48299 0.97962 0.49917 0.97962 0.48299)
		3 V(492 192 492) M(0) UV(0.94363 0.48254 0.97962 0.49917 0.97962 0.48254)
		3 V(497 200 497) M(0) UV(0.94363 0.48254 0.97962 0.49917 0.97962 0.48254)
		3 V(492 192 502) M(0) UV(0.05374 0.05472 0.01775 0.05472 0.05374 0.07135)
		3 V(496 198 495) M(0) UV(0.94363 0.49917 0.97962 0.49917 0.94363 0.48254)
		3 V(496 198 496) M(0) UV(0.05374 0.07135 0.01775 0.05472 0.01775 0.07135)
		3 V(497 200 503) M(0) UV(0.05374 0.05472 0.01775 0.05472 0.05374 0.07135)
		3 V(501 206 500) M(0) UV(0.94363 0.49917 0.97962 0.49917 0.94363 0.48254)
		3 V(501 206 501) M(0) UV(0.05374 0.07135 0.01775 0.05472 0.01775 0.07135)
		3 V(210 208 240) M(0) UV(0.49954 0.27734 0.97962 0.27734 0.97962 0.25491)
		3 V(210 240 242) M(0) UV(0.49954 0.27734 0.97962 0.25491 0.45100 0.25491)
		3 V(224 226 242) M(0) UV(0.97962 0.23248 0.40245 0.23248 0.45100 0.25491)
		3 V(224 242 240) M(0) UV(0.97962 0.23248 0.45100 0.25491 0.97962 0.25491)
		3 V(216 210 242) M(0) UV(0.01775 0.27734 0.49954 0.27734 0.45100 0.25491)
		3 V(216 242 248) M(0) UV(0.01775 0.27734 0.45100 0.25491 0.01775 0.25491)
		3 V(226 232 248) M(0) UV(0.40245 0.23248 0.01775 0.23247 0.01775 0.25491)
		3 V(226 248 242) M(0) UV(0.40245 0.23248 0.01775 0.25491 0.45100 0.25491)
		3 V(214 212 244) M(0) UV(0.49992 0.27751 0.97962 0.27751 0.97962 0.25491)
		3 V(214 244 246) M(0) UV(0.49992 0.27751 0.97962 0.25491 0.45100 0.25491)
		3 V(228 230 246) M(0) UV(0.97962 0.23231 0.40206 0.23230 0.45100 0.25491)
		3 V(228 246 244) M(0) UV(0.97962 0.23231 0.45100 0.25491 0.97962 0.25491)
		3 V(217 214 246) M(0) UV(0.01775 0.27752 0.49992 0.27751 0.45100 0.25491)
		3 V(217 246 249) M(0) UV(0.01775 0.27752 0.45100 0.25491 0.01775 0.25491)
		3 V(230 233 249) M(0) UV(0.40206 0.23230 0.01775 0.23230 0.01775 0.25491)
		3 V(230 249 246) M(0) UV(0.40206 0.23230 0.01775 0.25491 0.45100 0.25491)
		3 V(208 218 250) M(0) UV(0.49784 0.05472 0.49784 0.27655 0.54636 0.29898)
		3 V(208 250 240) M(0) UV(0.49784 0.05472 0.54636 0.29898 0.54636 0.05472)
		3 V(225 224 240) M(0) UV(0.59491 0.32141 0.59491 0.05472 0.54636 0.05472)
		3 V(225 240 250) M(0) UV(0.59491 0.32141 0.54636 0.05472 0.54636 0.29898)
		3 V(218 209 241) M(0) UV(0.49784 0.27655 0.49784 0.49917 0.54636 0.49917)
		3 V(218 241 250) M(0) UV(0.49784 0.27655 0.54636 0.49917 0.54636 0.29898)
		3 V(234 225 250) M(0) UV(0.59491 0.49917 0.59491 0.32141 0.54636 0.29898)
		3 V(234 250 241) M(0) UV(0.59491 0.49917 0.54636 0.29898 0.54636 0.49917)
		3 V(219 216 248) M(0) UV(0.49954 0.27734 0.49954 0.05472 0.45100 0.05472)
		3 V(219 248 251) M(0) UV(0.49954 0.27734 0.45100 0.05472 0.45100 0.25491)
		3 V(232 235 251) M(0) UV(0.40244 0.05472 0.40244 0.23247 0.45100 0.25491)
		3 V(232 251 248) M(0) UV(0.40244 0.05472 0.45100 0.25491 0.45100 0.05472)
		3 V(211 219 251) M(0) UV(0.49954 0.49917 0.49954 0.27734 0.45100 0.25491)
		3 V(211 251 243) M(0) UV(0.49954 0.49917 0.45100 0.25491 0.45100 0.49917)
		3 V(235 227 243) M(0) UV(0.40244 0.23247 0.40244 0.49917 0.45100 0.49917)
		3 V(235 243 251) M(0) UV(0.40244 0.23247 0.45100 0.49917 0.45100 0.25491)
		3 V(209 220 252) M(0) UV(0.97962 0.27655 0.49783 0.27655 0.54636 0.29898)
		3 V(209 252 241) M(0) UV(0.97962 0.27655 0.54636 0.29898 0.97962 0.29898)
		3 V(236 234 241) M(0) UV(0.59491 0.32141 0.97962 0.32141 0.97962 0.29898)
		3 V(236 241 252) M(0) UV(0.59491 0.32141 0.97962 0.29898 0.54636 0.29898)
		3 V(220 211 243) M(0) UV(0.49783 0.27655 0.01775 0.27655 0.01775 0.29898)
		3 V(220 243 252) M(0) UV(0.49783 0.27655 0.01775 0.29898 0.54636 0.29898)
		3 V(227 236 252) M(0) UV(0.01775 0.32142 0.59491 0.32141 0.54636 0.29898)
		3 V(227 252 243) M(0) UV(0.01775 0.32142 0.54636 0.29898 0.01775 0.29898)
		3 V(212 221 253) M(0) UV(0.49746 0.05472 0.49746 0.27638 0.54636 0.29898)
		3 V(212 253 244) M(0) UV(0.49746 0.05472 0.54636 0.29898 0.54636 0.05472)
		3 V(229 228 244) M(0) UV(0.59529 0.32159 0.59529 0.05472 0.54636 0.05472)
		3 V(229 244 253) M(0) UV(0.59529 0.32159 0.54636 0.05472 0.54636 0.29898)
		3 V(221 213 245) M(0) UV(0.49746 0.27638 0.49746 0.49917 0.54636 0.49917)
		3 V(221 245 253) M(0) UV(0.49746 0.27638 0.54636 0.49917 0.54636 0.29898)
		3 V(237 229 253) M(0) UV(0.59529 0.49917 0.59529 0.32159 0.54636 0.29898)
		3 V(237 253 245) M(0) UV(0.59529 0.49917 0.54636 0.29898 0.54636 0.49917)
		3 V(222 217 249) M(0) UV(0.49993 0.27752 0.49993 0.05472 0.45100 0.05472)
		3 V(222 249 254) M(0) UV(0.49993 0.27752 0.45100 0.05472 0.45100 0.25491)
		3 V(233 238 254) M(0) UV(0.40206 0.05472 0.40206 0.23230 0.45100 0.25491)
		3 V(233 254 249) M(0) UV(0.40206 0.05472 0.45100 0.25491 0.45100 0.05472)
		3 V(215 222 254) M(0) UV(0.49993 0.49917 0.49993 0.27752 0.45100 0.25491)
		3 V(215 254 247) M(0) UV(0.49993 0.49917 0.45100 0.25491 0.45100 0.49917)
		3 V(238 231 247) M(0) UV(0.40206 0.23230 0.40206 0.49917 0.45100 0.49917)
		3 V(238 247 254) M(0) UV(0.40206 0.23230 0.45100 0.49917 0.45100 0.25491)
		3 V(213 223 255) M(0) UV(0.97962 0.27638 0.49745 0.27638 0.54636 0.29898)
		3 V(213 255 245) M(0) UV(0.97962 0.27638 0.54636 0.29898 0.97962 0.29898)
		3 V(239 237 245) M(0) UV(0.59530 0.32159 0.97962 0.32159 0.97962 0.29898)
		3 V(239 245 255) M(0) UV(0.59530 0.32159 0.97962 0.29898 0.54636 0.29898)
		3 V(223 215 247) M(0) UV(0.49745 0.27638 0.01775 0.27637 0.01775 0.29898)
		3 V(223 247 255) M(0) UV(0.49745 0.27638 0.01775 0.29898 0.54636 0.29898)
		3 V(231 239 255) M(0) UV(0.01775 0.32159 0.59530 0.32159 0.54636 0.29898)
		3 V(231 255 247) M(0) UV(0.01775 0.32159 0.54636 0.29898 0.01775 0.29898)
		3 V(226 224 256) M(0) UV(0.40245 0.23248 0.97962 0.23248 0.97962 0.20819)
		3 V(226 256 258) M(0) UV(0.40245 0.23248 0.97962 0.20819 0.34988 0.20819)
		3 V(232 226 258) M(0) UV(0.01775 0.23247 0.40245 0.23248 0.34988 0.20819)
		3 V(232 258 264) M(0) UV(0.01775 0.23247 0.34988 0.20819 0.01775 0.20819)
		3 V(230 228 260) M(0) UV(0.40206 0.23230 0.97962 0.23231 0.97962 0.20819)
		3 V(230 260 262) M(0) UV(0.40206 0.23230 0.97962 0.20819 0.34988 0.20819)
		3 V(233 230 262) M(0) UV(0.01775 0.23230 0.40206 0.23230 0.34988 0.20819)
		3 V(233 262 265) M(0) UV(0.01775 0.23230 0.34988 0.20819 0.01775 0.20819)
		3 V(224 225 257) M(0) UV(0.59491 0.05472 0.59491 0.32141 0.64748 0.34570)
		3 V(224 257 256) M(0) UV(0.59491 0.05472 0.64748 0.34570 0.64748 0.05472)
		3 V(225 234 266) M(0) UV(0.59491 0.32141 0.59491 0.49917 0.64748 0.49917)
		3 V(225 266 257) M(0) UV(0.59491 0.32141 0.64748 0.49917 0.64748 0.34570)
		3 V(235 232 264) M(0) UV(0.40244 0.23247 0.40244 0.05472 0.34988 0.05472)
		3 V(235 264 267) M(0) UV(0.40244 0.23247 0.34988 0.05472 0.34987 0.20819)
		3 V(227 235 267) M(0) UV(0.40244 0.49917 0.40244 0.23247 0.34987 0.20819)
		3 V(227 267 259) M(0) UV(0.40244 0.49917 0.34987 0.20819 0.34988 0.49917)
		3 V(234 236 268) M(0) UV(0.97962 0.32141 0.59491 0.32141 0.64748 0.34570)
		3 V(234 268 266) M(0) UV(0.97962 0.32141 0.64748 0.34570 0.97962 0.34570)
		3 V(236 227 259) M(0) UV(0.59491 0.32141 0.01775 0.32142 0.01775 0.34570)
		3 V(236 259 268) M(0) UV(0.59491 0.32141 0.01775 0.34570 0.64748 0.34570)
		3 V(228 229 261) M(0) UV(0.59529 0.05472 0.59529 0.32159 0.64748 0.34570)
		3 V(228 261 260) M(0) UV(0.59529 0.05472 0.64748 0.34570 0.64748 0.05472)
		3 V(229 237 269) M(0) UV(0.59529 0.32159 0.59529 0.49917 0.64748 0.49917)
		3 V(229 269 261) M(0) UV(0.59529 0.32159 0.64748 0.49917 0.64748 0.34570)
		3 V(238 233 265) M(0) UV(0.40206 0.23230 0.40206 0.05472 0.34988 0.05472)
		3 V(238 265 270) M(0) UV(0.40206 0.23230 0.34988 0.05472 0.34987 0.20819)
		3 V(231 238 270) M(0) UV(0.40206 0.49917 0.40206 0.23230 0.34987 0.20819)
		3 V(231 270 263) M(0) UV(0.40206 0.49917 0.34987 0.20819 0.34988 0.49917)
		3 V(237 239 271) M(0) UV(0.97962 0.32159 0.59530 0.32159 0.64748 0.34570)
		3 V(237 271 269) M(0) UV(0.97962 0.32159 0.64748 0.34570 0.97962 0.34570)
		3 V(239 231 263) M(0) UV(0.59530 0.32159 0.01775 0.32159 0.01775 0.34570)
		3 V(239 263 271) M(0) UV(0.59530 0.32159 0.01775 0.34570 0.64748 0.34570)
		3 V(258 256 272) M(0) UV(0.34988 0.20819 0.97962 0.20819 0.97962 0.18597)
		3 V(258 272 274) M(0) UV(0.34988 0.20819 0.97962 0.18597 0.30181 0.18598)
		3 V(264 258 274) M(0) UV(0.01775 0.20819 0.34988 0.20819 0.30181 0.18598)
		3 V(264 274 280) M(0) UV(0.01775 0.20819 0.30181 0.18598 0.01775 0.18598)
		3 V(262 260 276) M(0) UV(0.34988 0.20819 0.97962 0.20819 0.97962 0.18622)
		3 V(262 276 278) M(0) UV(0.34988 0.20819 0.97962 0.18622 0.30236 0.18623)
		3 V(265 262 278) M(0) UV(0.01775 0.20819 0.34988 0.20819 0.30236 0.18623)
		3 V(265 278 281) M(0) UV(0.01775 0.20819 0.30236 0.18623 0.01775 0.18623)
		3 V(256 257 273) M(0) UV(0.64748 0.05472 0.64748 0.34570 0.69557 0.36792)
		3 V(256 273 272) M(0) UV(0.64748 0.05472 0.69557 0.36792 0.69557 0.05472)
		3 V(257 266 282) M(0) UV(0.64748 0.34570 0.64748 0.49917 0.69557 0.49917)
		3 V(257 282 273) M(0) UV(0.64748 0.34570 0.69557 0.49917 0.69557 0.36792)
		3 V(267 264 280) M(0) UV(0.34987 0.20819 0.34988 0.05472 0.30182 0.05472)
		3 V(267 280 283) M(0) UV(0.34987 0.20819 0.30182 0.05472 0.30182 0.18598)
		3 V(259 267 283) M(0) UV(0.34988 0.49917 0.34987 0.20819 0.30182 0.18598)
		3 V(259 283 275) M(0) UV(0.34988 0.49917 0.30182 0.18598 0.30182 0.49917)
		3 V(266 268 284) M(0) UV(0.97962 0.34570 0.64748 0.34570 0.69557 0.36792)
		3 V(266 284 282) M(0) UV(0.97962 0.34570 0.69557 0.36792 0.97962 0.36792)
		3 V(268 259 275) M(0) UV(0.64748 0.34570 0.01775 0.34570 0.01775 0.36791)
		3 V(268 275 284) M(0) UV(0.64748 0.34570 0.01775 0.36791 0.69557 0.36792)
		3 V(260 261 277) M(0) UV(0.64748 0.05472 0.64748 0.34570 0.69503 0.36767)
		3 V(260 277 276) M(0) UV(0.64748 0.05472 0.69503 0.36767 0.69503 0.05472)
		3 V(261 269 285) M(0) UV(0.64748 0.34570 0.64748 0.49917 0.69503 0.49917)
		3 V(261 285 277) M(0) UV(0.64748 0.34570 0.69503 0.49917 0.69503 0.36767)
		3 V(270 265 281) M(0) UV(0.34987 0.20819 0.34988 0.05472 0.30237 0.05472)
		3 V(270 281 286) M(0) UV(0.34987 0.20819 0.30237 0.05472 0.30237 0.18623)
		3 V(263 270 286) M(0) UV(0.34988 0.49917 0.34987 0.20819 0.30237 0.18623)
		3 V(263 286 279) M(0) UV(0.34988 0.49917 0.30237 0.18623 0.30237 0.49917)
		3 V(269 271 287) M(0) UV(0.97962 0.34570 0.64748 0.34570 0.69502 0.36767)
		3 V(269 287 285) M(0) UV(0.97962 0.34570 0.69502 0.36767 0.97962 0.36767)
		3 V(271 263 279) M(0) UV(0.64748 0.34570 0.01775 0.34570 0.01775 0.36766)
		3 V(271 279 287) M(0) UV(0.64748 0.34570 0.01775 0.36766 0.69502 0.36767)
		3 V(274 272 288) M(0) UV(0.30181 0.18598 0.97962 0.18597 0.97962 0.16189)
		3 V(274 288 290) M(0) UV(0.30181 0.18598 0.97962 0.16189 0.24969 0.16189)
		3 V(280 274 290) M(0) UV(0.01775 0.18598 0.30181 0.18598 0.24969 0.16189)
		3 V(280 290 296) M(0) UV(0.01775 0.18598 0.24969 0.16189 0.01775 0.16189)
		3 V(278 276 292) M(0) UV(0.30236 0.18623 0.97962 0.18622 0.97962 0.16189)
		3 V(278 292 294) M(0) UV(0.30236 0.18623 0.97962 0.16189 0.24969 0.16189)
		3 V(281 278 294) M(0) UV(0.01775 0.18623 0.30236 0.18623 0.24969 0.16189)
		3 V(281 294 297) M(0) UV(0.01775 0.18623 0.24969 0.16189 0.01775 0.16189)
		3 V(272 273 289) M(0) UV(0.69557 0.05472 0.69557 0.36792 0.74768 0.39200)
		3 V(272 289 288) M(0) UV(0.69557 0.05472 0.74768 0.39200 0.74768 0.05472)
		3 V(273 282 298) M(0) UV(0.69557 0.36792 0.69557 0.49917 0.74768 0.49917)
		3 V(273 298 289) M(0) UV(0.69557 0.36792 0.74768 0.49917 0.74768 0.39200)
		3 V(283 280 296) M(0) UV(0.30182 0.18598 0.30182 0.05472 0.24969 0.05472)
		3 V(283 296 299) M(0) UV(0.30182 0.18598 0.24969 0.05472 0.24969 0.16189)
		3 V(275 283 299) M(0) UV(0.30182 0.49917 0.30182 0.18598 0.24969 0.16189)
		3 V(275 299 291) M(0) UV(0.30182 0.49917 0.24969 0.16189 0.24969 0.49917)
		3 V(282 284 300) M(0) UV(0.97962 0.36792 0.69557 0.36792 0.74768 0.39200)
		3 V(282 300 298) M(0) UV(0.97962 0.36792 0.74768 0.39200 0.97962 0.39200)
		3 V(284 275 291) M(0) UV(0.69557 0.36792 0.01775 0.36791 0.01775 0.39200)
		3 V(284 291 300) M(0) UV(0.69557 0.36792 0.01775 0.39200 0.74768 0.39200)
		3 V(276 277 293) M(0) UV(0.69503 0.05472 0.69503 0.36767 0.74768 0.39200)
		3 V(276 293 292) M(0) UV(0.69503 0.05472 0.74768 0.39200 0.74768 0.05472)
		3 V(277 285 301) M(0) UV(0.69503 0.36767 0.69503 0.49917 0.74768 0.49917)
		3 V(277 301 293) M(0) UV(0.69503 0.36767 0.74768 0.49917 0.74768 0.39200)
		3 V(286 281 297) M(0) UV(0.30237 0.18623 0.30237 0.05472 0.24969 0.05472)
		3 V(286 297 302) M(0) UV(0.30237 0.18623 0.24969 0.05472 0.24969 0.16189)
		3 V(279 286 302) M(0) UV(0.30237 0.49917 0.30237 0.18623 0.24969 0.16189)
		3 V(279 302 295) M(0) UV(0.30237 0.49917 0.24969 0.16189 0.24969 0.49917)
		3 V(285 287 303) M(0) UV(0.97962 0.36767 0.69502 0.36767 0.74768 0.39200)
		3 V(285 303 301) M(0) UV(0.97962 0.36767 0.74768 0.39200 0.97962 0.39200)
		3 V(287 279 295) M(0) UV(0.69502 0.36767 0.01775 0.36766 0.01775 0.39200)
		3 V(287 295 303) M(0) UV(0.69502 0.36767 0.01775 0.39200 0.74768 0.39200)
		3 V(290 288 304) M(0) UV(0.24969 0.16189 0.97962 0.16189 0.97962 0.14046)
		3 V(290 304 306) M(0) UV(0.24969 0.16189 0.97962 0.14046 0.20330 0.14046)
		3 V(296 290 306) M(0) UV(0.01775 0.16189 0.24969 0.16189 0.20330 0.14046)
		3 V(296 306 312) M(0) UV(0.01775 0.16189 0.20330 0.14046 0.01775 0.14046)
		3 V(294 292 308) M(0) UV(0.24969 0.16189 0.97962 0.16189 0.97962 0.14046)
		3 V(294 308 310) M(0) UV(0.24969 0.16189 0.97962 0.14046 0.20330 0.14046)
		3 V(297 294 310) M(0) UV(0.01775 0.16189 0.24969 0.16189 0.20330 0.14046)
		3 V(297 310 313) M(0) UV(0.01775 0.16189 0.20330 0.14046 0.01775 0.14046)
		3 V(288 289 305) M(0) UV(0.74768 0.05472 0.74768 0.39200 0.79407 0.41343)
		3 V(288 305 304) M(0) UV(0.74768 0.05472 0.79407 0.41343 0.79407 0.05472)
		3 V(289 298 314) M(0) UV(0.74768 0.39200 0.74768 0.49917 0.79407 0.49917)
		3 V(289 314 305) M(0) UV(0.74768 0.39200 0.79407 0.49917 0.79407 0.41343)
		3 V(299 296 312) M(0) UV(0.24969 0.16189 0.24969 0.05472 0.20330 0.05472)
		3 V(299 312 315) M(0) UV(0.24969 0.16189 0.20330 0.05472 0.20330 0.14046)
		3 V(291 299 315) M(0) UV(0.24969 0.49917 0.24969 0.16189 0.20330 0.14046)
		3 V(291 315 307) M(0) UV(0.24969 0.49917 0.20330 0.14046 0.20330 0.49917)
		3 V(298 300 316) M(0) UV(0.97962 0.39200 0.74768 0.39200 0.79407 0.41343)
		3 V(298 316 314) M(0) UV(0.97962 0.39200 0.79407 0.41343 0.97962 0.41343)
		3 V(300 291 307) M(0) UV(0.74768 0.39200 0.01775 0.39200 0.01775 0.41343)
		3 V(300 307 316) M(0) UV(0.74768 0.39200 0.01775 0.41343 0.79407 0.41343)
		3 V(292 293 309) M(0) UV(0.74768 0.05472 0.74768 0.39200 0.79407 0.41343)
		3 V(292 309 308) M(0) UV(0.74768 0.05472 0.79407 0.41343 0.79407 0.05472)
		3 V(293 301 317) M(0) UV(0.74768 0.39200 0.74768 0.49917 0.79407 0.49917)
		3 V(293 317 309) M(0) UV(0.74768 0.39200 0.79407 0.49917 0.79407 0.41343)
		3 V(302 297 313) M(0) UV(0.24969 0.16189 0.24969 0.05472 0.20330 0.05472)
		3 V(302 313 318) M(0) UV(0.24969 0.16189 0.20330 0.05472 0.20330 0.14046)
		3 V(295 302 318) M(0) UV(0.24969 0.49917 0.24969 0.16189 0.20330 0.14046)
		3 V(295 318 311) M(0) UV(0.24969 0.49917 0.20330 0.14046 0.20330 0.49917)
		3 V(301 303 319) M(0) UV(0.97962 0.39200 0.74768 0.39200 0.79407 0.41343)
		3 V(301 319 317) M(0) UV(0.97962 0.39200 0.79407 0.41343 0.97962 0.41343)
		3 V(303 295 311) M(0) UV(0.74768 0.39200 0.01775 0.39200 0.01775 0.41343)
		3 V(303 311 319) M(0) UV(0.74768 0.39200 0.01775 0.41343 0.79407 0.41343)
		3 V(306 304 320) M(0) UV(0.20330 0.14046 0.97962 0.14046 0.97962 0.11717)
		3 V(306 320 322) M(0) UV(0.20330 0.14046 0.97962 0.11717 0.15287 0.11716)
		3 V(312 306 322) M(0) UV(0.01775 0.14046 0.20330 0.14046 0.15287 0.11716)
		3 V(312 322 328) M(0) UV(0.01775 0.14046 0.15287 0.11716 0.01775 0.11716)
		3 V(310 308 324) M(0) UV(0.20330 0.14046 0.97962 0.14046 0.97962 0.11695)
		3 V(310 324 326) M(0) UV(0.20330 0.14046 0.97962 0.11695 0.15239 0.11694)
		3 V(313 310 326) M(0) UV(0.01775 0.14046 0.20330 0.14046 0.15239 0.11694)
		3 V(313 326 329) M(0) UV(0.01775 0.14046 0.15239 0.11694 0.01775 0.11694)
		3 V(304 305 321) M(0) UV(0.79407 0.05472 0.79407 0.41343 0.84447 0.43672)
		3 V(304 321 320) M(0) UV(0.79407 0.05472 0.84447 0.43672 0.84447 0.05472)
		3 V(305 314 330) M(0) UV(0.79407 0.41343 0.79407 0.49917 0.84447 0.49917)
		3 V(305 330 321) M(0) UV(0.79407 0.41343 0.84447 0.49917 0.84447 0.43672)
		3 V(315 312 328) M(0) UV(0.20330 0.14046 0.20330 0.05472 0.15287 0.05472)
		3 V(315 328 331) M(0) UV(0.20330 0.14046 0.15287 0.05472 0.15287 0.11716)
		3 V(307 315 331) M(0) UV(0.20330 0.49917 0.20330 0.14046 0.15287 0.11716)
		3 V(307 331 323) M(0) UV(0.20330 0.49917 0.15287 0.11716 0.15287 0.49917)
		3 V(314 316 332) M(0) UV(0.97962 0.41343 0.79407 0.41343 0.84447 0.43672)
		3 V(314 332 330) M(0) UV(0.97962 0.41343 0.84447 0.43672 0.97962 0.43672)
		3 V(316 307 323) M(0) UV(0.79407 0.41343 0.01775 0.41343 0.01775 0.43673)
		3 V(316 323 332) M(0) UV(0.79407 0.41343 0.01775 0.43673 0.84447 0.43672)
		3 V(308 309 325) M(0) UV(0.79407 0.05472 0.79407 0.41343 0.84496 0.43694)
		3 V(308 325 324) M(0) UV(0.79407 0.05472 0.84496 0.43694 0.84496 0.05472)
		3 V(309 317 333) M(0) UV(0.79407 0.41343 0.79407 0.49917 0.84496 0.49917)
		3 V(309 333 325) M(0) UV(0.79407 0.41343 0.84496 0.49917 0.84496 0.43694)
		3 V(318 313 329) M(0) UV(0.20330 0.14046 0.20330 0.05472 0.15239 0.05472)
		3 V(318 329 334) M(0) UV(0.20330 0.14046 0.15239 0.05472 0.15239 0.11694)
		3 V(311 318 334) M(0) UV(0.20330 0.49917 0.20330 0.14046 0.15239 0.11694)
		3 V(311 334 327) M(0) UV(0.20330 0.49917 0.15239 0.11694 0.15239 0.49917)
		3 V(317 319 335) M(0) UV(0.97962 0.41343 0.79407 0.41343 0.84496 0.43694)
		3 V(317 335 333) M(0) UV(0.97962 0.41343 0.84496 0.43694 0.97962 0.43694)
		3 V(319 311 327) M(0) UV(0.79407 0.41343 0.01775 0.41343 0.01775 0.43695)
		3 V(319 327 335) M(0) UV(0.79407 0.41343 0.01775 0.43695 0.84496 0.43694)
		3 V(322 320 336) M(0) UV(0.15287 0.11716 0.97962 0.11717 0.97962 0.09245)
		3 V(322 336 338) M(0) UV(0.15287 0.11716 0.97962 0.09245 0.09940 0.09245)
		3 V(328 322 338) M(0) UV(0.01775 0.11716 0.15287 0.11716 0.09940 0.09245)
		3 V(328 338 344) M(0) UV(0.01775 0.11716 0.09940 0.09245 0.01775 0.09245)
		3 V(326 324 340) M(0) UV(0.15239 0.11694 0.97962 0.11695 0.97962 0.09245)
		3 V(326 340 342) M(0) UV(0.15239 0.11694 0.97962 0.09245 0.09940 0.09245)
		3 V(329 326 342) M(0) UV(0.01775 0.11694 0.15239 0.11694 0.09940 0.09245)
		3 V(329 342 345) M(0) UV(0.01775 0.11694 0.09940 0.09245 0.01775 0.09245)
		3 V(320 321 337) M(0) UV(0.84447 0.05472 0.84447 0.43672 0.89797 0.46144)
		3 V(320 337 336) M(0) UV(0.84447 0.05472 0.89797 0.46144 0.89797 0.05472)
		3 V(321 330 346) M(0) UV(0.84447 0.43672 0.84447 0.49917 0.89797 0.49917)
		3 V(321 346 337) M(0) UV(0.84447 0.43672 0.89797 0.49917 0.89797 0.46144)
		3 V(331 328 344) M(0) UV(0.15287 0.11716 0.15287 0.05472 0.09940 0.05472)
		3 V(331 344 347) M(0) UV(0.15287 0.11716 0.09940 0.05472 0.09940 0.09245)
		3 V(323 331 347) M(0) UV(0.15287 0.49917 0.15287 0.11716 0.09940 0.09245)
		3 V(323 347 339) M(0) UV(0.15287 0.49917 0.09940 0.09245 0.09940 0.49917)
		3 V(330 332 348) M(0) UV(0.97962 0.43672 0.84447 0.43672 0.89797 0.46144)
		3 V(330 348 346) M(0) UV(0.97962 0.43672 0.89797 0.46144 0.97962 0.46144)
		3 V(332 323 339) M(0) UV(0.84447 0.43672 0.01775 0.43673 0.01775 0.46144)
		3 V(332 339 348) M(0) UV(0.84447 0.43672 0.01775 0.46144 0.89797 0.46144)
		3 V(324 325 341) M(0) UV(0.84496 0.05472 0.84496 0.43694 0.89797 0.46144)
		3 V(324 341 340) M(0) UV(0.84496 0.05472 0.89797 0.46144 0.89797 0.05472)
		3 V(325 333 349) M(0) UV(0.84496 0.43694 0.84496 0.49917 0.89797 0.49917)
		3 V(325 349 341) M(0) UV(0.84496 0.43694 0.89797 0.49917 0.89797 0.46144)
		3 V(334 329 345) M(0) UV(0.15239 0.11694 0.15239 0.05472 0.09940 0.05472)
		3 V(334 345 350) M(0) UV(0.15239 0.11694 0.09940 0.05472 0.09940 0.09245)
		3 V(327 334 350) M(0) UV(0.15239 0.49917 0.15239 0.11694 0.09940 0.09245)
		3 V(327 350 343) M(0) UV(0.15239 0.49917 0.09940 0.09245 0.09940 0.49917)
		3 V(333 335 351) M(0) UV(0.97962 0.43694 0.84496 0.43694 0.89797 0.46144)
		3 V(333 351 349) M(0) UV(0.97962 0.43694 0.89797 0.46144 0.97962 0.46144)
		3 V(335 327 343) M(0) UV(0.84496 0.43694 0.01775 0.43695 0.01775 0.46144)
		3 V(335 343 351) M(0) UV(0.84496 0.43694 0.01775 0.46144 0.89797 0.46144)
		3 V(193 196 354) M(0) UV(0.97962 0.05472 0.01775 0.05472 0.05239 0.07073)
		3 V(193 354 352) M(0) UV(0.97962 0.05472 0.05239 0.07073 0.97962 0.07072)
		3 V(338 336 352) M(0) UV(0.09940 0.09245 0.97962 0.09245 0.97962 0.07072)
		3 V(338 352 354) M(0) UV(0.09940 0.09245 0.97962 0.07072 0.05239 0.07073)
		3 V(344 338 354) M(0) UV(0.01775 0.09245 0.09940 0.09245 0.05239 0.07073)
		3 V(201 204 358) M(0) UV(0.97962 0.05472 0.01775 0.05472 0.05279 0.07091)
		3 V(201 358 356) M(0) UV(0.97962 0.05472 0.05279 0.07091 0.97962 0.07091)
		3 V(342 340 356) M(0) UV(0.09940 0.09245 0.97962 0.09245 0.97962 0.07091)
		3 V(342 356 358) M(0) UV(0.09940 0.09245 0.97962 0.07091 0.05279 0.07091)
		3 V(345 342 358) M(0) UV(0.01775 0.09245 0.09940 0.09245 0.05279 0.07091)
		3 V(194 193 352) M(0) UV(0.97962 0.49917 0.97962 0.05472 0.94500 0.05472)
		3 V(194 352 353) M(0) UV(0.97962 0.49917 0.94500 0.05472 0.94500 0.48317)
		3 V(336 337 353) M(0) UV(0.89797 0.05472 0.89797 0.46144 0.94500 0.48317)
		3 V(336 353 352) M(0) UV(0.89797 0.05472 0.94500 0.48317 0.94500 0.05472)
		3 V(337 346 360) M(0) UV(0.89797 0.46144 0.89797 0.49917 0.94500 0.49917)
		3 V(337 360 353) M(0) UV(0.89797 0.46144 0.94500 0.49917 0.94500 0.48317)
		3 V(347 344 354) M(0) UV(0.09940 0.09245 0.09940 0.05472 0.05239 0.05472)
		3 V(347 354 361) M(0) UV(0.09940 0.09245 0.05239 0.05472 0.05239 0.07073)
		3 V(196 199 355) M(0) UV(0.01775 0.05472 0.01775 0.49917 0.05239 0.49917)
		3 V(196 355 361) M(0) UV(0.01775 0.05472 0.05239 0.49917 0.05239 0.07073)
		3 V(339 347 361) M(0) UV(0.09940 0.49917 0.09940 0.09245 0.05239 0.07073)
		3 V(339 361 355) M(0) UV(0.09940 0.49917 0.05239 0.07073 0.05239 0.49917)
		3 V(346 348 360) M(0) UV(0.97962 0.46144 0.89797 0.46144 0.94500 0.48317)
		3 V(199 194 360) M(0) UV(0.01775 0.49917 0.97962 0.49917 0.94500 0.48317)
		3 V(199 360 355) M(0) UV(0.01775 0.49917 0.94500 0.48317 0.01775 0.48316)
		3 V(348 339 355) M(0) UV(0.89797 0.46144 0.01775 0.46144 0.01775 0.48316)
		3 V(348 355 360) M(0) UV(0.89797 0.46144 0.01775 0.48316 0.94500 0.48317)
		3 V(202 201 356) M(0) UV(0.97962 0.49917 0.97962 0.05472 0.94459 0.05472)
		3 V(202 356 357) M(0) UV(0.97962 0.49917 0.94459 0.05472 0.94459 0.48299)
		3 V(340 341 357) M(0) UV(0.89797 0.05472 0.89797 0.46144 0.94459 0.48299)
		3 V(340 357 356) M(0) UV(0.89797 0.05472 0.94459 0.48299 0.94459 0.05472)
		3 V(341 349 362) M(0) UV(0.89797 0.46144 0.89797 0.49917 0.94459 0.49917)
		3 V(341 362 357) M(0) UV(0.89797 0.46144 0.94459 0.49917 0.94459 0.48299)
		3 V(350 345 358) M(0) UV(0.09940 0.09245 0.09940 0.05472 0.05279 0.05472)
		3 V(350 358 363) M(0) UV(0.09940 0.09245 0.05279 0.05472 0.05279 0.07091)
		3 V(204 207 359) M(0) UV(0.01775 0.05472 0.01775 0.49917 0.05279 0.49917)
		3 V(204 359 363) M(0) UV(0.01775 0.05472 0.05279 0.49917 0.05279 0.07091)
		3 V(343 350 363) M(0) UV(0.09940 0.49917 0.09940 0.09245 0.05279 0.07091)
		3 V(343 363 359) M(0) UV(0.09940 0.49917 0.05279 0.07091 0.05279 0.49917)
		3 V(349 351 362) M(0) UV(0.97962 0.46144 0.89797 0.46144 0.94459 0.48299)
		3 V(207 202 362) M(0) UV(0.01775 0.49917 0.97962 0.49917 0.94459 0.48299)
		3 V(207 362 359) M(0) UV(0.01775 0.49917 0.94459 0.48299 0.01775 0.48298)
		3 V(351 343 359) M(0) UV(0.89797 0.46144 0.01775 0.46144 0.01775 0.48298)
		3 V(351 359 362) M(0) UV(0.89797 0.46144 0.01775 0.48298 0.94459 0.48299)
		3 V(208 210 368) M(0) UV(0.97962 0.27734 0.49954 0.27734 0.55038 0.30083)
		3 V(208 368 364) M(0) UV(0.97962 0.27734 0.55038 0.30083 0.97962 0.30083)
		3 V(210 216 366) M(0) UV(0.49954 0.27734 0.01775 0.27734 0.01775 0.30084)
		3 V(210 366 368) M(0) UV(0.49954 0.27734 0.01775 0.30084 0.55038 0.30083)
		3 V(212 214 374) M(0) UV(0.97962 0.27751 0.49992 0.27751 0.55096 0.30110)
		3 V(212 374 370) M(0) UV(0.97962 0.27751 0.55096 0.30110 0.97962 0.30109)
		3 V(214 217 372) M(0) UV(0.49992 0.27751 0.01775 0.27752 0.01775 0.30111)
		3 V(214 372 374) M(0) UV(0.49992 0.27751 0.01775 0.30111 0.55096 0.30110)
		3 V(218 208 364) M(0) UV(0.49784 0.27655 0.49784 0.05472 0.44699 0.05472)
		3 V(218 364 376) M(0) UV(0.49784 0.27655 0.44699 0.05472 0.44699 0.25306)
		3 V(209 218 376) M(0) UV(0.49784 0.49917 0.49784 0.27655 0.44699 0.25306)
		3 V(209 376 365) M(0) UV(0.49784 0.49917 0.44699 0.25306 0.44699 0.49917)
		3 V(366 216 219) M(0) UV(0.55040 0.05472 0.49954 0.05472 0.49954 0.27734)
		3 V(366 219 367) M(0) UV(0.55040 0.05472 0.49954 0.27734 0.55040 0.30084)
		3 V(219 211 377) M(0) UV(0.49954 0.27734 0.49954 0.49917 0.55040 0.49917)
		3 V(219 377 367) M(0) UV(0.49954 0.27734 0.55040 0.49917 0.55040 0.30084)
		3 V(220 209 365) M(0) UV(0.49783 0.27655 0.97962 0.27655 0.97962 0.25306)
		3 V(220 365 369) M(0) UV(0.49783 0.27655 0.97962 0.25306 0.44697 0.25305)
		3 V(211 220 369) M(0) UV(0.01775 0.27655 0.49783 0.27655 0.44697 0.25305)
		3 V(211 369 377) M(0) UV(0.01775 0.27655 0.44697 0.25305 0.01775 0.25305)
		3 V(221 212 370) M(0) UV(0.49746 0.27638 0.49746 0.05472 0.44643 0.05472)
		3 V(221 370 378) M(0) UV(0.49746 0.27638 0.44643 0.05472 0.44643 0.25280)
		3 V(213 221 378) M(0) UV(0.49746 0.49917 0.49746 0.27638 0.44643 0.25280)
		3 V(213 378 371) M(0) UV(0.49746 0.49917 0.44643 0.25280 0.44643 0.49917)
		3 V(217 222 373) M(0) UV(0.49993 0.05472 0.49993 0.27752 0.55097 0.30111)
		3 V(217 373 372) M(0) UV(0.49993 0.05472 0.55097 0.30111 0.55097 0.05472)
		3 V(222 215 379) M(0) UV(0.49993 0.27752 0.49993 0.49917 0.55097 0.49917)
		3 V(222 379 373) M(0) UV(0.49993 0.27752 0.55097 0.49917 0.55097 0.30111)
		3 V(223 213 371) M(0) UV(0.49745 0.27638 0.97962 0.27638 0.97962 0.25280)
		3 V(223 371 375) M(0) UV(0.49745 0.27638 0.97962 0.25280 0.44641 0.25279)
		3 V(215 223 375) M(0) UV(0.01775 0.27637 0.49745 0.27638 0.44641 0.25279)
		3 V(215 375 379) M(0) UV(0.01775 0.27637 0.44641 0.25279 0.01775 0.25279)
		3 V(364 368 384) M(0) UV(0.97962 0.30083 0.55038 0.30083 0.60036 0.32393)
		3 V(364 384 380) M(0) UV(0.97962 0.30083 0.60036 0.32393 0.97962 0.32393)
		3 V(368 366 382) M(0) UV(0.55038 0.30083 0.01775 0.30084 0.01775 0.32393)
		3 V(368 382 384) M(0) UV(0.55038 0.30083 0.01775 0.32393 0.60036 0.32393)
		3 V(370 374 390) M(0) UV(0.97962 0.30109 0.55096 0.30110 0.60036 0.32393)
		3 V(370 390 386) M(0) UV(0.97962 0.30109 0.60036 0.32393 0.97962 0.32393)
		3 V(374 372 388) M(0) UV(0.55096 0.30110 0.01775 0.30111 0.01775 0.32393)
		3 V(374 388 390) M(0) UV(0.55096 0.30110 0.01775 0.32393 0.60036 0.32393)
		3 V(376 364 380) M(0) UV(0.44699 0.25306 0.44699 0.05472 0.39701 0.05472)
		3 V(376 380 392) M(0) UV(0.44699 0.25306 0.39701 0.05472 0.39701 0.22996)
		3 V(365 376 392) M(0) UV(0.44699 0.49917 0.44699 0.25306 0.39701 0.22996)
		3 V(365 392 381) M(0) UV(0.44699 0.49917 0.39701 0.22996 0.39701 0.49917)
		3 V(366 367 383) M(0) UV(0.55040 0.05472 0.55040 0.30084 0.60036 0.32393)
		3 V(366 383 382) M(0) UV(0.55040 0.05472 0.60036 0.32393 0.60036 0.05472)
		3 V(367 377 393) M(0) UV(0.55040 0.30084 0.55040 0.49917 0.60036 0.49917)
		3 V(367 393 383) M(0) UV(0.55040 0.30084 0.60036 0.49917 0.60036 0.32393)
		3 V(369 365 381) M(0) UV(0.44697 0.25305 0.97962 0.25306 0.97962 0.22996)
		3 V(369 381 385) M(0) UV(0.44697 0.25305 0.97962 0.22996 0.39701 0.22996)
		3 V(377 369 385) M(0) UV(0.01775 0.25305 0.44697 0.25305 0.39701 0.22996)
		3 V(377 385 393) M(0) UV(0.01775 0.25305 0.39701 0.22996 0.01775 0.22996)
		3 V(378 370 386) M(0) UV(0.44643 0.25280 0.44643 0.05472 0.39701 0.05472)
		3 V(378 386 394) M(0) UV(0.44643 0.25280 0.39701 0.05472 0.39701 0.22996)
		3 V(371 378 394) M(0) UV(0.44643 0.49917 0.44643 0.25280 0.39701 0.22996)
		3 V(371 394 387) M(0) UV(0.44643 0.49917 0.39701 0.22996 0.39701 0.49917)
		3 V(372 373 389) M(0) UV(0.55097 0.05472 0.55097 0.30111 0.60036 0.32393)
		3 V(372 389 388) M(0) UV(0.55097 0.05472 0.60036 0.32393 0.60036 0.05472)
		3 V(373 379 395) M(0) UV(0.55097 0.30111 0.55097 0.49917 0.60036 0.49917)
		3 V(373 395 389) M(0) UV(0.55097 0.30111 0.60036 0.49917 0.60036 0.32393)
		3 V(375 371 387) M(0) UV(0.44641 0.25279 0.97962 0.25280 0.97962 0.22996)
		3 V(375 387 391) M(0) UV(0.44641 0.25279 0.97962 0.22996 0.39701 0.22996)
		3 V(379 375 391) M(0) UV(0.01775 0.25279 0.44641 0.25279 0.39701 0.22996)
		3 V(379 391 395) M(0) UV(0.01775 0.25279 0.39701 0.22996 0.01775 0.22996)
		3 V(380 384 400) M(0) UV(0.97962 0.32393 0.60036 0.32393 0.64837 0.34611)
		3 V(380 400 396) M(0) UV(0.97962 0.32393 0.64837 0.34611 0.97962 0.34611)
		3 V(384 382 398) M(0) UV(0.60036 0.32393 0.01775 0.32393 0.01775 0.34610)
		3 V(384 398 400) M(0) UV(0.60036 0.32393 0.01775 0.34610 0.64837 0.34611)
		3 V(386 390 406) M(0) UV(0.97962 0.32393 0.60036 0.32393 0.64776 0.34583)
		3 V(386 406 402) M(0) UV(0.97962 0.32393 0.64776 0.34583 0.97962 0.34583)
		3 V(390 388 404) M(0) UV(0.60036 0.32393 0.01775 0.32393 0.01775 0.34582)
		3 V(390 404 406) M(0) UV(0.60036 0.32393 0.01775 0.34582 0.64776 0.34583)
		3 V(392 380 396) M(0) UV(0.39701 0.22996 0.39701 0.05472 0.34899 0.05472)
		3 V(392 396 408) M(0) UV(0.39701 0.22996 0.34899 0.05472 0.34899 0.20778)
		3 V(381 392 408) M(0) UV(0.39701 0.49917 0.39701 0.22996 0.34899 0.20778)
		3 V(381 408 397) M(0) UV(0.39701 0.49917 0.34899 0.20778 0.34899 0.49917)
		3 V(382 383 399) M(0) UV(0.60036 0.05472 0.60036 0.32393 0.64835 0.34610)
		3 V(382 399 398) M(0) UV(0.60036 0.05472 0.64835 0.34610 0.64835 0.05472)
		3 V(383 393 409) M(0) UV(0.60036 0.32393 0.60036 0.49917 0.64835 0.49917)
		3 V(383 409 399) M(0) UV(0.60036 0.32393 0.64835 0.49917 0.64835 0.34610)
		3 V(385 381 397) M(0) UV(0.39701 0.22996 0.97962 0.22996 0.97962 0.20778)
		3 V(385 397 401) M(0) UV(0.39701 0.22996 0.97962 0.20778 0.34901 0.20779)
		3 V(393 385 401) M(0) UV(0.01775 0.22996 0.39701 0.22996 0.34901 0.20779)
		3 V(393 401 409) M(0) UV(0.01775 0.22996 0.34901 0.20779 0.01775 0.20779)
		3 V(394 386 402) M(0) UV(0.39701 0.22996 0.39701 0.05472 0.34960 0.05472)
		3 V(394 402 410) M(0) UV(0.39701 0.22996 0.34960 0.05472 0.34960 0.20806)
		3 V(403 387 394) M(0) UV(0.34960 0.49917 0.39701 0.49917 0.39701 0.22996)
		3 V(403 394 410) M(0) UV(0.34960 0.49917 0.39701 0.22996 0.34960 0.20806)
		3 V(388 389 405) M(0) UV(0.60036 0.05472 0.60036 0.32393 0.64774 0.34582)
		3 V(388 405 404) M(0) UV(0.60036 0.05472 0.64774 0.34582 0.64774 0.05472)
		3 V(389 395 411) M(0) UV(0.60036 0.32393 0.60036 0.49917 0.64774 0.49917)
		3 V(389 411 405) M(0) UV(0.60036 0.32393 0.64774 0.49917 0.64774 0.34582)
		3 V(391 387 403) M(0) UV(0.39701 0.22996 0.97962 0.22996 0.97962 0.20806)
		3 V(391 403 407) M(0) UV(0.39701 0.22996 0.97962 0.20806 0.34961 0.20807)
		3 V(395 391 407) M(0) UV(0.01775 0.22996 0.39701 0.22996 0.34961 0.20807)
		3 V(395 407 411) M(0) UV(0.01775 0.22996 0.34961 0.20807 0.01775 0.20807)
		3 V(396 400 416) M(0) UV(0.97962 0.34611 0.64837 0.34611 0.69806 0.36907)
		3 V(396 416 412) M(0) UV(0.97962 0.34611 0.69806 0.36907 0.97962 0.36907)
		3 V(400 398 414) M(0) UV(0.64837 0.34611 0.01775 0.34610 0.01775 0.36908)
		3 V(400 414 416) M(0) UV(0.64837 0.34611 0.01775 0.36908 0.69806 0.36907)
		3 V(402 406 422) M(0) UV(0.97962 0.34583 0.64776 0.34583 0.69856 0.36930)
		3 V(402 422 418) M(0) UV(0.97962 0.34583 0.69856 0.36930 0.97962 0.36930)
		3 V(406 404 420) M(0) UV(0.64776 0.34583 0.01775 0.34582 0.01775 0.36931)
		3 V(406 420 422) M(0) UV(0.64776 0.34583 0.01775 0.36931 0.69856 0.36930)
		3 V(408 396 412) M(0) UV(0.34899 0.20778 0.34899 0.05472 0.29932 0.05472)
		3 V(408 412 424) M(0) UV(0.34899 0.20778 0.29932 0.05472 0.29932 0.18483)
		3 V(397 408 424) M(0) UV(0.34899 0.49917 0.34899 0.20778 0.29932 0.18483)
		3 V(397 424 413) M(0) UV(0.34899 0.49917 0.29932 0.18483 0.29932 0.49917)
		3 V(398 399 415) M(0) UV(0.64835 0.05472 0.64835 0.34610 0.69808 0.36908)
		3 V(398 415 414) M(0) UV(0.64835 0.05472 0.69808 0.36908 0.69808 0.05472)
		3 V(399 409 425) M(0) UV(0.64835 0.34610 0.64835 0.49917 0.69808 0.49917)
		3 V(399 425 415) M(0) UV(0.64835 0.34610 0.69808 0.49917 0.69808 0.36908)
		3 V(401 397 413) M(0) UV(0.34901 0.20779 0.97962 0.20778 0.97962 0.18483)
		3 V(401 413 417) M(0) UV(0.34901 0.20779 0.97962 0.18483 0.29930 0.18482)
		3 V(409 401 417) M(0) UV(0.01775 0.20779 0.34901 0.20779 0.29930 0.18482)
		3 V(409 417 425) M(0) UV(0.01775 0.20779 0.29930 0.18482 0.01775 0.18481)
		3 V(410 402 418) M(0) UV(0.34960 0.20806 0.34960 0.05472 0.29882 0.05472)
		3 V(410 418 426) M(0) UV(0.34960 0.20806 0.29882 0.05472 0.29882 0.18459)
		3 V(403 410 426) M(0) UV(0.34960 0.49917 0.34960 0.20806 0.29882 0.18459)
		3 V(403 426 419) M(0) UV(0.34960 0.49917 0.29882 0.18459 0.29882 0.49917)
		3 V(420 404 405) M(0) UV(0.69858 0.05472 0.64774 0.05472 0.64774 0.34582)
		3 V(420 405 421) M(0) UV(0.69858 0.05472 0.64774 0.34582 0.69858 0.36931)
		3 V(405 411 427) M(0) UV(0.64774 0.34582 0.64774 0.49917 0.69858 0.49917)
		3 V(405 427 421) M(0) UV(0.64774 0.34582 0.69858 0.49917 0.69858 0.36931)
		3 V(407 403 419) M(0) UV(0.34961 0.20807 0.97962 0.20806 0.97962 0.18459)
		3 V(407 419 423) M(0) UV(0.34961 0.20807 0.97962 0.18459 0.29880 0.18459)
		3 V(411 407 423) M(0) UV(0.01775 0.20807 0.34961 0.20807 0.29880 0.18459)
		3 V(411 423 427) M(0) UV(0.01775 0.20807 0.29880 0.18459 0.01775 0.18458)
		3 V(412 416 432) M(0) UV(0.97962 0.36907 0.69806 0.36907 0.74718 0.39177)
		3 V(412 432 428) M(0) UV(0.97962 0.36907 0.74718 0.39177 0.97962 0.39177)
		3 V(416 414 430) M(0) UV(0.69806 0.36907 0.01775 0.36908 0.01775 0.39178)
		3 V(416 430 432) M(0) UV(0.69806 0.36907 0.01775 0.39178 0.74718 0.39177)
		3 V(418 422 438) M(0) UV(0.97962 0.36930 0.69856 0.36930 0.74772 0.39202)
		3 V(418 438 434) M(0) UV(0.97962 0.36930 0.74772 0.39202 0.97962 0.39201)
		3 V(422 420 436) M(0) UV(0.69856 0.36930 0.01775 0.36931 0.01775 0.39203)
		3 V(422 436 438) M(0) UV(0.69856 0.36930 0.01775 0.39203 0.74772 0.39202)
		3 V(424 412 428) M(0) UV(0.29932 0.18483 0.29932 0.05472 0.25019 0.05472)
		3 V(424 428 440) M(0) UV(0.29932 0.18483 0.25019 0.05472 0.25019 0.16212)
		3 V(413 424 440) M(0) UV(0.29932 0.49917 0.29932 0.18483 0.25019 0.16212)
		3 V(413 440 429) M(0) UV(0.29932 0.49917 0.25019 0.16212 0.25019 0.49917)
		3 V(414 415 431) M(0) UV(0.69808 0.05472 0.69808 0.36908 0.74720 0.39178)
		3 V(414 431 430) M(0) UV(0.69808 0.05472 0.74720 0.39178 0.74720 0.05472)
		3 V(415 425 441) M(0) UV(0.69808 0.36908 0.69808 0.49917 0.74720 0.49917)
		3 V(415 441 431) M(0) UV(0.69808 0.36908 0.74720 0.49917 0.74720 0.39178)
		3 V(417 413 429) M(0) UV(0.29930 0.18482 0.97962 0.18483 0.97962 0.16212)
		3 V(417 429 433) M(0) UV(0.29930 0.18482 0.97962 0.16212 0.25017 0.16211)
		3 V(425 417 433) M(0) UV(0.01775 0.18481 0.29930 0.18482 0.25017 0.16211)
		3 V(425 433 441) M(0) UV(0.01775 0.18481 0.25017 0.16211 0.01775 0.16211)
		3 V(426 418 434) M(0) UV(0.29882 0.18459 0.29882 0.05472 0.24966 0.05472)
		3 V(426 434 442) M(0) UV(0.29882 0.18459 0.24966 0.05472 0.24966 0.16188)
		3 V(419 426 442) M(0) UV(0.29882 0.49917 0.29882 0.18459 0.24966 0.16188)
		3 V(419 442 435) M(0) UV(0.29882 0.49917 0.24966 0.16188 0.24966 0.49917)
		3 V(420 421 437) M(0) UV(0.69858 0.05472 0.69858 0.36931 0.74774 0.39203)
		3 V(420 437 436) M(0) UV(0.69858 0.05472 0.74774 0.39203 0.74774 0.05472)
		3 V(421 427 443) M(0) UV(0.69858 0.36931 0.69858 0.49917 0.74774 0.49917)
		3 V(421 443 437) M(0) UV(0.69858 0.36931 0.74774 0.49917 0.74774 0.39203)
		3 V(423 419 435) M(0) UV(0.29880 0.18459 0.97962 0.18459 0.97962 0.16188)
		3 V(423 435 439) M(0) UV(0.29880 0.18459 0.97962 0.16188 0.24964 0.16187)
		3 V(427 423 439) M(0) UV(0.01775 0.18458 0.29880 0.18459 0.24964 0.16187)
		3 V(427 439 443) M(0) UV(0.01775 0.18458 0.24964 0.16187 0.01775 0.16187)
		3 V(428 432 448) M(0) UV(0.97962 0.39177 0.74718 0.39177 0.79688 0.41473)
		3 V(428 448 444) M(0) UV(0.97962 0.39177 0.79688 0.41473 0.97962 0.41473)
		3 V(432 430 446) M(0) UV(0.74718 0.39177 0.01775 0.39178 0.01775 0.41472)
		3 V(432 446 448) M(0) UV(0.74718 0.39177 0.01775 0.41472 0.79688 0.41473)
		3 V(434 438 454) M(0) UV(0.97962 0.39201 0.74772 0.39202 0.79629 0.41446)
		3 V(434 454 450) M(0) UV(0.97962 0.39201 0.79629 0.41446 0.97962 0.41446)
		3 V(438 436 452) M(0) UV(0.74772 0.39202 0.01775 0.39203 0.01775 0.41445)
		3 V(438 452 454) M(0) UV(0.74772 0.39202 0.01775 0.41445 0.79629 0.41446)
		3 V(440 428 444) M(0) UV(0.25019 0.16212 0.25019 0.05472 0.20049 0.05472)
		3 V(440 444 456) M(0) UV(0.25019 0.16212 0.20049 0.05472 0.20049 0.13916)
		3 V(429 440 456) M(0) UV(0.25019 0.49917 0.25019 0.16212 0.20049 0.13916)
		3 V(429 456 445) M(0) UV(0.25019 0.49917 0.20049 0.13916 0.20049 0.49917)
		3 V(430 431 447) M(0) UV(0.74720 0.05472 0.74720 0.39178 0.79685 0.41472)
		3 V(430 447 446) M(0) UV(0.74720 0.05472 0.79685 0.41472 0.79685 0.05472)
		3 V(431 441 457) M(0) UV(0.74720 0.39178 0.74720 0.49917 0.79685 0.49917)
		3 V(431 457 447) M(0) UV(0.74720 0.39178 0.79685 0.49917 0.79685 0.41472)
		3 V(433 429 445) M(0) UV(0.25017 0.16211 0.97962 0.16212 0.97962 0.13916)
		3 V(433 445 449) M(0) UV(0.25017 0.16211 0.97962 0.13916 0.20051 0.13917)
		3 V(441 433 449) M(0) UV(0.01775 0.16211 0.25017 0.16211 0.20051 0.13917)
		3 V(441 449 457) M(0) UV(0.01775 0.16211 0.20051 0.13917 0.01775 0.13917)
		3 V(442 434 450) M(0) UV(0.24966 0.16188 0.24966 0.05472 0.20106 0.05472)
		3 V(442 450 458) M(0) UV(0.24966 0.16188 0.20106 0.05472 0.20106 0.13943)
		3 V(435 442 458) M(0) UV(0.24966 0.49917 0.24966 0.16188 0.20106 0.13943)
		3 V(435 458 451) M(0) UV(0.24966 0.49917 0.20106 0.13943 0.20106 0.49917)
		3 V(436 437 453) M(0) UV(0.74774 0.05472 0.74774 0.39203 0.79628 0.41445)
		3 V(436 453 452) M(0) UV(0.74774 0.05472 0.79628 0.41445 0.79628 0.05472)
		3 V(437 443 459) M(0) UV(0.74774 0.39203 0.74774 0.49917 0.79628 0.49917)
		3 V(437 459 453) M(0) UV(0.74774 0.39203 0.79628 0.49917 0.79628 0.41445)
		3 V(439 435 451) M(0) UV(0.24964 0.16187 0.97962 0.16188 0.97962 0.13943)
		3 V(439 451 455) M(0) UV(0.24964 0.16187 0.97962 0.13943 0.20108 0.13943)
		3 V(443 439 455) M(0) UV(0.01775 0.16187 0.24964 0.16187 0.20108 0.13943)
		3 V(443 455 459) M(0) UV(0.01775 0.16187 0.20108 0.13943 0.01775 0.13944)
		3 V(444 448 464) M(0) UV(0.97962 0.41473 0.79688 0.41473 0.84622 0.43753)
		3 V(444 464 460) M(0) UV(0.97962 0.41473 0.84622 0.43753 0.97962 0.43753)
		3 V(448 446 462) M(0) UV(0.79688 0.41473 0.01775 0.41472 0.01775 0.43753)
		3 V(448 462 464) M(0) UV(0.79688 0.41473 0.01775 0.43753 0.84622 0.43753)
		3 V(450 454 470) M(0) UV(0.97962 0.41446 0.79629 0.41446 0.84622 0.43753)
		3 V(450 470 466) M(0) UV(0.97962 0.41446 0.84622 0.43753 0.97962 0.43753)
		3 V(454 452 468) M(0) UV(0.79629 0.41446 0.01775 0.41445 0.01775 0.43753)
		3 V(454 468 470) M(0) UV(0.79629 0.41446 0.01775 0.43753 0.84622 0.43753)
		3 V(456 444 460) M(0) UV(0.20049 0.13916 0.20049 0.05472 0.15115 0.05472)
		3 V(456 460 472) M(0) UV(0.20049 0.13916 0.15115 0.05472 0.15115 0.11636)
		3 V(445 456 472) M(0) UV(0.20049 0.49917 0.20049 0.13916 0.15115 0.11636)
		3 V(445 472 461) M(0) UV(0.20049 0.49917 0.15115 0.11636 0.15115 0.49917)
		3 V(446 447 463) M(0) UV(0.79685 0.05472 0.79685 0.41472 0.84622 0.43753)
		3 V(446 463 462) M(0) UV(0.79685 0.05472 0.84622 0.43753 0.84622 0.05472)
		3 V(447 457 473) M(0) UV(0.79685 0.41472 0.79685 0.49917 0.84622 0.49917)
		3 V(447 473 463) M(0) UV(0.79685 0.41472 0.84622 0.49917 0.84622 0.43753)
		3 V(449 445 461) M(0) UV(0.20051 0.13917 0.97962 0.13916 0.97962 0.11636)
		3 V(449 461 465) M(0) UV(0.20051 0.13917 0.97962 0.11636 0.15115 0.11636)
		3 V(457 449 465) M(0) UV(0.01775 0.13917 0.20051 0.13917 0.15115 0.11636)
		3 V(457 465 473) M(0) UV(0.01775 0.13917 0.15115 0.11636 0.01775 0.11636)
		3 V(458 450 466) M(0) UV(0.20106 0.13943 0.20106 0.05472 0.15115 0.05472)
		3 V(458 466 474) M(0) UV(0.20106 0.13943 0.15115 0.05472 0.15115 0.11636)
		3 V(451 458 474) M(0) UV(0.20106 0.49917 0.20106 0.13943 0.15115 0.11636)
		3 V(451 474 467) M(0) UV(0.20106 0.49917 0.15115 0.11636 0.15115 0.49917)
		3 V(452 453 469) M(0) UV(0.79628 0.05472 0.79628 0.41445 0.84622 0.43753)
		3 V(452 469 468) M(0) UV(0.79628 0.05472 0.84622 0.43753 0.84622 0.05472)
		3 V(453 459 475) M(0) UV(0.79628 0.41445 0.79628 0.49917 0.84622 0.49917)
		3 V(453 475 469) M(0) UV(0.79628 0.41445 0.84622 0.49917 0.84622 0.43753)
		3 V(455 451 467) M(0) UV(0.20108 0.13943 0.97962 0.13943 0.97962 0.11636)
		3 V(455 467 471) M(0) UV(0.20108 0.13943 0.97962 0.11636 0.15115 0.11636)
		3 V(459 455 471) M(0) UV(0.01775 0.13944 0.20108 0.13943 0.15115 0.11636)
		3 V(459 471 475) M(0) UV(0.01775 0.13944 0.15115 0.11636 0.01775 0.11636)
		3 V(460 464 480) M(0) UV(0.97962 0.43753 0.84622 0.43753 0.89446 0.45982)
		3 V(460 480 476) M(0) UV(0.97962 0.43753 0.89446 0.45982 0.97962 0.45982)
		3 V(464 462 478) M(0) UV(0.84622 0.43753 0.01775 0.43753 0.01775 0.45982)
		3 V(464 478 480) M(0) UV(0.84622 0.43753 0.01775 0.45982 0.89446 0.45982)
		3 V(466 470 486) M(0) UV(0.97962 0.43753 0.84622 0.43753 0.89446 0.45982)
		3 V(466 486 482) M(0) UV(0.97962 0.43753 0.89446 0.45982 0.97962 0.45982)
		3 V(470 468 484) M(0) UV(0.84622 0.43753 0.01775 0.43753 0.01775 0.45982)
		3 V(470 484 486) M(0) UV(0.84622 0.43753 0.01775 0.45982 0.89446 0.45982)
		3 V(472 460 476) M(0) UV(0.15115 0.11636 0.15115 0.05472 0.10291 0.05472)
		3 V(472 476 488) M(0) UV(0.15115 0.11636 0.10291 0.05472 0.10291 0.09407)
		3 V(461 472 488) M(0) UV(0.15115 0.49917 0.15115 0.11636 0.10291 0.09407)
		3 V(461 488 477) M(0) UV(0.15115 0.49917 0.10291 0.09407 0.10291 0.49917)
		3 V(462 463 479) M(0) UV(0.84622 0.05472 0.84622 0.43753 0.89446 0.45982)
		3 V(462 479 478) M(0) UV(0.84622 0.05472 0.89446 0.45982 0.89446 0.05472)
		3 V(463 473 489) M(0) UV(0.84622 0.43753 0.84622 0.49917 0.89446 0.49917)
		3 V(463 489 479) M(0) UV(0.84622 0.43753 0.89446 0.49917 0.89446 0.45982)
		3 V(465 461 477) M(0) UV(0.15115 0.11636 0.97962 0.11636 0.97962 0.09407)
		3 V(465 477 481) M(0) UV(0.15115 0.11636 0.97962 0.09407 0.10291 0.09407)
		3 V(473 465 481) M(0) UV(0.01775 0.11636 0.15115 0.11636 0.10291 0.09407)
		3 V(473 481 489) M(0) UV(0.01775 0.11636 0.10291 0.09407 0.01775 0.09407)
		3 V(474 466 482) M(0) UV(0.15115 0.11636 0.15115 0.05472 0.10291 0.05472)
		3 V(474 482 490) M(0) UV(0.15115 0.11636 0.10291 0.05472 0.10291 0.09407)
		3 V(467 474 490) M(0) UV(0.15115 0.49917 0.15115 0.11636 0.10291 0.09407)
		3 V(467 490 483) M(0) UV(0.15115 0.49917 0.10291 0.09407 0.10291 0.49917)
		3 V(468 469 485) M(0) UV(0.84622 0.05472 0.84622 0.43753 0.89446 0.45982)
		3 V(468 485 484) M(0) UV(0.84622 0.05472 0.89446 0.45982 0.89446 0.05472)
		3 V(469 475 491) M(0) UV(0.84622 0.43753 0.84622 0.49917 0.89446 0.49917)
		3 V(469 491 485) M(0) UV(0.84622 0.43753 0.89446 0.49917 0.89446 0.45982)
		3 V(471 467 483) M(0) UV(0.15115 0.11636 0.97962 0.11636 0.97962 0.09407)
		3 V(471 483 487) M(0) UV(0.15115 0.11636 0.97962 0.09407 0.10291 0.09407)
		3 V(475 471 487) M(0) UV(0.01775 0.11636 0.15115 0.11636 0.10291 0.09407)
		3 V(475 487 491) M(0) UV(0.01775 0.11636 0.10291 0.09407 0.01775 0.09407)
		3 V(476 480 492) M(0) UV(0.97962 0.45982 0.89446 0.45982 0.94363 0.48254)
		3 V(197 192 492) M(0) UV(0.01775 0.49917 0.97962 0.49917 0.94363 0.48254)
		3 V(197 492 494) M(0) UV(0.01775 0.49917 0.94363 0.48254 0.01775 0.48254)
		3 V(480 478 494) M(0) UV(0.89446 0.45982 0.01775 0.45982 0.01775 0.48254)
		3 V(480 494 492) M(0) UV(0.89446 0.45982 0.01775 0.48254 0.94363 0.48254)
		3 V(482 486 497) M(0) UV(0.97962 0.45982 0.89446 0.45982 0.94363 0.48254)
		3 V(205 200 497) M(0) UV(0.01775 0.49917 0.97962 0.49917 0.94363 0.48254)
		3 V(205 497 499) M(0) UV(0.01775 0.49917 0.94363 0.48254 0.01775 0.48254)
		3 V(486 484 499) M(0) UV(0.89446 0.45982 0.01775 0.45982 0.01775 0.48254)
		3 V(486 499 497) M(0) UV(0.89446 0.45982 0.01775 0.48254 0.94363 0.48254)
		3 V(488 476 492) M(0) UV(0.10291 0.09407 0.10291 0.05472 0.05374 0.05472)
		3 V(488 492 502) M(0) UV(0.10291 0.09407 0.05374 0.05472 0.05374 0.07135)
		3 V(192 195 493) M(0) UV(0.01775 0.05472 0.01775 0.49917 0.05374 0.49917)
		3 V(192 493 502) M(0) UV(0.01775 0.05472 0.05374 0.49917 0.05374 0.07135)
		3 V(477 488 502) M(0) UV(0.10291 0.49917 0.10291 0.09407 0.05374 0.07135)
		3 V(477 502 493) M(0) UV(0.10291 0.49917 0.05374 0.07135 0.05374 0.49917)
		3 V(198 197 494) M(0) UV(0.97962 0.49917 0.97962 0.05472 0.94363 0.05472)
		3 V(198 494 495) M(0) UV(0.97962 0.49917 0.94363 0.05472 0.94363 0.48254)
		3 V(478 479 495) M(0) UV(0.89446 0.05472 0.89446 0.45982 0.94363 0.48254)
		3 V(478 495 494) M(0) UV(0.89446 0.05472 0.94363 0.48254 0.94363 0.05472)
		3 V(479 489 496) M(0) UV(0.89446 0.45982 0.89446 0.49917 0.94363 0.49917)
		3 V(479 496 495) M(0) UV(0.89446 0.45982 0.94363 0.49917 0.94363 0.48254)
		3 V(195 198 496) M(0) UV(0.97962 0.05472 0.01775 0.05472 0.05374 0.07135)
		3 V(195 496 493) M(0) UV(0.97962 0.05472 0.05374 0.07135 0.97962 0.07135)
		3 V(481 477 493) M(0) UV(0.10291 0.09407 0.97962 0.09407 0.97962 0.07135)
		3 V(481 493 496) M(0) UV(0.10291 0.09407 0.97962 0.07135 0.05374 0.07135)
		3 V(489 481 496) M(0) UV(0.01775 0.09407 0.10291 0.09407 0.05374 0.07135)
		3 V(490 482 497) M(0) UV(0.10291 0.09407 0.10291 0.05472 0.05374 0.05472)
		3 V(490 497 503) M(0) UV(0.10291 0.09407 0.05374 0.05472 0.05374 0.07135)
		3 V(200 203 498) M(0) UV(0.01775 0.05472 0.01775 0.49917 0.05374 0.49917)
		3 V(200 498 503) M(0) UV(0.01775 0.05472 0.05374 0.49917 0.05374 0.07135)
		3 V(483 490 503) M(0) UV(0.10291 0.49917 0.10291 0.09407 0.05374 0.07135)
		3 V(483 503 498) M(0) UV(0.10291 0.49917 0.05374 0.07135 0.05374 0.49917)
		3 V(206 205 499) M(0) UV(0.97962 0.49917 0.97962 0.05472 0.94363 0.05472)
		3 V(206 499 500) M(0) UV(0.97962 0.49917 0.94363 0.05472 0.94363 0.48254)
		3 V(484 485 500) M(0) UV(0.89446 0.05472 0.89446 0.45982 0.94363 0.48254)
		3 V(484 500 499) M(0) UV(0.89446 0.05472 0.94363 0.48254 0.94363 0.05472)
		3 V(485 491 501) M(0) UV(0.89446 0.45982 0.89446 0.49917 0.94363 0.49917)
		3 V(485 501 500) M(0) UV(0.89446 0.45982 0.94363 0.49917 0.94363 0.48254)
		3 V(203 206 501) M(0) UV(0.97962 0.05472 0.01775 0.05472 0.05374 0.07135)
		3 V(203 501 498) M(0) UV(0.97962 0.05472 0.05374 0.07135 0.97962 0.07135)
		3 V(487 483 498) M(0) UV(0.10291 0.09407 0.97962 0.09407 0.97962 0.07135)
		3 V(487 498 501) M(0) UV(0.10291 0.09407 0.97962 0.07135 0.05374 0.07135)
		3 V(491 487 501) M(0) UV(0.01775 0.09407 0.10291 0.09407 0.05374 0.07135)
	}
}
Eof
