Metasequoia Document
Format Text Ver 1.0

Scene {
	pos -0.0001 0.0001 3585.1584
	lookat 67.1231 178.7255 -184.3449
	head -0.9708
	pich 0.3100
	bank 0.0000
	ortho 0
	zoom2 1.9531
	amb 0.250 0.250 0.250
	dirlights 1 {
		light {
			dir 0.408 0.408 0.816
			color 1.000 1.000 1.000
		}
	}
}
Material 1 {
	"mat1" shader(3) col(1.000 1.000 1.000 1.000) dif(0.600) amb(0.250) emi(0.400) spc(0.000) power(5.00)
}
Object "$body" {
	depth 0
	folding 0
	scale 1.000000 1.000000 1.000000
	rotation 0.000000 -0.000000 0.000000
	translation 0.000000 0.000000 0.000000
	visible 15
	locking 1
	shading 1
	facet 59.5
	color 0.898 0.498 0.698
	color_type 0
	vertex 575 {
		24.8666 245.0075 255.6842
		37.9950 169.7939 255.6842
		37.1046 138.3997 212.9888
		23.7753 251.7285 212.9888
		36.1906 123.5098 167.9993
		23.1898 257.5967 167.9993
		36.1906 131.7820 85.2774
		23.1898 267.2131 85.2774
		36.1906 117.7194 19.1000
		21.8980 276.6354 19.1000
		31.6022 97.8661 -2.7178
		23.0273 278.6130 -2.7178
		31.6022 97.8661 -85.9564
		32.4764 278.1992 -85.9564
		32.4764 258.5374 -123.2930
		31.6022 101.1544 -123.2930
		31.6022 114.3898 -283.7729
		32.4764 258.5374 -283.7729
		17.0665 298.8589 -283.7729
		0.0000 258.5374 -500.5044
		0.0000 137.5518 -487.2686
		6.8154 264.9432 -522.0121
		0.0000 159.0596 -583.2258
		0.0000 203.7291 -688.2826
		0.0000 269.0876 -671.7316
		9.8088 374.9633 -598.9432
		9.8088 374.9633 -624.5862
		0.0000 382.4082 -586.5349
		0.0000 381.5810 -636.9952
		0.0000 392.7131 -606.0119
		0.0000 391.7031 -616.7156
		50.6734 172.2355 212.9888
		55.4148 172.2355 167.9993
		57.0781 172.2355 85.2774
		58.7325 172.2355 19.1000
		57.9051 172.2355 -2.7178
		56.2508 172.2355 -85.9564
		56.2508 172.2355 -123.2930
		51.2874 172.2355 -283.7729
		37.5440 172.2355 -491.0629
		32.1769 172.2355 -575.6090
		37.1818 223.8538 255.6842
		50.6734 223.8538 212.9888
		55.4148 223.8538 167.9993
		57.0781 223.8538 85.2774
		58.7325 223.8538 19.1000
		57.9051 223.8538 -2.7178
		56.2508 223.8538 -85.9564
		56.2508 223.8538 -123.2930
		51.2874 223.8538 -283.7729
		30.4484 223.8538 -496.7097
		32.1769 223.8538 -545.7665
		0.0000 182.5138 -677.8636
		0.0000 108.5525 19.6903
		0.0000 114.2396 77.0783
		0.0000 103.8992 167.0383
		0.0000 119.1509 212.9888
		0.0000 138.5390 242.5865
		0.0000 84.7384 1.6351
		0.0000 83.1874 -85.7398
		0.0000 86.8065 -127.6177
		0.0000 101.7999 -285.3060
		-24.8666 245.0075 255.6842
		-37.9950 169.7939 255.6842
		-37.1046 138.3997 212.9888
		-23.7753 251.7285 212.9888
		-36.1906 123.5098 167.9993
		-23.1898 257.5967 167.9993
		-36.1906 131.7820 85.2774
		-23.1898 267.2131 85.2774
		-36.1906 117.7194 19.1000
		-21.8980 276.6354 19.1000
		-31.6022 97.8661 -2.7178
		-23.0273 278.6130 -2.7178
		-31.6022 97.8661 -85.9564
		-32.4764 278.1992 -85.9564
		-32.4764 258.5374 -123.2930
		-31.6022 101.1544 -123.2930
		-31.6022 114.3898 -283.7729
		-32.4764 258.5374 -283.7729
		-17.0665 298.8589 -283.7729
		0.0000 258.5374 -500.5044
		-6.8154 264.9432 -522.0121
		0.0000 269.0876 -671.7316
		-9.8088 374.9633 -598.9432
		-9.8088 374.9633 -624.5862
		-50.6734 172.2355 212.9888
		-55.4148 172.2355 167.9993
		-57.0781 172.2355 85.2774
		-58.7325 172.2355 19.1000
		-57.9051 172.2355 -2.7178
		-56.2508 172.2355 -85.9564
		-56.2508 172.2355 -123.2930
		-51.2874 172.2355 -283.7729
		-37.5440 172.2355 -491.0629
		-32.1769 172.2355 -575.6090
		-37.1818 223.8538 255.6842
		-50.6734 223.8538 212.9888
		-55.4148 223.8538 167.9993
		-57.0781 223.8538 85.2774
		-58.7325 223.8538 19.1000
		-57.9051 223.8538 -2.7178
		-56.2508 223.8538 -85.9564
		-56.2508 223.8538 -123.2930
		-51.2874 223.8538 -283.7729
		-30.4484 223.8538 -496.7097
		-32.1769 223.8538 -545.7665
		0.0000 219.3035 254.5412
		3.3774 217.9044 254.5412
		4.7763 214.5269 254.5412
		3.3774 211.1500 254.5412
		0.0000 209.7512 254.5412
		-3.3774 211.1500 254.5412
		-4.7763 214.5269 254.5412
		-3.3774 217.9044 254.5412
		0.0000 219.3035 324.7711
		3.3774 217.9044 324.7711
		4.7763 214.5269 324.7711
		3.3774 211.1500 324.7711
		0.0000 209.7512 324.7711
		-3.3774 211.1500 324.7711
		-4.7763 214.5269 324.7711
		-3.3774 217.9044 324.7711
		0.0000 214.5269 316.3624
		-28.1952 107.4560 90.1119
		-20.1861 84.9335 82.2356
		28.1952 107.4560 90.1119
		20.1861 84.9335 82.2356
		28.1952 107.4560 18.7279
		20.1861 84.9335 18.7279
		-28.1952 107.4560 18.7279
		-20.1861 84.9335 18.7279
		-29.9342 100.5066 90.1119
		29.9342 100.5066 90.1119
		29.9342 100.5066 18.7279
		-29.9342 100.5066 18.7279
		-22.4585 88.5639 84.0717
		22.4585 88.5639 84.0717
		-23.9163 100.4992 64.7188
		23.9163 100.4992 64.7188
		-17.9435 88.5564 64.7188
		17.9435 88.5564 64.7188
		-3.4836 151.7618 -542.4634
		-2.0026 113.2833 -591.4415
		3.4836 151.7618 -542.4634
		2.0026 113.2833 -591.4415
		3.4836 160.3829 -577.9985
		2.0026 117.6825 -593.5833
		-3.4836 160.3829 -577.9985
		-2.0026 117.6825 -593.5833
		-3.4836 129.0954 -562.8301
		3.4836 129.0954 -562.8301
		3.4836 131.7442 -567.3038
		-3.4836 131.7442 -567.3038
		-3.4836 142.8587 -559.1137
		3.4836 142.8587 -559.1137
		3.4836 144.4136 -564.2199
		-3.4836 144.4136 -564.2199
		17.0665 298.8589 -283.7729
		32.4764 258.5374 -283.7729
		32.4764 258.5374 -123.2930
		18.7630 314.5573 -123.2237
		-17.0665 298.8589 -283.7729
		-32.4764 258.5374 -283.7729
		-32.4764 258.5374 -123.2930
		-18.7630 314.5573 -123.2237
		32.4764 258.5374 -123.2930
		32.4764 278.1992 -85.9564
		-32.4764 258.5374 -123.2930
		-32.4764 278.1992 -85.9564
		32.4764 278.1992 -85.9564
		-32.4764 278.1992 -85.9564
		32.4764 265.1455 -123.2850
		-32.4764 265.1455 -123.2850
		29.6282 282.0387 -89.8572
		-29.6282 282.0387 -89.8572
		29.9879 265.0486 -283.7729
		-29.9879 265.0486 -283.7729
		15.7179 304.9889 -222.3489
		-15.7179 304.9889 -222.3489
		15.7179 304.9889 -222.3489
		-15.7179 304.9889 -222.3489
		31.0339 265.0894 -216.3160
		-31.0339 265.0894 -216.3160
		20.5268 308.1997 -123.2315
		-20.5268 308.1997 -123.2315
		29.9555 280.0972 -93.6984
		-29.9555 280.0972 -93.6984
		11.0307 312.3388 -223.1832
		-11.0307 312.3388 -223.1832
		17.0665 298.8589 -283.7729
		-17.0665 298.8589 -283.7729
		17.0665 298.8589 -283.7729
		-17.0665 298.8589 -283.7729
		32.4764 258.5374 -127.3150
		17.2827 315.6720 -127.3148
		-32.4764 258.5374 -127.3150
		-17.2827 315.6720 -127.3150
		32.4139 265.1430 -127.3150
		-32.4139 265.1430 -127.3150
		20.9871 308.9215 -127.3150
		-20.9871 308.9215 -127.3150
		32.4139 265.1430 -127.3150
		-32.4139 265.1430 -127.3150
		32.4764 258.5374 -209.7497
		-32.4764 258.5374 -209.7497
		31.1219 265.0927 -210.6487
		-31.1219 265.0927 -210.6487
		16.1215 305.6020 -216.2042
		-16.1215 305.6020 -216.2042
		16.1215 305.6020 -216.2042
		-16.1215 305.6020 -216.2042
		31.1219 265.0927 -210.6487
		-31.1219 265.0927 -210.6487
		11.3011 312.9322 -217.2097
		-11.3011 312.9322 -217.2097
		16.9835 299.2362 -279.9940
		-16.9835 299.2362 -279.9940
		30.0467 265.0509 -279.9940
		-30.0465 265.0509 -279.9940
		16.9835 299.2362 -279.9940
		-16.9835 299.2362 -279.9940
		16.6900 299.7000 -279.9940
		-16.6900 299.7000 -279.9940
		-16.6900 299.7000 -279.9940
		16.6900 299.7000 -279.9940
		18.0937 298.7993 -221.4132
		-18.0937 298.7991 -221.4132
		19.4222 292.8542 -279.9940
		-19.4222 292.8542 -279.9940
		14.6417 314.5380 -123.2237
		24.8205 282.0422 -89.8650
		-14.6417 314.5380 -123.2237
		-24.8205 282.0422 -89.8650
		-32.4764 258.5374 -209.7497
		-31.1219 265.0927 -210.6487
		-29.9879 265.0486 -283.7729
		-32.4764 258.5374 -283.7729
		32.4764 258.5374 -209.7497
		31.1219 265.0927 -210.6487
		29.9879 265.0486 -283.7729
		32.4764 258.5374 -283.7729
		-31.1219 265.0927 -210.6487
		-16.1215 305.6020 -216.2042
		-15.7179 304.9889 -222.3489
		-31.0339 265.0894 -216.3160
		31.1219 265.0927 -210.6487
		16.1215 305.6020 -216.2042
		15.7179 304.9889 -222.3489
		31.0339 265.0894 -216.3160
		-18.0937 298.7991 -221.4132
		-19.4222 292.8542 -279.9940
		-16.9835 299.2362 -279.9940
		-15.7179 304.9889 -222.3489
		18.0937 298.7991 -221.4132
		19.4222 292.8542 -279.9940
		16.9835 299.2362 -279.9940
		15.7179 304.9889 -222.3489
		-16.9835 299.2362 -279.9940
		-17.0665 298.8589 -283.7729
		-29.9879 265.0486 -283.7729
		-30.0465 265.0509 -279.9940
		16.9835 299.2362 -279.9940
		17.0665 298.8589 -283.7729
		29.9879 265.0486 -283.7729
		30.0465 265.0509 -279.9940
		-17.0665 298.8589 -283.7729
		-16.6900 299.7000 -279.9940
		-16.9835 299.2362 -279.9940
		17.0665 298.8589 -283.7729
		16.6900 299.7000 -279.9940
		16.9835 299.2362 -279.9940
		-11.0307 312.3388 -223.1832
		-15.7179 304.9889 -222.3489
		-16.1215 305.6020 -216.2042
		-11.3011 312.9322 -217.2097
		11.0307 312.3388 -223.1832
		15.7179 304.9889 -222.3489
		16.1215 305.6020 -216.2042
		11.3011 312.9322 -217.2097
		-20.9871 308.9215 -127.3150
		-20.5268 308.1997 -123.2315
		-32.4764 265.1455 -123.2850
		-32.4139 265.1430 -127.3150
		20.9871 308.9215 -127.3150
		20.5268 308.1997 -123.2315
		32.4764 265.1455 -123.2850
		32.4139 265.1430 -127.3150
		-32.4764 258.5374 -127.3150
		-32.4764 258.5374 -123.2930
		-32.4764 265.1455 -123.2850
		-32.4139 265.1430 -127.3150
		32.4764 258.5374 -127.3150
		32.4764 258.5374 -123.2930
		32.4764 265.1455 -123.2850
		32.4139 265.1430 -127.3150
		-29.6282 282.0387 -89.8572
		-32.4764 278.1992 -85.9564
		-32.4764 258.5374 -123.2930
		-32.4764 265.1455 -123.2850
		29.6282 282.0387 -89.8572
		32.4764 278.1992 -85.9564
		32.4764 258.5374 -123.2930
		32.4764 265.1455 -123.2850
		-29.9555 280.0972 -93.6984
		-29.6282 282.0387 -89.8572
		-18.7630 314.5573 -123.2237
		-20.5268 308.1997 -123.2315
		29.9555 280.0972 -93.6984
		29.6282 282.0387 -89.8572
		18.7630 314.5573 -123.2237
		20.5268 308.1997 -123.2315
		-20.5268 308.1997 -123.2315
		-20.9871 308.9215 -127.3150
		-17.2827 315.6720 -127.3150
		-18.7630 314.5573 -123.2237
		20.5268 308.1997 -123.2315
		20.9871 308.9215 -127.3150
		17.2827 315.6720 -127.3150
		18.7630 314.5573 -123.2237
		-14.6417 314.5380 -123.2237
		-18.7630 314.5573 -123.2237
		-29.6282 282.0387 -89.8572
		-24.8205 282.0422 -89.8650
		14.6417 314.5380 -123.2237
		18.7630 314.5573 -123.2237
		29.6282 282.0387 -89.8572
		24.8205 282.0422 -89.8650
		-29.6282 282.0387 -89.8572
		-32.4764 278.1992 -85.9564
		32.4764 278.1992 -85.9564
		29.6282 282.0387 -89.8572
		-18.7630 314.5573 -123.2237
		-17.2827 315.6720 -127.3150
		17.2827 315.6720 -127.3148
		18.7630 314.5573 -123.2237
		11.3011 312.9322 -217.2097
		11.0307 312.3388 -223.1832
		-11.0307 312.3388 -223.1832
		-11.3011 312.9322 -217.2097
		-16.6900 299.7000 -279.9940
		16.6900 299.7000 -279.9940
		17.0665 298.8589 -283.7729
		-17.0665 298.8589 -283.7729
		0.0000 381.7798 -298.9601
		0.0000 292.0080 -292.7742
		4.3741 292.0080 -294.5861
		6.1860 292.0080 -298.9601
		4.3741 292.0080 -303.3340
		0.0000 292.0080 -305.1461
		-4.3741 292.0080 -303.3340
		-6.1860 292.0080 -298.9601
		-4.3741 292.0080 -294.5861
		0.0000 155.9804 -289.4687
		109.1749 150.7394 -127.0805
		51.9824 155.9839 19.0759
		0.0000 155.9804 35.6283
		0.0000 155.9804 112.5597
		71.0550 155.9839 101.7977
		217.8036 171.4200 67.5510
		225.7448 167.1448 -95.2458
		573.8384 209.2961 -59.5099
		573.8384 209.2961 31.8151
		613.7100 213.2736 15.7669
		613.7100 213.2736 -36.3479
		631.0722 211.1535 24.8664
		586.4120 199.6375 57.1279
		631.0722 211.1535 -47.9288
		590.5480 199.6375 -84.3264
		641.8357 211.9822 -9.0495
		229.0536 153.3134 -133.1324
		117.4471 132.6329 -155.2060
		0.0000 127.7822 -335.7927
		0.0000 127.7822 133.2401
		78.5001 132.6329 118.3420
		218.2998 153.3134 87.7351
		0.0000 104.4311 -289.4687
		109.1749 114.5264 -127.0805
		82.6359 109.2818 19.0759
		0.0000 104.4311 27.5502
		0.0000 104.4311 112.5597
		71.0550 109.2818 101.7977
		217.8036 135.2068 67.5510
		225.7448 139.4819 -95.2458
		573.8384 189.9789 -59.5099
		573.8384 189.9789 31.8151
		613.7100 199.9618 15.7669
		613.7100 199.9618 -36.3479
		631.0722 205.7420 24.8664
		586.4120 199.6375 57.1279
		631.0722 205.7420 -47.9288
		590.5480 199.6375 -84.3264
		641.8357 211.9822 -9.0495
		229.0536 153.3134 -133.1324
		117.4471 132.6329 -155.2060
		0.0000 127.7822 -335.7927
		0.0000 127.7822 133.2401
		78.5001 132.6329 118.3420
		218.2998 153.3134 87.7351
		31.2098 180.9218 -627.2355
		179.0751 180.9218 -627.2355
		189.9324 180.9218 -548.1329
		47.7542 180.9218 -514.0104
		20.1532 180.9218 -496.9490
		20.1532 180.9218 -597.7664
		211.1299 180.9218 -555.8882
		202.3405 180.9218 -622.5831
		225.0890 180.9218 -596.7321
		225.0890 180.9218 -573.9836
		38.5861 188.1596 -611.6772
		174.4308 186.5621 -621.9398
		184.4053 186.5621 -554.4380
		47.0642 188.1596 -525.1573
		20.1532 188.1596 -502.2452
		20.1532 188.1596 -572.6348
		203.8797 186.5621 -561.0457
		195.8050 186.5621 -617.6653
		216.7043 186.5621 -593.9164
		216.7043 186.5621 -573.0168
		31.2098 180.9218 -627.2355
		179.0751 180.9218 -627.2355
		189.9324 180.9218 -548.1329
		47.7542 180.9218 -514.0104
		20.1532 180.9218 -496.9490
		20.1532 180.9218 -597.7664
		211.1299 180.9218 -555.8882
		202.3405 180.9218 -622.5831
		225.0890 180.9218 -596.7321
		225.0890 180.9218 -573.9836
		38.5861 173.6839 -611.6772
		174.4308 175.2814 -621.9398
		184.4053 175.2814 -554.4380
		47.0642 173.6839 -525.1573
		20.1532 173.6839 -502.2452
		20.1532 173.6839 -572.6348
		203.8797 175.2814 -561.0457
		195.8050 175.2814 -617.6653
		216.7043 175.2814 -593.9164
		216.7043 175.2814 -573.0168
		1.8903 247.0333 -569.8689
		140.0005 179.4782 -582.2773
		3.7991 250.4715 -569.8689
		141.9093 182.9163 -582.2773
		3.7991 250.4715 -573.8015
		141.9093 182.9163 -586.2100
		1.8903 247.0333 -573.8015
		140.0005 179.4782 -586.2100
		-1.8903 247.0333 -569.8689
		-140.0005 179.4782 -582.2773
		-3.7991 250.4715 -569.8689
		-141.9093 182.9163 -582.2773
		-3.7991 250.4715 -573.8015
		-141.9093 182.9163 -586.2100
		-1.8903 247.0333 -573.8015
		-140.0005 179.4782 -586.2100
		-31.2098 180.9218 -627.2355
		-179.0751 180.9218 -627.2355
		-189.9324 180.9218 -548.1329
		-47.7542 180.9218 -514.0104
		-20.1532 180.9218 -496.9490
		-20.1532 180.9218 -597.7664
		-211.1299 180.9218 -555.8882
		-202.3405 180.9218 -622.5831
		-225.0890 180.9218 -596.7321
		-225.0890 180.9218 -573.9836
		-38.5861 188.1596 -611.6772
		-174.4308 186.5621 -621.9398
		-184.4053 186.5621 -554.4380
		-47.0642 188.1596 -525.1573
		-20.1532 188.1596 -502.2452
		-20.1532 188.1596 -572.6348
		-203.8797 186.5621 -561.0457
		-195.8050 186.5621 -617.6653
		-216.7043 186.5621 -593.9164
		-216.7043 186.5621 -573.0168
		-31.2098 180.9218 -627.2355
		-179.0751 180.9218 -627.2355
		-189.9324 180.9218 -548.1329
		-47.7542 180.9218 -514.0104
		-20.1532 180.9218 -496.9490
		-20.1532 180.9218 -597.7664
		-211.1299 180.9218 -555.8882
		-202.3405 180.9218 -622.5831
		-225.0890 180.9218 -596.7321
		-225.0890 180.9218 -573.9836
		-38.5861 173.6839 -611.6772
		-174.4308 175.2814 -621.9398
		-184.4053 175.2814 -554.4380
		-47.0642 173.6839 -525.1573
		-20.1532 173.6839 -502.2452
		-20.1532 173.6839 -572.6348
		-203.8797 175.2814 -561.0457
		-195.8050 175.2814 -617.6653
		-216.7043 175.2814 -593.9164
		-216.7043 175.2814 -573.0168
		0.0000 155.9804 -289.4687
		-109.1749 150.7394 -127.0805
		-51.9824 155.9839 19.0759
		0.0000 155.9804 35.6283
		0.0000 155.9804 112.5597
		-71.0550 155.9839 101.7977
		-217.8036 171.4200 67.5510
		-225.7448 167.1448 -95.2458
		-573.8384 209.2961 -59.5099
		-573.8384 209.2961 31.8151
		-613.7100 213.2736 15.7669
		-613.7100 213.2736 -36.3479
		-631.0722 211.1535 24.8664
		-586.4120 199.6375 57.1279
		-631.0722 211.1535 -47.9288
		-590.5480 199.6375 -84.3264
		-641.8357 211.9822 -9.0495
		-229.0536 153.3134 -133.1324
		-117.4471 132.6329 -155.2060
		0.0000 127.7822 -335.7927
		0.0000 127.7822 133.2401
		-78.5001 132.6329 118.3420
		-218.2998 153.3134 87.7351
		0.0000 104.4311 -289.4687
		-109.1749 114.5264 -127.0805
		-82.6359 109.2818 19.0759
		0.0000 104.4311 27.5502
		0.0000 104.4311 112.5597
		-71.0550 109.2818 101.7977
		-217.8036 135.2068 67.5510
		-225.7448 139.4819 -95.2458
		-573.8384 189.9789 -59.5099
		-573.8384 189.9789 31.8151
		-613.7100 199.9618 15.7669
		-613.7100 199.9618 -36.3479
		-631.0722 205.7420 24.8664
		-586.4120 199.6375 57.1279
		-631.0722 205.7420 -47.9288
		-590.5480 199.6375 -84.3264
		-641.8357 211.9822 -9.0495
		-229.0536 153.3134 -133.1324
		-117.4471 132.6329 -155.2060
		0.0000 127.7822 -335.7927
		0.0000 127.7822 133.2401
		-78.5001 132.6329 118.3420
		-218.2998 153.3134 87.7351
		236.7236 161.5997 63.7245
		240.1009 160.2007 63.7245
		241.4998 156.8235 63.7245
		240.1009 153.4464 63.7245
		236.7236 152.0475 63.7245
		233.3462 153.4464 63.7245
		231.9473 156.8235 63.7245
		233.3462 160.2007 63.7245
		236.7236 161.5997 133.9547
		240.1009 160.2007 133.9547
		241.4998 156.8235 133.9547
		240.1009 153.4464 133.9547
		236.7236 152.0475 133.9547
		233.3462 153.4464 133.9547
		231.9473 156.8235 133.9547
		233.3462 160.2007 133.9547
		236.7236 156.8235 125.5456
		-236.7236 161.5997 63.7245
		-240.1009 160.2007 63.7245
		-241.4998 156.8235 63.7245
		-240.1009 153.4464 63.7245
		-236.7236 152.0475 63.7245
		-233.3462 153.4464 63.7245
		-231.9473 156.8235 63.7245
		-233.3462 160.2007 63.7245
		-236.7236 161.5997 133.9547
		-240.1009 160.2007 133.9547
		-241.4998 156.8235 133.9547
		-240.1009 153.4464 133.9547
		-236.7236 152.0475 133.9547
		-233.3462 153.4464 133.9547
		-231.9473 156.8235 133.9547
		-233.3462 160.2007 133.9547
		-236.7236 156.8235 125.5456
	}
	face 383 {
		3 V(17 18 19) M(0) UV(0.62932 0.13604 0.62932 0.10044 0.82068 0.13604)
		3 V(21 24 23) M(0) UV(0.83967 0.13039 0.97187 0.12673 0.98648 0.18444)
		4 V(21 25 26 24) M(0) UV(0.83967 0.13039 0.90760 0.03325 0.93024 0.03325 0.97187 0.12673)
		3 V(21 27 25) M(0) UV(0.83967 0.13039 0.89664 0.02667 0.90760 0.03325)
		3 V(26 28 24) M(0) UV(0.93024 0.03325 0.94120 0.02740 0.97187 0.12673)
		3 V(27 29 25) M(0) UV(0.89664 0.02667 0.91384 0.01757 0.90760 0.03325)
		3 V(26 30 28) M(0) UV(0.93024 0.03325 0.92329 0.01847 0.94120 0.02740)
		4 V(26 25 29 30) M(0) UV(0.93024 0.03325 0.90760 0.03325 0.91384 0.01757 0.92329 0.01847)
		4 V(32 4 2 31) M(0) UV(0.23043 0.21224 0.23043 0.25527 0.19071 0.24212 0.19071 0.21224)
		4 V(33 6 4 32) M(0) UV(0.30347 0.21224 0.30347 0.24796 0.23043 0.25527 0.23043 0.21224)
		4 V(34 8 6 33) M(0) UV(0.36190 0.21224 0.36190 0.26038 0.30347 0.24796 0.30347 0.21224)
		4 V(35 10 8 34) M(0) UV(0.38116 0.21224 0.38116 0.27791 0.36190 0.26038 0.36190 0.21224)
		4 V(36 12 10 35) M(0) UV(0.45466 0.21224 0.45466 0.27791 0.38116 0.27791 0.38116 0.21224)
		4 V(37 15 12 36) M(0) UV(0.48762 0.21224 0.48762 0.27500 0.45466 0.27791 0.45466 0.21224)
		4 V(38 16 15 37) M(0) UV(0.62932 0.21224 0.62932 0.26332 0.48762 0.27500 0.48762 0.21224)
		4 V(39 20 16 38) M(0) UV(0.81235 0.21224 0.80900 0.24287 0.62932 0.26332 0.62932 0.21224)
		4 V(40 22 20 39) M(0) UV(0.88700 0.21224 0.89372 0.22388 0.80900 0.24287 0.81235 0.21224)
		4 V(41 0 3 42) M(0) UV(0.15301 0.16667 0.15301 0.14799 0.19071 0.14206 0.19071 0.16667)
		4 V(41 42 31 1) M(0) UV(0.15301 0.16667 0.19071 0.16667 0.19071 0.21224 0.15301 0.21440)
		4 V(42 3 5 43) M(0) UV(0.19071 0.16667 0.19071 0.14206 0.23043 0.13687 0.23043 0.16667)
		4 V(42 43 32 31) M(0) UV(0.19071 0.16667 0.23043 0.16667 0.23043 0.21224 0.19071 0.21224)
		4 V(43 5 7 44) M(0) UV(0.23043 0.16667 0.23043 0.13687 0.30347 0.12838 0.30347 0.16667)
		4 V(43 44 33 32) M(0) UV(0.23043 0.16667 0.30347 0.16667 0.30347 0.21224 0.23043 0.21224)
		4 V(44 7 9 45) M(0) UV(0.30347 0.16667 0.30347 0.12838 0.36190 0.12006 0.36190 0.16667)
		4 V(44 45 34 33) M(0) UV(0.30347 0.16667 0.36190 0.16667 0.36190 0.21224 0.30347 0.21224)
		4 V(45 9 11 46) M(0) UV(0.36190 0.16667 0.36190 0.12006 0.38116 0.11832 0.38116 0.16667)
		4 V(45 46 35 34) M(0) UV(0.36190 0.16667 0.38116 0.16667 0.38116 0.21224 0.36190 0.21224)
		4 V(46 11 13 47) M(0) UV(0.38116 0.16667 0.38116 0.11832 0.45466 0.11868 0.45466 0.16667)
		4 V(46 47 36 35) M(0) UV(0.38116 0.16667 0.45466 0.16667 0.45466 0.21224 0.38116 0.21224)
		4 V(47 13 14 48) M(0) UV(0.45466 0.16667 0.45466 0.11868 0.48762 0.13604 0.48762 0.16667)
		4 V(47 48 37 36) M(0) UV(0.45466 0.16667 0.48762 0.16667 0.48762 0.21224 0.45466 0.21224)
		4 V(48 14 17 49) M(0) UV(0.48762 0.16667 0.48762 0.13604 0.62932 0.13604 0.62932 0.16667)
		4 V(48 49 38 37) M(0) UV(0.48762 0.16667 0.62932 0.16667 0.62932 0.21224 0.48762 0.21224)
		4 V(49 17 19 50) M(0) UV(0.62932 0.16667 0.62932 0.13604 0.82068 0.13604 0.81733 0.16667)
		4 V(49 50 39 38) M(0) UV(0.62932 0.16667 0.81733 0.16667 0.81235 0.21224 0.62932 0.21224)
		4 V(50 19 21 51) M(0) UV(0.81733 0.16667 0.82068 0.13604 0.83967 0.13039 0.86065 0.16667)
		4 V(50 51 40 39) M(0) UV(0.81733 0.16667 0.86065 0.16667 0.88700 0.21224 0.81235 0.21224)
		4 V(40 23 52 22) M(0) UV(0.88700 0.21224 0.98648 0.18444 0.97728 0.20317 0.89372 0.22388)
		3 V(40 51 23) M(0) UV(0.88700 0.21224 0.86065 0.16667 0.98648 0.18444)
		3 V(51 21 23) M(0) UV(0.86065 0.16667 0.83967 0.13039 0.98648 0.18444)
		4 V(53 54 6 8) M(0) UV(0.36138 0.26847 0.31071 0.26345 0.30347 0.24796 0.36190 0.26038)
		4 V(54 55 4 6) M(0) UV(0.31071 0.26345 0.23128 0.27258 0.23043 0.25527 0.30347 0.24796)
		4 V(55 56 2 4) M(0) UV(0.23128 0.27258 0.19071 0.25911 0.19071 0.24212 0.23043 0.25527)
		4 V(56 57 1 2) M(0) UV(0.19071 0.25911 0.16457 0.24200 0.15301 0.21440 0.19071 0.24212)
		4 V(10 58 53 8) M(0) UV(0.38116 0.27791 0.37732 0.28950 0.36138 0.26847 0.36190 0.26038)
		4 V(10 12 59 58) M(0) UV(0.38116 0.27791 0.45466 0.27791 0.45447 0.29087 0.37732 0.28950)
		4 V(12 15 60 59) M(0) UV(0.45466 0.27791 0.48762 0.27500 0.49144 0.28767 0.45447 0.29087)
		4 V(15 16 61 60) M(0) UV(0.48762 0.27500 0.62932 0.26332 0.63067 0.27443 0.49144 0.28767)
		3 V(16 20 61) M(0) UV(0.62932 0.26332 0.80900 0.24287 0.63067 0.27443)
		3 V(79 81 80) M(0) UV(0.36546 0.31657 0.17410 0.31657 0.36546 0.28096)
		3 V(82 23 83) M(0) UV(0.15511 0.31091 0.00830 0.36496 0.02291 0.30725)
		4 V(82 83 85 84) M(0) UV(0.15511 0.31091 0.02291 0.30725 0.06454 0.21377 0.08718 0.21377)
		3 V(82 84 27) M(0) UV(0.15511 0.31091 0.08718 0.21377 0.09814 0.20719)
		3 V(85 83 28) M(0) UV(0.06454 0.21377 0.02291 0.30725 0.05358 0.20792)
		3 V(27 84 29) M(0) UV(0.09814 0.20719 0.08718 0.21377 0.08094 0.19810)
		3 V(85 28 30) M(0) UV(0.06454 0.21377 0.05358 0.20792 0.07149 0.19899)
		4 V(85 30 29 84) M(0) UV(0.06454 0.21377 0.07149 0.19899 0.08094 0.19810 0.08718 0.21377)
		4 V(87 86 64 66) M(0) UV(0.76435 0.39277 0.80407 0.39277 0.80407 0.42264 0.76435 0.43579)
		4 V(88 87 66 68) M(0) UV(0.69131 0.39277 0.76435 0.39277 0.76435 0.43579 0.69131 0.42848)
		4 V(89 88 68 70) M(0) UV(0.63288 0.39277 0.69131 0.39277 0.69131 0.42848 0.63288 0.44090)
		4 V(90 89 70 72) M(0) UV(0.61362 0.39277 0.63288 0.39277 0.63288 0.44090 0.61362 0.45843)
		4 V(91 90 72 74) M(0) UV(0.54012 0.39277 0.61362 0.39277 0.61362 0.45843 0.54012 0.45843)
		4 V(92 91 74 77) M(0) UV(0.50715 0.39277 0.54012 0.39277 0.54012 0.45843 0.50715 0.45553)
		4 V(93 92 77 78) M(0) UV(0.36546 0.39277 0.50715 0.39277 0.50715 0.45553 0.36546 0.44384)
		4 V(94 93 78 20) M(0) UV(0.18243 0.39277 0.36546 0.39277 0.36546 0.44384 0.18578 0.42339)
		4 V(95 94 20 22) M(0) UV(0.10778 0.39277 0.18243 0.39277 0.18578 0.42339 0.10106 0.40440)
		4 V(96 97 65 62) M(0) UV(0.84177 0.34719 0.80407 0.34719 0.80407 0.32258 0.84177 0.32851)
		4 V(96 63 86 97) M(0) UV(0.84177 0.34719 0.84177 0.39492 0.80407 0.39277 0.80407 0.34719)
		4 V(97 98 67 65) M(0) UV(0.80407 0.34719 0.76435 0.34719 0.76435 0.31740 0.80407 0.32258)
		4 V(97 86 87 98) M(0) UV(0.80407 0.34719 0.80407 0.39277 0.76435 0.39277 0.76435 0.34719)
		4 V(98 99 69 67) M(0) UV(0.76435 0.34719 0.69131 0.34719 0.69131 0.30891 0.76435 0.31740)
		4 V(98 87 88 99) M(0) UV(0.76435 0.34719 0.76435 0.39277 0.69131 0.39277 0.69131 0.34719)
		4 V(99 100 71 69) M(0) UV(0.69131 0.34719 0.63288 0.34719 0.63288 0.30059 0.69131 0.30891)
		4 V(99 88 89 100) M(0) UV(0.69131 0.34719 0.69131 0.39277 0.63288 0.39277 0.63288 0.34719)
		4 V(100 101 73 71) M(0) UV(0.63288 0.34719 0.61362 0.34719 0.61362 0.29884 0.63288 0.30059)
		4 V(100 89 90 101) M(0) UV(0.63288 0.34719 0.63288 0.39277 0.61362 0.39277 0.61362 0.34719)
		4 V(101 102 75 73) M(0) UV(0.61362 0.34719 0.54012 0.34719 0.54012 0.29920 0.61362 0.29884)
		4 V(101 90 91 102) M(0) UV(0.61362 0.34719 0.61362 0.39277 0.54012 0.39277 0.54012 0.34719)
		4 V(102 103 76 75) M(0) UV(0.54012 0.34719 0.50715 0.34719 0.50715 0.31657 0.54012 0.29920)
		4 V(102 91 92 103) M(0) UV(0.54012 0.34719 0.54012 0.39277 0.50715 0.39277 0.50715 0.34719)
		4 V(103 104 79 76) M(0) UV(0.50715 0.34719 0.36546 0.34719 0.36546 0.31657 0.50715 0.31657)
		4 V(103 92 93 104) M(0) UV(0.50715 0.34719 0.50715 0.39277 0.36546 0.39277 0.36546 0.34719)
		4 V(104 105 81 79) M(0) UV(0.36546 0.34719 0.17745 0.34719 0.17410 0.31657 0.36546 0.31657)
		4 V(104 93 94 105) M(0) UV(0.36546 0.34719 0.36546 0.39277 0.18243 0.39277 0.17745 0.34719)
		4 V(105 106 82 81) M(0) UV(0.17745 0.34719 0.13413 0.34719 0.15511 0.31091 0.17410 0.31657)
		4 V(105 94 95 106) M(0) UV(0.17745 0.34719 0.18243 0.39277 0.10778 0.39277 0.13413 0.34719)
		4 V(95 22 52 23) M(0) UV(0.10778 0.39277 0.10106 0.40440 0.01750 0.38369 0.00830 0.36496)
		3 V(95 23 106) M(0) UV(0.10778 0.39277 0.00830 0.36496 0.13413 0.34719)
		3 V(106 23 82) M(0) UV(0.13413 0.34719 0.00830 0.36496 0.15511 0.31091)
		4 V(53 70 68 54) M(0) UV(0.63340 0.44899 0.63288 0.44090 0.69131 0.42848 0.68407 0.44397)
		4 V(54 68 66 55) M(0) UV(0.68407 0.44397 0.69131 0.42848 0.76435 0.43579 0.76350 0.45310)
		4 V(55 66 64 56) M(0) UV(0.76350 0.45310 0.76435 0.43579 0.80407 0.42264 0.80407 0.43964)
		4 V(56 64 63 57) M(0) UV(0.80407 0.43964 0.80407 0.42264 0.84177 0.39492 0.83021 0.42252)
		4 V(72 70 53 58) M(0) UV(0.61362 0.45843 0.63288 0.44090 0.63340 0.44899 0.61746 0.47002)
		4 V(72 58 59 74) M(0) UV(0.61362 0.45843 0.61746 0.47002 0.54031 0.47139 0.54012 0.45843)
		4 V(74 59 60 77) M(0) UV(0.54012 0.45843 0.54031 0.47139 0.50334 0.46819 0.50715 0.45553)
		4 V(77 60 61 78) M(0) UV(0.50715 0.45553 0.50334 0.46819 0.36411 0.45496 0.36546 0.44384)
		3 V(78 61 20) M(0) UV(0.36546 0.44384 0.36411 0.45496 0.18578 0.42339)
		3 V(82 21 19) M(0) UV(0.83967 0.13039 0.83967 0.13039 0.82068 0.13604)
		3 V(21 82 27) M(0) UV(0.83967 0.13039 0.83967 0.13039 0.89664 0.02667)
		3 V(18 80 19) M(0) UV(0.62932 0.10044 0.62932 0.10044 0.82068 0.13604)
		4 V(3 0 62 65) M(0) UV(0.19071 0.14206 0.15301 0.14799 0.15301 0.14799 0.19071 0.14206)
		4 V(65 67 5 3) M(0) UV(0.19071 0.14206 0.23043 0.13687 0.23043 0.13687 0.19071 0.14206)
		4 V(67 69 7 5) M(0) UV(0.23043 0.13687 0.30347 0.12838 0.30347 0.12838 0.23043 0.13687)
		4 V(69 71 9 7) M(0) UV(0.30347 0.12838 0.36190 0.12006 0.36190 0.12006 0.30347 0.12838)
		4 V(96 62 0 41) M(0) UV(0.15301 0.16667 0.15301 0.14799 0.15301 0.14799 0.15301 0.16667)
		3 V(63 64 86) M(0) UV(0.84177 0.39492 0.80407 0.42264 0.80407 0.39277)
		3 V(1 31 2) M(0) UV(0.15301 0.21440 0.19071 0.21224 0.19071 0.24212)
		4 V(63 96 41 1) M(0) UV(0.15301 0.21440 0.15301 0.16667 0.15301 0.16667 0.15301 0.21440)
		3 V(1 57 63) M(0) UV(0.15301 0.21440 0.16457 0.24200 0.15301 0.21440)
		4 V(11 9 71 73) M(0) UV(0.38116 0.11832 0.36190 0.12006 0.36190 0.12006 0.38116 0.11832)
		4 V(75 13 11 73) M(0) UV(0.45466 0.11868 0.45466 0.11868 0.38116 0.11832 0.38116 0.11832)
		4 V(107 108 116 115) M(0) UV(0.09113 0.03742 0.09113 0.03867 0.02821 0.03867 0.02821 0.03742)
		4 V(108 109 117 116) M(0) UV(0.09113 0.03867 0.09113 0.04170 0.02821 0.04170 0.02821 0.03867)
		4 V(109 110 118 117) M(0) UV(0.09113 0.04170 0.09113 0.04472 0.02821 0.04472 0.02821 0.04170)
		4 V(110 111 119 118) M(0) UV(0.09113 0.04472 0.09113 0.04598 0.02821 0.04598 0.02821 0.04472)
		4 V(111 112 120 119) M(0) UV(0.09113 0.04598 0.09113 0.04472 0.02821 0.04472 0.02821 0.04598)
		4 V(112 113 121 120) M(0) UV(0.09113 0.04472 0.09113 0.04170 0.02821 0.04170 0.02821 0.04472)
		4 V(113 114 122 121) M(0) UV(0.09113 0.04170 0.09113 0.03867 0.02821 0.03867 0.02821 0.04170)
		4 V(114 107 115 122) M(0) UV(0.09113 0.03867 0.09113 0.03742 0.02821 0.03742 0.02821 0.03867)
		3 V(123 115 116) M(0) UV(0.03574 0.04170 0.02821 0.03742 0.02821 0.03867)
		3 V(123 116 117) M(0) UV(0.03574 0.04170 0.02821 0.03867 0.02821 0.04170)
		3 V(123 117 118) M(0) UV(0.03574 0.04170 0.02821 0.04170 0.02821 0.04472)
		3 V(123 118 119) M(0) UV(0.03574 0.04170 0.02821 0.04472 0.02821 0.04598)
		3 V(123 119 120) M(0) UV(0.03574 0.04170 0.02821 0.04598 0.02821 0.04472)
		3 V(123 120 121) M(0) UV(0.03574 0.04170 0.02821 0.04472 0.02821 0.04170)
		3 V(123 121 122) M(0) UV(0.03574 0.04170 0.02821 0.04170 0.02821 0.03867)
		3 V(123 122 115) M(0) UV(0.03574 0.04170 0.02821 0.03867 0.02821 0.03742)
		4 V(125 127 129 131) M(0) UV(0.13488 0.07681 0.13488 0.07681 0.19178 0.07681 0.19178 0.07681)
		4 V(133 132 124 126) M(0) UV(0.12783 0.06286 0.12783 0.06286 0.12783 0.05664 0.12783 0.05664)
		4 V(134 129 127 133) M(0) UV(0.19178 0.06286 0.19178 0.07681 0.13488 0.07681 0.12783 0.06286)
		4 V(134 133 126 128) M(0) UV(0.19178 0.06286 0.12783 0.06286 0.12783 0.05664 0.19178 0.05664)
		4 V(135 131 129 134) M(0) UV(0.19178 0.06286 0.19178 0.07681 0.19178 0.07681 0.19178 0.06286)
		4 V(135 134 128 130) M(0) UV(0.19178 0.06286 0.19178 0.06286 0.19178 0.05664 0.19178 0.05664)
		4 V(132 125 131 135) M(0) UV(0.12783 0.06286 0.13488 0.07681 0.19178 0.07681 0.19178 0.06286)
		4 V(132 135 130 124) M(0) UV(0.12783 0.06286 0.19178 0.06286 0.19178 0.05664 0.12783 0.05664)
		4 V(137 127 125 136) M(0) UV(0.20977 0.07951 0.21190 0.08373 0.21190 0.08373 0.20977 0.07951)
		4 V(140 141 137 136) M(0) UV(0.23223 0.07952 0.23223 0.07952 0.20977 0.07951 0.20977 0.07951)
		4 V(138 140 136 132) M(0) UV(0.23223 0.06566 0.23223 0.07952 0.20977 0.07951 0.20275 0.06565)
		4 V(139 138 132 133) M(0) UV(0.23223 0.06566 0.23223 0.06566 0.20275 0.06565 0.20275 0.06565)
		4 V(141 139 133 137) M(0) UV(0.23223 0.07952 0.23223 0.06566 0.20275 0.06565 0.20977 0.07951)
		4 V(141 140 138 139) M(0) UV(0.23223 0.07952 0.23223 0.07952 0.23223 0.06566 0.23223 0.06566)
		4 V(143 145 147 149) M(0) UV(0.85510 0.52550 0.85510 0.52550 0.87087 0.52550 0.87087 0.52550)
		4 V(151 145 143 150) M(0) UV(0.85510 0.48730 0.85510 0.52550 0.85510 0.52550 0.85510 0.48730)
		4 V(152 147 145 151) M(0) UV(0.87087 0.48716 0.87087 0.52550 0.85510 0.52550 0.85510 0.48730)
		4 V(153 149 147 152) M(0) UV(0.87087 0.48716 0.87087 0.52550 0.87087 0.52550 0.87087 0.48716)
		4 V(150 143 149 153) M(0) UV(0.85510 0.48730 0.85510 0.52550 0.87087 0.52550 0.87087 0.48716)
		4 V(154 142 144 155) M(0) UV(0.85510 0.46718 0.85510 0.44925 0.85510 0.44925 0.85510 0.46718)
		4 V(154 155 151 150) M(0) UV(0.85510 0.46718 0.85510 0.46718 0.85510 0.48730 0.85510 0.48730)
		4 V(155 144 146 156) M(0) UV(0.85510 0.46718 0.85510 0.44925 0.87087 0.44925 0.87087 0.46808)
		4 V(155 156 152 151) M(0) UV(0.85510 0.46718 0.87087 0.46808 0.87087 0.48716 0.85510 0.48730)
		4 V(156 146 148 157) M(0) UV(0.87087 0.46808 0.87087 0.44925 0.87087 0.44925 0.87087 0.46808)
		4 V(156 157 153 152) M(0) UV(0.87087 0.46808 0.87087 0.46808 0.87087 0.48716 0.87087 0.48716)
		4 V(157 148 142 154) M(0) UV(0.87087 0.46808 0.87087 0.44925 0.85510 0.44925 0.85510 0.46718)
		4 V(157 154 150 153) M(0) UV(0.87087 0.46808 0.85510 0.46718 0.85510 0.48730 0.87087 0.48716)
		4 V(174 172 166 167) M(0) UV(0.02751 0.47517 0.06631 0.49477 0.06632 0.50244 0.02299 0.47962)
		4 V(173 175 169 168) M(0) UV(0.06631 0.49477 0.02751 0.47517 0.02299 0.47962 0.06632 0.50244)
		4 V(175 174 170 171) M(0) UV(0.02751 0.47517 0.02751 0.47517 0.02299 0.47962 0.02299 0.47962)
		4 V(184 186 174 161) M(0) UV(0.06625 0.44480 0.03197 0.47742 0.02751 0.47517 0.06624 0.43742)
		4 V(187 185 165 175) M(0) UV(0.03197 0.47742 0.06625 0.44480 0.06624 0.43742 0.02751 0.47517)
		4 V(194 160 172 198) M(0) UV(0.07099 0.50244 0.06632 0.50244 0.06631 0.49477 0.07099 0.49478)
		4 V(196 199 173 164) M(0) UV(0.07099 0.50244 0.07099 0.49478 0.06631 0.49477 0.06632 0.50244)
		4 V(197 195 161 165) M(0) UV(0.07099 0.43613 0.07099 0.43613 0.06624 0.43742 0.06624 0.43742)
		4 V(202 172 184 200) M(0) UV(0.07099 0.49478 0.06631 0.49477 0.06625 0.44480 0.07099 0.44396)
		4 V(201 185 173 203) M(0) UV(0.07099 0.44396 0.06625 0.44480 0.06631 0.49477 0.07099 0.49478)
		4 V(200 184 161 195) M(0) UV(0.07099 0.44396 0.06625 0.44480 0.06624 0.43742 0.07099 0.43613)
		4 V(197 165 185 201) M(0) UV(0.07099 0.43613 0.06624 0.43742 0.06625 0.44480 0.07099 0.44396)
		4 V(212 208 178 182) M(0) UV(0.16772 0.49484 0.17417 0.44781 0.18130 0.44853 0.17430 0.49484)
		4 V(209 213 183 179) M(0) UV(0.17417 0.44781 0.16772 0.49484 0.17430 0.49484 0.18130 0.44853)
		4 V(214 188 180 210) M(0) UV(0.17534 0.43931 0.18227 0.43999 0.18130 0.44853 0.17417 0.44781)
		4 V(215 211 181 189) M(0) UV(0.17534 0.43931 0.17417 0.44781 0.18130 0.44853 0.18227 0.43999)
		4 V(214 215 189 188) M(0) UV(0.17534 0.43931 0.17534 0.43931 0.18227 0.43999 0.18227 0.43999)
		4 V(206 176 159 204) M(0) UV(0.16772 0.49484 0.25260 0.49489 0.25260 0.50244 0.16668 0.50244)
		4 V(205 163 177 207) M(0) UV(0.16668 0.50244 0.25260 0.50244 0.25260 0.49489 0.16772 0.49484)
		4 V(216 158 176 218) M(0) UV(0.24821 0.45520 0.25260 0.45564 0.25260 0.49489 0.24821 0.49488)
		4 V(219 177 162 217) M(0) UV(0.24821 0.49488 0.25260 0.49489 0.25260 0.45564 0.24821 0.45520)
		3 V(222 190 220) M(0) UV(0.24821 0.45467 0.25260 0.45564 0.24821 0.45520)
		3 V(221 191 223) M(0) UV(0.24821 0.45520 0.25260 0.45564 0.24821 0.45467)
		4 V(224 193 192 225) M(0) UV(0.24821 0.45467 0.25260 0.45564 0.25260 0.45564 0.24821 0.45467)
		4 V(228 226 178 216) M(0) UV(0.24821 0.46261 0.18022 0.45571 0.18130 0.44853 0.24821 0.45520)
		4 V(229 217 179 227) M(0) UV(0.24821 0.46261 0.24821 0.45520 0.18130 0.44853 0.18022 0.45571)
		4 V(231 230 161 174) M(0) UV(0.02752 0.47516 0.06624 0.43744 0.06624 0.43742 0.02751 0.47517)
		4 V(233 175 165 232) M(0) UV(0.02752 0.47516 0.02751 0.47517 0.06624 0.43742 0.06624 0.43744)
		4 V(234 235 236 237) M(0) UV(0.16108 0.57602 0.16212 0.56841 0.24700 0.56846 0.24700 0.57602)
		4 V(241 240 239 238) M(0) UV(0.24700 0.57602 0.24700 0.56846 0.16212 0.56841 0.16108 0.57602)
		4 V(242 243 244 245) M(0) UV(0.16212 0.56841 0.16857 0.52139 0.17570 0.52210 0.16870 0.56842)
		4 V(249 248 247 246) M(0) UV(0.16870 0.56842 0.17570 0.52210 0.16857 0.52139 0.16212 0.56841)
		4 V(253 252 251 250) M(0) UV(0.17570 0.52210 0.24261 0.52878 0.24261 0.53619 0.17462 0.52929)
		4 V(254 255 256 257) M(0) UV(0.17462 0.52929 0.24261 0.53619 0.24261 0.52878 0.17570 0.52210)
		4 V(258 259 260 261) M(0) UV(0.24261 0.52878 0.24700 0.52922 0.24700 0.56846 0.24261 0.56846)
		4 V(265 264 263 262) M(0) UV(0.24261 0.56846 0.24700 0.56846 0.24700 0.52922 0.24261 0.52878)
		3 V(268 267 266) M(0) UV(0.24261 0.52878 0.24261 0.52824 0.24700 0.52922)
		3 V(269 270 271) M(0) UV(0.24700 0.52922 0.24261 0.52824 0.24261 0.52878)
		4 V(272 273 274 275) M(0) UV(0.17667 0.51357 0.17570 0.52210 0.16857 0.52139 0.16974 0.51288)
		4 V(279 278 277 276) M(0) UV(0.16974 0.51288 0.16857 0.52139 0.17570 0.52210 0.17667 0.51357)
		4 V(283 282 281 280) M(0) UV(0.06539 0.56835 0.06072 0.56835 0.06065 0.51838 0.06539 0.51754)
		4 V(284 285 286 287) M(0) UV(0.06539 0.51754 0.06065 0.51838 0.06072 0.56835 0.06539 0.56835)
		4 V(288 289 290 291) M(0) UV(0.06539 0.57602 0.06072 0.57602 0.06072 0.56835 0.06539 0.56835)
		4 V(295 294 293 292) M(0) UV(0.06539 0.56835 0.06072 0.56835 0.06072 0.57602 0.06539 0.57602)
		4 V(299 298 297 296) M(0) UV(0.06072 0.56835 0.06072 0.57602 0.01739 0.55320 0.02191 0.54874)
		4 V(300 301 302 303) M(0) UV(0.02191 0.54874 0.01739 0.55320 0.06072 0.57602 0.06072 0.56835)
		4 V(304 305 306 307) M(0) UV(0.02637 0.55100 0.02191 0.54874 0.06064 0.51100 0.06065 0.51838)
		4 V(311 310 309 308) M(0) UV(0.06065 0.51838 0.06064 0.51100 0.02191 0.54874 0.02637 0.55100)
		4 V(315 314 313 312) M(0) UV(0.06064 0.51100 0.06539 0.50970 0.06539 0.51754 0.06065 0.51838)
		4 V(316 317 318 319) M(0) UV(0.06065 0.51838 0.06539 0.51754 0.06539 0.50970 0.06064 0.51100)
		4 V(320 321 322 323) M(0) UV(0.06064 0.51102 0.06064 0.51100 0.02191 0.54874 0.02192 0.54874)
		4 V(327 326 325 324) M(0) UV(0.02192 0.54874 0.02191 0.54874 0.06064 0.51100 0.06064 0.51102)
		4 V(328 329 330 331) M(0) UV(0.02191 0.54874 0.01739 0.55320 0.01739 0.55320 0.02191 0.54874)
		4 V(335 334 333 332) M(0) UV(0.06064 0.51100 0.06539 0.50970 0.06539 0.50970 0.06064 0.51100)
		4 V(336 337 338 339) M(0) UV(0.16974 0.51288 0.17667 0.51357 0.17667 0.51357 0.16974 0.51288)
		4 V(340 341 342 343) M(0) UV(0.24261 0.52824 0.24261 0.52824 0.24700 0.52922 0.24700 0.52922)
		3 V(344 346 345) M(0) UV(0.56021 0.01672 0.55514 0.12092 0.55303 0.12092)
		3 V(344 347 346) M(0) UV(0.56021 0.01672 0.56021 0.12092 0.55514 0.12092)
		3 V(344 348 347) M(0) UV(0.56021 0.01672 0.56529 0.12092 0.56021 0.12092)
		3 V(344 349 348) M(0) UV(0.56021 0.01672 0.56740 0.12092 0.56529 0.12092)
		3 V(344 350 349) M(0) UV(0.56021 0.01672 0.56529 0.12092 0.56740 0.12092)
		3 V(344 351 350) M(0) UV(0.56021 0.01672 0.56021 0.12092 0.56529 0.12092)
		3 V(344 352 351) M(0) UV(0.56021 0.01672 0.55514 0.12092 0.56021 0.12092)
		3 V(344 345 352) M(0) UV(0.56021 0.01672 0.55303 0.12092 0.55514 0.12092)
		4 V(353 354 355 356) M(0) UV(0.76455 0.71893 0.69997 0.62287 0.73380 0.53641 0.76455 0.52662)
		4 V(355 358 357 356) M(0) UV(0.73380 0.53641 0.72252 0.48748 0.76455 0.48111 0.76455 0.52662)
		4 V(354 360 359 358) M(0) UV(0.69997 0.62287 0.63101 0.60404 0.63571 0.50774 0.72252 0.48748)
		3 V(354 358 355) M(0) UV(0.69997 0.62287 0.72252 0.48748 0.73380 0.53641)
		4 V(360 361 362 359) M(0) UV(0.63101 0.60404 0.42510 0.58290 0.42510 0.52888 0.63571 0.50774)
		4 V(361 364 363 362) M(0) UV(0.42510 0.58290 0.40151 0.56920 0.40151 0.53837 0.42510 0.52888)
		4 V(363 365 366 362) M(0) UV(0.40151 0.53837 0.39124 0.53299 0.41766 0.51390 0.42510 0.52888)
		4 V(361 368 367 364) M(0) UV(0.42510 0.58290 0.41522 0.59758 0.39124 0.57605 0.40151 0.56920)
		3 V(367 369 365) M(0) UV(0.39124 0.57605 0.38488 0.55305 0.39124 0.53299)
		4 V(363 364 367 365) M(0) UV(0.40151 0.53837 0.40151 0.56920 0.39124 0.57605 0.39124 0.53299)
		4 V(361 360 370 368) M(0) UV(0.42510 0.58290 0.63101 0.60404 0.62905 0.62645 0.41522 0.59758)
		4 V(360 354 371 370) M(0) UV(0.63101 0.60404 0.69997 0.62287 0.69507 0.63951 0.62905 0.62645)
		4 V(354 353 372 371) M(0) UV(0.69997 0.62287 0.76455 0.71893 0.76455 0.74633 0.69507 0.63951)
		4 V(358 374 373 357) M(0) UV(0.72252 0.48748 0.71811 0.47769 0.76455 0.46888 0.76455 0.48111)
		4 V(358 359 375 374) M(0) UV(0.72252 0.48748 0.63571 0.50774 0.63541 0.49580 0.71811 0.47769)
		4 V(359 362 366 375) M(0) UV(0.63571 0.50774 0.42510 0.52888 0.41766 0.51390 0.63541 0.49580)
		4 V(376 379 378 377) M(0) UV(0.27432 0.54811 0.27432 0.73564 0.32320 0.73063 0.33890 0.64417)
		4 V(378 379 380 381) M(0) UV(0.32320 0.73063 0.27432 0.73564 0.27432 0.78593 0.31635 0.77956)
		4 V(377 381 382 383) M(0) UV(0.33890 0.64417 0.31635 0.77956 0.40316 0.75930 0.40785 0.66300)
		3 V(377 378 381) M(0) UV(0.33890 0.64417 0.32320 0.73063 0.31635 0.77956)
		4 V(383 382 385 384) M(0) UV(0.40785 0.66300 0.40316 0.75930 0.61376 0.73816 0.61376 0.68414)
		4 V(384 385 386 387) M(0) UV(0.61376 0.68414 0.61376 0.73816 0.63735 0.72867 0.63735 0.69784)
		4 V(386 385 389 388) M(0) UV(0.63735 0.72867 0.61376 0.73816 0.62120 0.75314 0.64762 0.73405)
		4 V(384 387 390 391) M(0) UV(0.61376 0.68414 0.63735 0.69784 0.64762 0.69099 0.62365 0.66946)
		3 V(390 388 392) M(0) UV(0.64762 0.69099 0.64762 0.73405 0.65399 0.71399)
		4 V(386 388 390 387) M(0) UV(0.63735 0.72867 0.64762 0.73405 0.64762 0.69099 0.63735 0.69784)
		4 V(384 391 393 383) M(0) UV(0.61376 0.68414 0.62365 0.66946 0.40981 0.64059 0.40785 0.66300)
		4 V(383 393 394 377) M(0) UV(0.40785 0.66300 0.40981 0.64059 0.34379 0.62753 0.33890 0.64417)
		4 V(377 394 395 376) M(0) UV(0.33890 0.64417 0.34379 0.62753 0.27432 0.52071 0.27432 0.54811)
		4 V(381 380 396 397) M(0) UV(0.31635 0.77956 0.27432 0.78593 0.27432 0.79816 0.32075 0.78935)
		4 V(381 397 398 382) M(0) UV(0.31635 0.77956 0.32075 0.78935 0.40345 0.77124 0.40316 0.75930)
		4 V(382 398 389 385) M(0) UV(0.40316 0.75930 0.40345 0.77124 0.62120 0.75314 0.61376 0.73816)
		3 V(366 365 388) M(0) UV(0.41766 0.51390 0.39124 0.53299 0.39124 0.53299)
		3 V(390 367 368) M(0) UV(0.39124 0.57605 0.39124 0.57605 0.41522 0.59758)
		3 V(390 369 367) M(0) UV(0.39124 0.57605 0.38488 0.55305 0.39124 0.57605)
		3 V(369 388 365) M(0) UV(0.38488 0.55305 0.39124 0.53299 0.39124 0.53299)
		4 V(410 409 399 400) M(0) UV(0.21257 0.70454 0.13770 0.71020 0.13364 0.70162 0.21513 0.70162)
		4 V(412 411 401 402) M(0) UV(0.14237 0.75788 0.21807 0.74174 0.22112 0.74522 0.14276 0.76402)
		4 V(409 410 411 412) M(0) UV(0.13770 0.71020 0.21257 0.70454 0.21807 0.74174 0.14237 0.75788)
		4 V(413 412 402 403) M(0) UV(0.12754 0.77051 0.14237 0.75788 0.14276 0.76402 0.12754 0.77343)
		4 V(409 414 404 399) M(0) UV(0.13770 0.71020 0.12754 0.73171 0.12754 0.71786 0.13364 0.70162)
		4 V(412 413 414 409) M(0) UV(0.14237 0.75788 0.12754 0.77051 0.12754 0.73171 0.13770 0.71020)
		4 V(416 410 400 406) M(0) UV(0.22435 0.70690 0.21257 0.70454 0.21513 0.70162 0.22795 0.70419)
		4 V(411 415 405 401) M(0) UV(0.21807 0.74174 0.22880 0.73810 0.23280 0.74094 0.22112 0.74522)
		4 V(410 416 415 411) M(0) UV(0.21257 0.70454 0.22435 0.70690 0.22880 0.73810 0.21807 0.74174)
		4 V(417 416 406 407) M(0) UV(0.23587 0.71999 0.22435 0.70690 0.22795 0.70419 0.24049 0.71843)
		4 V(418 417 407 408) M(0) UV(0.23587 0.73150 0.23587 0.71999 0.24049 0.71843 0.24049 0.73097)
		4 V(415 418 408 405) M(0) UV(0.22880 0.73810 0.23587 0.73150 0.24049 0.73097 0.23280 0.74094)
		4 V(416 417 418 415) M(0) UV(0.22435 0.70690 0.23587 0.71999 0.23587 0.73150 0.22880 0.73810)
		4 V(430 420 419 429) M(0) UV(0.21512 0.61596 0.21768 0.61304 0.13619 0.61304 0.14025 0.62161)
		4 V(432 422 421 431) M(0) UV(0.14493 0.66930 0.14531 0.67544 0.22367 0.65663 0.22062 0.65316)
		4 V(429 432 431 430) M(0) UV(0.14025 0.62161 0.14493 0.66930 0.22062 0.65316 0.21512 0.61596)
		4 V(433 423 422 432) M(0) UV(0.13010 0.68192 0.13010 0.68484 0.14531 0.67544 0.14493 0.66930)
		4 V(429 419 424 434) M(0) UV(0.14025 0.62161 0.13619 0.61304 0.13010 0.62928 0.13010 0.64313)
		4 V(432 429 434 433) M(0) UV(0.14493 0.66930 0.14025 0.62161 0.13010 0.64313 0.13010 0.68192)
		4 V(436 426 420 430) M(0) UV(0.22690 0.61831 0.23051 0.61560 0.21768 0.61304 0.21512 0.61596)
		4 V(431 421 425 435) M(0) UV(0.22062 0.65316 0.22367 0.65663 0.23535 0.65236 0.23135 0.64952)
		4 V(430 431 435 436) M(0) UV(0.21512 0.61596 0.22062 0.65316 0.23135 0.64952 0.22690 0.61831)
		4 V(437 427 426 436) M(0) UV(0.23842 0.63140 0.24304 0.62985 0.23051 0.61560 0.22690 0.61831)
		4 V(438 428 427 437) M(0) UV(0.23842 0.64292 0.24304 0.64239 0.24304 0.62985 0.23842 0.63140)
		4 V(435 425 428 438) M(0) UV(0.23135 0.64952 0.23535 0.65236 0.24304 0.64239 0.23842 0.64292)
		4 V(436 435 438 437) M(0) UV(0.22690 0.61831 0.23135 0.64952 0.23842 0.64292 0.23842 0.63140)
		4 V(439 441 442 440) M(0) UV(0.01231 0.62447 0.01795 0.62447 0.01795 0.76580 0.01231 0.76580)
		4 V(441 443 444 442) M(0) UV(0.01795 0.62447 0.01795 0.62447 0.01795 0.76580 0.01795 0.76580)
		4 V(443 445 446 444) M(0) UV(0.01795 0.62447 0.01231 0.62447 0.01231 0.76580 0.01795 0.76580)
		4 V(445 439 440 446) M(0) UV(0.01231 0.62447 0.01231 0.62447 0.01231 0.76580 0.01231 0.76580)
		4 V(447 448 450 449) M(0) UV(0.01231 0.62447 0.01231 0.76580 0.01795 0.76580 0.01795 0.62447)
		4 V(449 450 452 451) M(0) UV(0.01795 0.62447 0.01795 0.76580 0.01795 0.76580 0.01795 0.62447)
		4 V(451 452 454 453) M(0) UV(0.01795 0.62447 0.01795 0.76580 0.01231 0.76580 0.01231 0.62447)
		4 V(453 454 448 447) M(0) UV(0.01231 0.62447 0.01231 0.76580 0.01231 0.76580 0.01231 0.62447)
		4 V(466 456 455 465) M(0) UV(0.21257 0.70454 0.21513 0.70162 0.13364 0.70162 0.13770 0.71020)
		4 V(468 458 457 467) M(0) UV(0.14237 0.75788 0.14276 0.76402 0.22112 0.74522 0.21807 0.74174)
		4 V(465 468 467 466) M(0) UV(0.13770 0.71020 0.14237 0.75788 0.21807 0.74174 0.21257 0.70454)
		4 V(469 459 458 468) M(0) UV(0.12754 0.77051 0.12754 0.77343 0.14276 0.76402 0.14237 0.75788)
		4 V(465 455 460 470) M(0) UV(0.13770 0.71020 0.13364 0.70162 0.12754 0.71786 0.12754 0.73171)
		4 V(468 465 470 469) M(0) UV(0.14237 0.75788 0.13770 0.71020 0.12754 0.73171 0.12754 0.77051)
		4 V(472 462 456 466) M(0) UV(0.22435 0.70690 0.22795 0.70419 0.21513 0.70162 0.21257 0.70454)
		4 V(467 457 461 471) M(0) UV(0.21807 0.74174 0.22112 0.74522 0.23280 0.74094 0.22880 0.73810)
		4 V(466 467 471 472) M(0) UV(0.21257 0.70454 0.21807 0.74174 0.22880 0.73810 0.22435 0.70690)
		4 V(473 463 462 472) M(0) UV(0.23587 0.71999 0.24049 0.71843 0.22795 0.70419 0.22435 0.70690)
		4 V(474 464 463 473) M(0) UV(0.23587 0.73150 0.24049 0.73097 0.24049 0.71843 0.23587 0.71999)
		4 V(471 461 464 474) M(0) UV(0.22880 0.73810 0.23280 0.74094 0.24049 0.73097 0.23587 0.73150)
		4 V(472 471 474 473) M(0) UV(0.22435 0.70690 0.22880 0.73810 0.23587 0.73150 0.23587 0.71999)
		4 V(486 485 475 476) M(0) UV(0.21512 0.61596 0.14025 0.62161 0.13619 0.61304 0.21768 0.61304)
		4 V(488 487 477 478) M(0) UV(0.14493 0.66930 0.22062 0.65316 0.22367 0.65663 0.14531 0.67544)
		4 V(485 486 487 488) M(0) UV(0.14025 0.62161 0.21512 0.61596 0.22062 0.65316 0.14493 0.66930)
		4 V(489 488 478 479) M(0) UV(0.13010 0.68192 0.14493 0.66930 0.14531 0.67544 0.13010 0.68484)
		4 V(485 490 480 475) M(0) UV(0.14025 0.62161 0.13010 0.64313 0.13010 0.62928 0.13619 0.61304)
		4 V(488 489 490 485) M(0) UV(0.14493 0.66930 0.13010 0.68192 0.13010 0.64313 0.14025 0.62161)
		4 V(492 486 476 482) M(0) UV(0.22690 0.61831 0.21512 0.61596 0.21768 0.61304 0.23051 0.61560)
		4 V(487 491 481 477) M(0) UV(0.22062 0.65316 0.23135 0.64952 0.23535 0.65236 0.22367 0.65663)
		4 V(486 492 491 487) M(0) UV(0.21512 0.61596 0.22690 0.61831 0.23135 0.64952 0.22062 0.65316)
		4 V(493 492 482 483) M(0) UV(0.23842 0.63140 0.22690 0.61831 0.23051 0.61560 0.24304 0.62985)
		4 V(494 493 483 484) M(0) UV(0.23842 0.64292 0.23842 0.63140 0.24304 0.62985 0.24304 0.64239)
		4 V(491 494 484 481) M(0) UV(0.23135 0.64952 0.23842 0.64292 0.24304 0.64239 0.23535 0.65236)
		4 V(492 493 494 491) M(0) UV(0.22690 0.61831 0.23842 0.63140 0.23842 0.64292 0.23135 0.64952)
		4 V(495 498 497 496) M(0) UV(0.76455 0.71893 0.76455 0.52662 0.73380 0.53641 0.69997 0.62287)
		4 V(497 498 499 500) M(0) UV(0.73380 0.53641 0.76455 0.52662 0.76455 0.48111 0.72252 0.48748)
		4 V(496 500 501 502) M(0) UV(0.69997 0.62287 0.72252 0.48748 0.63571 0.50774 0.63101 0.60404)
		3 V(496 497 500) M(0) UV(0.69997 0.62287 0.73380 0.53641 0.72252 0.48748)
		4 V(502 501 504 503) M(0) UV(0.63101 0.60404 0.63571 0.50774 0.42510 0.52888 0.42510 0.58290)
		4 V(503 504 505 506) M(0) UV(0.42510 0.58290 0.42510 0.52888 0.40151 0.53837 0.40151 0.56920)
		4 V(505 504 508 507) M(0) UV(0.40151 0.53837 0.42510 0.52888 0.41766 0.51390 0.39124 0.53299)
		4 V(503 506 509 510) M(0) UV(0.42510 0.58290 0.40151 0.56920 0.39124 0.57605 0.41522 0.59758)
		3 V(509 507 511) M(0) UV(0.39124 0.57605 0.39124 0.53299 0.38488 0.55305)
		4 V(505 507 509 506) M(0) UV(0.40151 0.53837 0.39124 0.53299 0.39124 0.57605 0.40151 0.56920)
		4 V(503 510 512 502) M(0) UV(0.42510 0.58290 0.41522 0.59758 0.62905 0.62645 0.63101 0.60404)
		4 V(502 512 513 496) M(0) UV(0.63101 0.60404 0.62905 0.62645 0.69507 0.63951 0.69997 0.62287)
		4 V(496 513 514 495) M(0) UV(0.69997 0.62287 0.69507 0.63951 0.76455 0.74633 0.76455 0.71893)
		4 V(500 499 515 516) M(0) UV(0.72252 0.48748 0.76455 0.48111 0.76455 0.46888 0.71811 0.47769)
		4 V(500 516 517 501) M(0) UV(0.72252 0.48748 0.71811 0.47769 0.63541 0.49580 0.63571 0.50774)
		4 V(501 517 508 504) M(0) UV(0.63571 0.50774 0.63541 0.49580 0.41766 0.51390 0.42510 0.52888)
		4 V(518 519 520 521) M(0) UV(0.27432 0.54811 0.33890 0.64417 0.32320 0.73063 0.27432 0.73564)
		4 V(520 523 522 521) M(0) UV(0.32320 0.73063 0.31635 0.77956 0.27432 0.78593 0.27432 0.73564)
		4 V(519 525 524 523) M(0) UV(0.33890 0.64417 0.40785 0.66300 0.40316 0.75930 0.31635 0.77956)
		3 V(519 523 520) M(0) UV(0.33890 0.64417 0.31635 0.77956 0.32320 0.73063)
		4 V(525 526 527 524) M(0) UV(0.40785 0.66300 0.61376 0.68414 0.61376 0.73816 0.40316 0.75930)
		4 V(526 529 528 527) M(0) UV(0.61376 0.68414 0.63735 0.69784 0.63735 0.72867 0.61376 0.73816)
		4 V(528 530 531 527) M(0) UV(0.63735 0.72867 0.64762 0.73405 0.62120 0.75314 0.61376 0.73816)
		4 V(526 533 532 529) M(0) UV(0.61376 0.68414 0.62365 0.66946 0.64762 0.69099 0.63735 0.69784)
		3 V(532 534 530) M(0) UV(0.64762 0.69099 0.65399 0.71399 0.64762 0.73405)
		4 V(528 529 532 530) M(0) UV(0.63735 0.72867 0.63735 0.69784 0.64762 0.69099 0.64762 0.73405)
		4 V(526 525 535 533) M(0) UV(0.61376 0.68414 0.40785 0.66300 0.40981 0.64059 0.62365 0.66946)
		4 V(525 519 536 535) M(0) UV(0.40785 0.66300 0.33890 0.64417 0.34379 0.62753 0.40981 0.64059)
		4 V(519 518 537 536) M(0) UV(0.33890 0.64417 0.27432 0.54811 0.27432 0.52071 0.34379 0.62753)
		4 V(523 539 538 522) M(0) UV(0.31635 0.77956 0.32075 0.78935 0.27432 0.79816 0.27432 0.78593)
		4 V(523 524 540 539) M(0) UV(0.31635 0.77956 0.40316 0.75930 0.40345 0.77124 0.32075 0.78935)
		4 V(524 527 531 540) M(0) UV(0.40316 0.75930 0.61376 0.73816 0.62120 0.75314 0.40345 0.77124)
		3 V(508 530 507) M(0) UV(0.41766 0.51390 0.39124 0.53299 0.39124 0.53299)
		3 V(532 510 509) M(0) UV(0.39124 0.57605 0.41522 0.59758 0.39124 0.57605)
		3 V(532 509 511) M(0) UV(0.39124 0.57605 0.39124 0.57605 0.38488 0.55305)
		3 V(511 507 530) M(0) UV(0.38488 0.55305 0.39124 0.53299 0.39124 0.53299)
		4 V(541 542 550 549) M(0) UV(0.09113 0.03742 0.09113 0.03867 0.02821 0.03867 0.02821 0.03742)
		4 V(542 543 551 550) M(0) UV(0.09113 0.03867 0.09113 0.04170 0.02821 0.04170 0.02821 0.03867)
		4 V(543 544 552 551) M(0) UV(0.09113 0.04170 0.09113 0.04472 0.02821 0.04472 0.02821 0.04170)
		4 V(544 545 553 552) M(0) UV(0.09113 0.04472 0.09113 0.04598 0.02821 0.04598 0.02821 0.04472)
		4 V(545 546 554 553) M(0) UV(0.09113 0.04598 0.09113 0.04472 0.02821 0.04472 0.02821 0.04598)
		4 V(546 547 555 554) M(0) UV(0.09113 0.04472 0.09113 0.04170 0.02821 0.04170 0.02821 0.04472)
		4 V(547 548 556 555) M(0) UV(0.09113 0.04170 0.09113 0.03867 0.02821 0.03867 0.02821 0.04170)
		4 V(548 541 549 556) M(0) UV(0.09113 0.03867 0.09113 0.03742 0.02821 0.03742 0.02821 0.03867)
		3 V(557 549 550) M(0) UV(0.03574 0.04170 0.02821 0.03742 0.02821 0.03867)
		3 V(557 550 551) M(0) UV(0.03574 0.04170 0.02821 0.03867 0.02821 0.04170)
		3 V(557 551 552) M(0) UV(0.03574 0.04170 0.02821 0.04170 0.02821 0.04472)
		3 V(557 552 553) M(0) UV(0.03574 0.04170 0.02821 0.04472 0.02821 0.04598)
		3 V(557 553 554) M(0) UV(0.03574 0.04170 0.02821 0.04598 0.02821 0.04472)
		3 V(557 554 555) M(0) UV(0.03574 0.04170 0.02821 0.04472 0.02821 0.04170)
		3 V(557 555 556) M(0) UV(0.03574 0.04170 0.02821 0.04170 0.02821 0.03867)
		3 V(557 556 549) M(0) UV(0.03574 0.04170 0.02821 0.03867 0.02821 0.03742)
		4 V(558 566 567 559) M(0) UV(0.09113 0.03742 0.02821 0.03742 0.02821 0.03867 0.09113 0.03867)
		4 V(559 567 568 560) M(0) UV(0.09113 0.03867 0.02821 0.03867 0.02821 0.04170 0.09113 0.04170)
		4 V(560 568 569 561) M(0) UV(0.09113 0.04170 0.02821 0.04170 0.02821 0.04472 0.09113 0.04472)
		4 V(561 569 570 562) M(0) UV(0.09113 0.04472 0.02821 0.04472 0.02821 0.04598 0.09113 0.04598)
		4 V(562 570 571 563) M(0) UV(0.09113 0.04598 0.02821 0.04598 0.02821 0.04472 0.09113 0.04472)
		4 V(563 571 572 564) M(0) UV(0.09113 0.04472 0.02821 0.04472 0.02821 0.04170 0.09113 0.04170)
		4 V(564 572 573 565) M(0) UV(0.09113 0.04170 0.02821 0.04170 0.02821 0.03867 0.09113 0.03867)
		4 V(565 573 566 558) M(0) UV(0.09113 0.03867 0.02821 0.03867 0.02821 0.03742 0.09113 0.03742)
		3 V(574 567 566) M(0) UV(0.03574 0.04170 0.02821 0.03867 0.02821 0.03742)
		3 V(574 568 567) M(0) UV(0.03574 0.04170 0.02821 0.04170 0.02821 0.03867)
		3 V(574 569 568) M(0) UV(0.03574 0.04170 0.02821 0.04472 0.02821 0.04170)
		3 V(574 570 569) M(0) UV(0.03574 0.04170 0.02821 0.04598 0.02821 0.04472)
		3 V(574 571 570) M(0) UV(0.03574 0.04170 0.02821 0.04472 0.02821 0.04598)
		3 V(574 572 571) M(0) UV(0.03574 0.04170 0.02821 0.04170 0.02821 0.04472)
		3 V(574 573 572) M(0) UV(0.03574 0.04170 0.02821 0.03867 0.02821 0.04170)
		3 V(574 566 573) M(0) UV(0.03574 0.04170 0.02821 0.03742 0.02821 0.03867)
	}
}
Object "" {
	depth 1
	folding 0
	scale 1.000000 1.000000 1.000000
	rotation 0.000000 -0.000000 0.000000
	translation 0.000000 0.000000 0.000000
	visible 15
	locking 1
	shading 0
	facet 59.5
	color 0.898 0.498 0.698
	color_type 0
	vertex 161 {
		-32.4764 211.3593 -85.9564
		-32.4764 191.6974 -123.2930
		32.4764 191.6974 -123.2930
		32.4764 211.3593 -85.9564
		32.4764 191.6974 -283.7729
		-32.4764 191.6974 -283.7729
		32.4764 258.5374 -283.7729
		-32.4764 258.5374 -283.7729
		-17.0665 298.8589 -283.7729
		17.0665 298.8589 -283.7729
		-32.4764 258.5374 -123.2930
		-32.4764 258.5374 -283.7729
		32.4764 258.5374 -123.2930
		32.4764 258.5374 -283.7729
		32.4764 278.1992 -85.9564
		32.4764 258.5374 -283.7729
		-32.4764 258.5374 -283.7729
		32.4764 258.5374 -123.2930
		-14.2938 204.1614 -151.8605
		-14.2938 191.3586 -151.8605
		14.2938 204.1614 -151.8605
		14.2938 191.3586 -151.8605
		14.2938 204.1614 -183.2896
		-14.2938 204.1614 -183.2896
		14.2938 207.6116 -202.0099
		14.2938 191.3586 -202.0099
		-14.2938 207.6116 -202.0099
		-14.2938 191.3586 -202.0099
		12.4307 269.6292 -197.8316
		-12.4307 269.6292 -197.8316
		12.4307 266.8837 -206.3571
		-12.4307 266.8837 -206.3571
		-23.6023 207.6116 -149.8609
		-23.6023 191.3586 -149.8609
		23.6023 207.6116 -149.8609
		23.6023 191.3586 -149.8609
		23.6023 207.6116 -175.3503
		23.6023 191.3586 -175.3503
		-23.6023 207.6116 -175.3503
		-23.6023 191.3586 -175.3503
		23.6023 207.6116 -190.5328
		23.6023 191.3586 -190.5328
		-23.6023 207.6116 -190.5328
		-23.6023 191.3586 -190.5328
		20.5259 269.6292 -191.1006
		-20.5259 269.6292 -191.1006
		20.5259 266.8837 -198.0148
		-20.5259 266.8837 -198.0148
		-11.2936 278.1992 -109.3371
		-32.4764 265.1455 -123.2850
		-32.4764 278.1992 -85.9564
		11.2936 278.1992 -109.3371
		32.4764 265.1455 -123.2850
		-32.4764 278.1992 -85.9564
		-32.4764 265.1455 -123.2850
		11.2936 278.1992 -109.3371
		32.4764 265.1455 -123.2850
		-32.4764 278.1992 -85.9564
		-32.4764 258.5374 -123.2930
		-11.3188 246.7643 -109.3371
		11.3188 246.7643 -109.3371
		-32.5075 246.7643 -123.3161
		11.3188 246.7643 -109.3371
		32.5075 246.7643 -123.3161
		-14.3604 221.2311 -104.1822
		-32.4885 221.2311 -119.1021
		14.3604 221.2311 -104.1822
		32.4885 221.2311 -119.1021
		-14.3454 246.7641 -104.1822
		14.3454 246.7641 -104.1822
		-32.4611 246.7641 -119.0703
		32.4611 246.7641 -119.0703
		-6.3799 254.2111 -103.3204
		-6.3799 224.5465 -103.3204
		6.3799 254.2111 -103.3204
		6.3799 224.5465 -103.3204
		6.3799 254.2111 -110.9228
		6.3799 224.5465 -110.9228
		-6.3799 254.2111 -110.9228
		-6.3799 224.5465 -110.9228
		0.0000 237.4673 -139.2496
		0.0000 237.4673 -136.7784
		2.1405 237.4673 -138.0139
		2.1405 237.4673 -140.4855
		0.0000 237.4673 -141.7214
		-2.1405 237.4673 -140.4855
		-2.1405 237.4673 -138.0139
		0.0000 189.9391 -135.4546
		3.2868 189.9391 -137.3523
		3.2868 189.9391 -141.1474
		0.0000 189.9391 -143.0449
		-3.2868 189.9391 -141.1474
		-3.2868 189.9391 -137.3523
		0.0000 207.6271 -135.4546
		3.2868 207.6271 -137.3523
		3.2868 207.6271 -141.1474
		0.0000 207.6271 -143.0449
		-3.2868 207.6271 -141.1474
		-3.2868 207.6271 -137.3523
		0.0000 209.9195 -136.7784
		2.1405 209.9195 -138.0139
		2.1405 209.9195 -140.4855
		0.0000 209.9195 -141.7214
		-2.1405 209.9195 -140.4855
		-2.1405 209.9195 -138.0139
		-8.3105 279.8070 -95.7624
		-8.3105 263.1860 -95.7624
		8.3105 279.8070 -95.7624
		8.3105 263.1860 -95.7624
		8.3105 279.8070 -112.3835
		8.3105 263.1860 -112.3835
		-8.3105 279.8070 -112.3835
		-8.3105 263.1860 -112.3835
		-33.7559 251.8966 -148.3530
		-33.7559 217.9804 -148.3530
		-24.5172 251.8966 -148.3530
		-24.5172 217.9804 -148.3530
		-24.5172 251.8966 -173.8330
		-24.5172 217.9804 -173.8330
		-33.7559 251.8966 -173.8330
		-33.7559 217.9804 -173.8330
		-32.4764 258.5374 -209.6784
		32.4764 258.5374 -209.6784
		32.9018 191.6223 -209.6784
		-32.9018 191.6223 -209.6784
		32.4764 258.5374 -209.6784
		31.1219 265.0927 -210.6487
		-31.1219 265.0927 -210.6487
		-32.4764 258.5374 -209.6784
		-31.1219 265.0927 -210.6487
		31.1219 265.0927 -210.6487
		21.0793 291.0836 -214.2470
		-21.0793 291.0836 -214.2470
		-32.4764 253.7069 -235.6341
		32.4764 253.7069 -235.6341
		32.9018 191.6223 -235.6341
		-32.9018 191.6223 -235.6341
		-29.9520 261.0568 -261.4297
		-29.9520 248.7242 -261.4297
		29.9520 261.0568 -261.4297
		29.9520 248.7242 -261.4297
		29.9520 261.0568 -283.8551
		29.9520 248.7242 -283.8551
		-29.9520 261.0568 -283.8551
		-29.9520 248.7242 -283.8551
		8.3408 306.9874 -219.4334
		8.3408 301.4672 -215.9418
		14.8725 306.9874 -219.4334
		14.8725 301.4672 -215.9418
		28.8342 260.0559 -283.3541
		28.8342 254.5360 -279.8626
		22.3025 260.0559 -283.3541
		22.3025 254.5360 -279.8626
		-8.3408 306.9874 -219.4334
		-8.3408 301.4672 -215.9418
		-14.8725 306.9874 -219.4334
		-14.8725 301.4672 -215.9418
		-28.8342 260.0559 -283.3541
		-28.8342 254.5360 -279.8626
		-22.3025 260.0559 -283.3541
		-22.3025 254.5360 -279.8626
	}
	face 106 {
		4 V(0 1 2 3) M(0) UV(0.23474 0.93442 0.28184 0.95922 0.28184 0.95922 0.23474 0.93442)
		4 V(1 5 4 2) M(0) UV(0.28184 0.95922 0.48430 0.95922 0.48430 0.95922 0.28184 0.95922)
		4 V(6 7 8 9) M(0) UV(0.48430 0.87490 0.48430 0.87490 0.48430 0.82403 0.48430 0.82403)
		4 V(1 10 11 5) M(0) UV(0.28184 0.95922 0.28184 0.87490 0.48430 0.87490 0.48430 0.95922)
		4 V(4 13 12 2) M(0) UV(0.48430 0.95922 0.48430 0.87490 0.28184 0.87490 0.28184 0.95922)
		4 V(5 16 15 4) M(0) UV(0.48430 0.95922 0.48430 0.87490 0.48430 0.87490 0.48430 0.95922)
		4 V(3 2 17 14) M(0) UV(0.23474 0.93442 0.28184 0.95922 0.28184 0.87490 0.23474 0.85009)
		4 V(18 20 21 19) M(0) UV(0.71543 0.94104 0.71543 0.94104 0.71543 0.96264 0.71543 0.96264)
		4 V(23 22 20 18) M(0) UV(0.83552 0.92513 0.88377 0.92513 0.88377 0.95377 0.83552 0.95377)
		4 V(24 26 27 25) M(0) UV(0.80006 0.93521 0.80006 0.93521 0.80006 0.96264 0.80006 0.96264)
		4 V(30 31 26 24) M(0) UV(0.80739 0.83519 0.80739 0.83519 0.80006 0.93521 0.80006 0.93521)
		4 V(29 28 22 23) M(0) UV(0.83867 0.81890 0.88062 0.81890 0.88377 0.92513 0.83552 0.92513)
		4 V(31 30 28 29) M(0) UV(0.80739 0.83519 0.80739 0.83519 0.79301 0.83056 0.79301 0.83056)
		4 V(36 34 20 22) M(0) UV(0.89947 0.92747 0.89947 0.95070 0.88377 0.95377 0.88377 0.92513)
		4 V(34 35 21 20) M(0) UV(0.71206 0.93521 0.71206 0.96264 0.71543 0.96264 0.71543 0.94104)
		4 V(34 36 37 35) M(0) UV(0.71206 0.93521 0.75507 0.93521 0.75507 0.96264 0.71206 0.96264)
		4 V(32 38 23 18) M(0) UV(0.81982 0.95070 0.81982 0.92747 0.83552 0.92513 0.83552 0.95377)
		4 V(33 32 18 19) M(0) UV(0.71206 0.96264 0.71206 0.93521 0.71543 0.94104 0.71543 0.96264)
		4 V(38 32 33 39) M(0) UV(0.75507 0.93521 0.71206 0.93521 0.71206 0.96264 0.75507 0.96264)
		4 V(42 43 27 26) M(0) UV(0.78069 0.93521 0.78069 0.96264 0.80006 0.96264 0.80006 0.93521)
		4 V(43 42 38 39) M(0) UV(0.78069 0.96264 0.78069 0.93521 0.75507 0.93521 0.75507 0.96264)
		4 V(41 40 24 25) M(0) UV(0.78069 0.96264 0.78069 0.93521 0.80006 0.93521 0.80006 0.96264)
		4 V(40 41 37 36) M(0) UV(0.78069 0.93521 0.78069 0.96264 0.75507 0.96264 0.75507 0.93521)
		4 V(46 44 28 30) M(0) UV(0.79332 0.83519 0.78165 0.83056 0.79301 0.83056 0.80739 0.83519)
		4 V(40 46 30 24) M(0) UV(0.78069 0.93521 0.79332 0.83519 0.80739 0.83519 0.80006 0.93521)
		4 V(44 36 22 28) M(0) UV(0.89428 0.82503 0.89947 0.92747 0.88377 0.92513 0.88062 0.81890)
		4 V(44 46 40 36) M(0) UV(0.78165 0.83056 0.79332 0.83519 0.78069 0.93521 0.75507 0.93521)
		4 V(45 47 31 29) M(0) UV(0.78165 0.83056 0.79332 0.83519 0.80739 0.83519 0.79301 0.83056)
		4 V(38 45 29 23) M(0) UV(0.81982 0.92747 0.82501 0.82503 0.83867 0.81890 0.83552 0.92513)
		4 V(47 42 26 31) M(0) UV(0.79332 0.83519 0.78069 0.93521 0.80006 0.93521 0.80739 0.83519)
		4 V(47 45 38 42) M(0) UV(0.79332 0.83519 0.78165 0.83056 0.75507 0.93521 0.78069 0.93521)
		3 V(50 49 48) M(0) UV(0.52167 0.83346 0.52167 0.79409 0.54401 0.80880)
		3 V(14 51 52) M(0) UV(0.59018 0.83346 0.56783 0.80880 0.59018 0.79409)
		4 V(51 14 53 48) M(0) UV(0.56783 0.80880 0.59018 0.83346 0.52167 0.83346 0.54401 0.80880)
		4 V(57 58 1 0) M(0) UV(0.23474 0.85009 0.28184 0.87490 0.28184 0.95922 0.23474 0.93442)
		4 V(59 48 54 61) M(0) UV(0.57575 0.90942 0.57571 0.85638 0.61145 0.87840 0.61151 0.90942)
		4 V(63 56 55 62) M(0) UV(0.50179 0.90942 0.50184 0.87840 0.53759 0.85638 0.53755 0.90942)
		4 V(60 51 48 59) M(0) UV(0.53755 0.90942 0.53759 0.85638 0.57571 0.85638 0.57575 0.90942)
		4 V(70 68 59 61) M(0) UV(0.61143 0.90942 0.58086 0.90942 0.57575 0.90942 0.61151 0.90942)
		4 V(68 70 65 64) M(0) UV(0.58086 0.90942 0.61143 0.90942 0.61147 0.95251 0.58088 0.95251)
		4 V(69 71 63 62) M(0) UV(0.53244 0.90942 0.50187 0.90942 0.50179 0.90942 0.53755 0.90942)
		4 V(71 69 66 67) M(0) UV(0.50187 0.90942 0.53244 0.90942 0.53241 0.95251 0.50182 0.95251)
		4 V(68 69 60 59) M(0) UV(0.58086 0.90942 0.53244 0.90942 0.53755 0.90942 0.57575 0.90942)
		4 V(69 68 64 66) M(0) UV(0.53244 0.90942 0.58086 0.90942 0.58088 0.95251 0.53241 0.95251)
		4 V(74 76 77 75) M(0) UV(0.86897 0.72037 0.86897 0.72037 0.86897 0.77043 0.86897 0.77043)
		4 V(76 78 79 77) M(0) UV(0.86897 0.72037 0.89051 0.72037 0.89051 0.77043 0.86897 0.77043)
		4 V(78 72 73 79) M(0) UV(0.89051 0.72037 0.89051 0.72037 0.89051 0.77043 0.89051 0.77043)
		4 V(78 76 74 72) M(0) UV(0.89051 0.72037 0.86897 0.72037 0.86897 0.72037 0.89051 0.72037)
		4 V(73 75 77 79) M(0) UV(0.89051 0.77043 0.86897 0.77043 0.86897 0.77043 0.89051 0.77043)
		3 V(80 82 81) M(0) UV(0.72089 0.81507 0.71881 0.81507 0.71672 0.81507)
		3 V(80 83 82) M(0) UV(0.72089 0.81507 0.72298 0.81507 0.71881 0.81507)
		3 V(80 84 83) M(0) UV(0.72089 0.81507 0.72506 0.81507 0.72298 0.81507)
		3 V(80 85 84) M(0) UV(0.72089 0.81507 0.72298 0.81507 0.72506 0.81507)
		3 V(80 86 85) M(0) UV(0.72089 0.81507 0.71881 0.81507 0.72298 0.81507)
		3 V(80 81 86) M(0) UV(0.72089 0.81507 0.71672 0.81507 0.71881 0.81507)
		4 V(94 88 87 93) M(0) UV(0.71769 0.86543 0.71769 0.89527 0.71449 0.89527 0.71449 0.86543)
		4 V(95 89 88 94) M(0) UV(0.72409 0.86543 0.72409 0.89527 0.71769 0.89527 0.71769 0.86543)
		4 V(96 90 89 95) M(0) UV(0.72730 0.86543 0.72730 0.89527 0.72409 0.89527 0.72409 0.86543)
		4 V(97 91 90 96) M(0) UV(0.72409 0.86543 0.72409 0.89527 0.72730 0.89527 0.72730 0.86543)
		4 V(98 92 91 97) M(0) UV(0.71769 0.86543 0.71769 0.89527 0.72409 0.89527 0.72409 0.86543)
		4 V(93 87 92 98) M(0) UV(0.71449 0.86543 0.71449 0.89527 0.71769 0.89527 0.71769 0.86543)
		4 V(99 81 82 100) M(0) UV(0.71672 0.86156 0.71672 0.81507 0.71881 0.81507 0.71881 0.86156)
		4 V(99 100 94 93) M(0) UV(0.71672 0.86156 0.71881 0.86156 0.71769 0.86543 0.71449 0.86543)
		4 V(100 82 83 101) M(0) UV(0.71881 0.86156 0.71881 0.81507 0.72298 0.81507 0.72298 0.86156)
		4 V(100 101 95 94) M(0) UV(0.71881 0.86156 0.72298 0.86156 0.72409 0.86543 0.71769 0.86543)
		4 V(101 83 84 102) M(0) UV(0.72298 0.86156 0.72298 0.81507 0.72506 0.81507 0.72506 0.86156)
		4 V(101 102 96 95) M(0) UV(0.72298 0.86156 0.72506 0.86156 0.72730 0.86543 0.72409 0.86543)
		4 V(102 84 85 103) M(0) UV(0.72506 0.86156 0.72506 0.81507 0.72298 0.81507 0.72298 0.86156)
		4 V(102 103 97 96) M(0) UV(0.72506 0.86156 0.72298 0.86156 0.72409 0.86543 0.72730 0.86543)
		4 V(103 85 86 104) M(0) UV(0.72298 0.86156 0.72298 0.81507 0.71881 0.81507 0.71881 0.86156)
		4 V(103 104 98 97) M(0) UV(0.72298 0.86156 0.71881 0.86156 0.71769 0.86543 0.72409 0.86543)
		4 V(104 86 81 99) M(0) UV(0.71881 0.86156 0.71881 0.81507 0.71672 0.81507 0.71672 0.86156)
		4 V(104 99 93 98) M(0) UV(0.71881 0.86156 0.71672 0.86156 0.71449 0.86543 0.71769 0.86543)
		4 V(105 107 108 106) M(0) UV(0.46407 0.82866 0.43602 0.82866 0.43602 0.85671 0.46407 0.85671)
		4 V(107 109 110 108) M(0) UV(0.43602 0.82866 0.43602 0.82866 0.43602 0.85671 0.43602 0.85671)
		4 V(109 111 112 110) M(0) UV(0.43602 0.82866 0.46407 0.82866 0.46407 0.85671 0.43602 0.85671)
		4 V(111 105 106 112) M(0) UV(0.46407 0.82866 0.46407 0.82866 0.46407 0.85671 0.46407 0.85671)
		4 V(111 109 107 105) M(0) UV(0.46407 0.82866 0.43602 0.82866 0.43602 0.82866 0.46407 0.82866)
		4 V(106 108 110 112) M(0) UV(0.46407 0.85671 0.43602 0.85671 0.43602 0.85671 0.46407 0.85671)
		4 V(113 115 116 114) M(0) UV(0.62115 0.82095 0.62115 0.82095 0.62115 0.87818 0.62115 0.87818)
		4 V(115 117 118 116) M(0) UV(0.62115 0.82095 0.66414 0.82095 0.66414 0.87818 0.62115 0.87818)
		4 V(117 119 120 118) M(0) UV(0.66414 0.82095 0.66414 0.82095 0.66414 0.87818 0.66414 0.87818)
		4 V(119 117 115 113) M(0) UV(0.66414 0.82095 0.66414 0.82095 0.62115 0.82095 0.62115 0.82095)
		4 V(114 116 118 120) M(0) UV(0.62115 0.87818 0.62115 0.87818 0.66414 0.87818 0.66414 0.87818)
		4 V(121 122 123 124) M(0) UV(0.89814 0.60268 0.81619 0.60268 0.81566 0.68710 0.89867 0.68710)
		4 V(128 127 126 125) M(0) UV(0.89814 0.60268 0.89643 0.59441 0.81790 0.59441 0.81619 0.60268)
		4 V(132 131 130 129) M(0) UV(0.88376 0.56162 0.83057 0.56162 0.81790 0.59441 0.89643 0.59441)
		4 V(125 126 127 128) M(0) UV(0.81619 0.60268 0.81790 0.59441 0.89643 0.59441 0.89814 0.60268)
		4 V(129 130 131 132) M(0) UV(0.89643 0.59441 0.81790 0.59441 0.83057 0.56162 0.88376 0.56162)
		4 V(133 134 122 121) M(0) UV(0.89814 0.60878 0.81619 0.60878 0.81619 0.60268 0.89814 0.60268)
		4 V(136 135 134 133) M(0) UV(0.89867 0.68710 0.81566 0.68710 0.81619 0.60878 0.89814 0.60878)
		4 V(137 139 140 138) M(0) UV(0.63512 0.91647 0.63512 0.91647 0.63512 0.92947 0.63512 0.92947)
		4 V(139 141 142 140) M(0) UV(0.63512 0.91647 0.65877 0.91647 0.65877 0.92947 0.63512 0.92947)
		4 V(143 137 138 144) M(0) UV(0.65877 0.91647 0.63512 0.91647 0.63512 0.92947 0.65877 0.92947)
		4 V(143 141 139 137) M(0) UV(0.65877 0.91647 0.65877 0.91647 0.63512 0.91647 0.63512 0.91647)
		4 V(138 140 142 144) M(0) UV(0.63512 0.92947 0.63512 0.92947 0.65877 0.92947 0.65877 0.92947)
		4 V(145 147 148 146) M(0) UV(0.30303 0.82268 0.30303 0.82268 0.30303 0.82784 0.30303 0.82784)
		4 V(147 149 150 148) M(0) UV(0.30303 0.82268 0.39187 0.82268 0.39187 0.82784 0.30303 0.82784)
		4 V(151 145 146 152) M(0) UV(0.39187 0.82268 0.30303 0.82268 0.30303 0.82784 0.39187 0.82784)
		4 V(151 149 147 145) M(0) UV(0.39187 0.82268 0.39187 0.82268 0.30303 0.82268 0.30303 0.82268)
		4 V(146 148 150 152) M(0) UV(0.30303 0.82784 0.30303 0.82784 0.39187 0.82784 0.39187 0.82784)
		4 V(153 154 156 155) M(0) UV(0.30303 0.82268 0.30303 0.82784 0.30303 0.82784 0.30303 0.82268)
		4 V(155 156 158 157) M(0) UV(0.30303 0.82268 0.30303 0.82784 0.39187 0.82784 0.39187 0.82268)
		4 V(159 160 154 153) M(0) UV(0.39187 0.82268 0.39187 0.82784 0.30303 0.82784 0.30303 0.82268)
		4 V(159 153 155 157) M(0) UV(0.39187 0.82268 0.30303 0.82268 0.30303 0.82268 0.39187 0.82268)
		4 V(154 160 158 156) M(0) UV(0.30303 0.82784 0.39187 0.82784 0.39187 0.82784 0.30303 0.82784)
	}
}
Object "$canopy0" {
	depth 0
	folding 0
	scale 1.000000 1.000000 1.000000
	rotation 0.000000 -0.000000 0.000000
	translation 0.000000 0.000000 0.000000
	visible 15
	locking 1
	shading 1
	facet 59.5
	color 0.898 0.498 0.698
	color_type 0
	vertex 96 {
		21.6027 309.8878 -132.7789
		-21.6027 309.8878 -132.7789
		32.3292 265.1399 -132.7789
		-32.3292 265.1399 -132.7789
		16.5070 306.1874 -210.3382
		-16.5070 306.1874 -210.3382
		16.5070 306.1874 -210.3382
		-16.5070 306.1874 -210.3382
		31.2318 265.0968 -203.5575
		-31.2318 265.0968 -203.5575
		15.1606 317.2698 -133.1794
		-15.1606 317.2698 -133.1794
		11.5844 313.5537 -210.9554
		-11.5844 313.5537 -210.9554
		32.4764 258.5374 -127.3150
		17.2827 315.6720 -127.3148
		-32.4764 258.5374 -127.3150
		-17.2827 315.6720 -127.3150
		32.4139 265.1430 -127.3150
		-32.4139 265.1430 -127.3150
		20.9871 308.9215 -127.3150
		-20.9871 308.9215 -127.3150
		32.4139 265.1430 -127.3150
		-32.4139 265.1430 -127.3150
		32.4764 258.5374 -209.7497
		-32.4764 258.5374 -209.7497
		31.1219 265.0927 -210.6487
		-31.1219 265.0927 -210.6487
		16.1215 305.6020 -216.2042
		-16.1215 305.6020 -216.2042
		16.1215 305.6020 -216.2042
		-16.1215 305.6020 -216.2042
		31.1219 265.0927 -210.6487
		-31.1219 265.0927 -210.6487
		11.3011 312.9322 -217.2097
		-11.3011 312.9322 -217.2097
		23.3036 302.7922 -132.7789
		-23.3036 302.7923 -132.7789
		18.6291 300.2652 -209.3612
		-18.6291 300.2652 -209.3612
		-11.3011 312.9322 -217.2097
		-11.5844 313.5537 -210.9554
		-16.5070 306.1874 -210.3382
		-16.1215 305.6020 -216.2042
		11.3011 312.9322 -217.2097
		11.5844 313.5537 -210.9554
		16.5070 306.1874 -210.3382
		16.1215 305.6020 -216.2042
		-16.1215 305.6020 -216.2042
		-31.1219 265.0927 -210.6487
		-31.2318 265.0968 -203.5575
		-16.5070 306.1874 -210.3382
		16.1215 305.6020 -216.2042
		31.1219 265.0927 -210.6487
		31.2318 265.0968 -203.5575
		16.5070 306.1874 -210.3382
		-31.1219 265.0927 -210.6487
		-32.4764 258.5374 -209.7497
		-32.4764 258.5374 -127.3150
		-32.4139 265.1430 -127.3150
		31.1219 265.0927 -210.6487
		32.4764 258.5374 -209.7497
		32.4764 258.5374 -127.3150
		32.4139 265.1430 -127.3150
		-32.3292 265.1399 -132.7789
		-32.4139 265.1430 -127.3150
		-20.9871 308.9215 -127.3150
		-21.6027 309.8878 -132.7789
		32.3292 265.1399 -132.7789
		32.4139 265.1430 -127.3150
		20.9871 308.9215 -127.3150
		21.6027 309.8878 -132.7789
		-23.3036 302.7923 -132.7789
		-21.6027 309.8878 -132.7789
		-16.5070 306.1874 -210.3382
		-18.6291 300.2652 -209.3612
		23.3036 302.7923 -132.7789
		21.6027 309.8878 -132.7789
		16.5070 306.1874 -210.3382
		18.6291 300.2652 -209.3612
		-17.2827 315.6720 -127.3150
		-15.1606 317.2698 -133.1794
		-21.6027 309.8878 -132.7789
		-20.9871 308.9215 -127.3150
		17.2827 315.6720 -127.3150
		15.1606 317.2698 -133.1794
		21.6027 309.8878 -132.7789
		20.9871 308.9215 -127.3150
		17.2827 315.6720 -127.3148
		15.1606 317.2698 -133.1794
		-15.1606 317.2698 -133.1794
		-17.2827 315.6720 -127.3150
		11.3011 312.9322 -217.2097
		-11.3011 312.9322 -217.2097
		-11.5844 313.5537 -210.9554
		11.5844 313.5537 -210.9554
	}
	face 28 {
		4 V(17 11 10 15) M(0) UV(0.07099 0.43613 0.07780 0.43427 0.07780 0.43427 0.07099 0.43613)
		4 V(22 20 0 2) M(0) UV(0.07099 0.49478 0.07099 0.44396 0.07733 0.44284 0.07733 0.49478)
		4 V(21 23 3 1) M(0) UV(0.07099 0.44396 0.07099 0.49478 0.07733 0.49478 0.07733 0.44284)
		4 V(20 15 10 0) M(0) UV(0.07099 0.44396 0.07099 0.43613 0.07780 0.43427 0.07733 0.44284)
		4 V(17 21 1 11) M(0) UV(0.07099 0.43613 0.07099 0.44396 0.07733 0.44284 0.07780 0.43427)
		4 V(32 8 4 28) M(0) UV(0.16772 0.49484 0.15949 0.49483 0.16736 0.44714 0.17417 0.44781)
		4 V(29 5 9 33) M(0) UV(0.17417 0.44781 0.16736 0.44714 0.15949 0.49483 0.16772 0.49484)
		4 V(34 30 6 12) M(0) UV(0.17534 0.43931 0.17417 0.44781 0.16736 0.44714 0.16808 0.43858)
		4 V(35 13 7 31) M(0) UV(0.17534 0.43931 0.16808 0.43858 0.16736 0.44714 0.17417 0.44781)
		4 V(34 12 13 35) M(0) UV(0.17534 0.43931 0.16808 0.43858 0.16808 0.43858 0.17534 0.43931)
		4 V(26 24 14 18) M(0) UV(0.16772 0.49484 0.16668 0.50244 0.07099 0.50244 0.07099 0.49478)
		4 V(25 27 19 16) M(0) UV(0.16668 0.50244 0.16772 0.49484 0.07099 0.49478 0.07099 0.50244)
		4 V(38 36 0 4) M(0) UV(0.16623 0.45401 0.07733 0.45108 0.07733 0.44284 0.16736 0.44714)
		4 V(39 5 1 37) M(0) UV(0.16623 0.45401 0.16736 0.44714 0.07733 0.44284 0.07733 0.45108)
		4 V(43 42 41 40) M(0) UV(0.16857 0.52139 0.16176 0.52071 0.16248 0.51216 0.16974 0.51288)
		4 V(44 45 46 47) M(0) UV(0.16974 0.51288 0.16248 0.51216 0.16176 0.52071 0.16857 0.52139)
		4 V(48 49 50 51) M(0) UV(0.16857 0.52139 0.16212 0.56841 0.15389 0.56841 0.16176 0.52071)
		4 V(55 54 53 52) M(0) UV(0.16176 0.52071 0.15389 0.56841 0.16212 0.56841 0.16857 0.52139)
		4 V(56 57 58 59) M(0) UV(0.16212 0.56841 0.16108 0.57602 0.06539 0.57602 0.06539 0.56835)
		4 V(63 62 61 60) M(0) UV(0.06539 0.56835 0.06539 0.57602 0.16108 0.57602 0.16212 0.56841)
		4 V(64 65 66 67) M(0) UV(0.07174 0.56836 0.06539 0.56835 0.06539 0.51754 0.07174 0.51642)
		4 V(71 70 69 68) M(0) UV(0.07174 0.51642 0.06539 0.51754 0.06539 0.56835 0.07174 0.56836)
		4 V(72 73 74 75) M(0) UV(0.07174 0.52465 0.07174 0.51642 0.16176 0.52071 0.16063 0.52759)
		4 V(79 78 77 76) M(0) UV(0.16063 0.52759 0.16176 0.52071 0.07174 0.51642 0.07174 0.52465)
		4 V(80 81 82 83) M(0) UV(0.06539 0.50970 0.07220 0.50785 0.07174 0.51642 0.06539 0.51754)
		4 V(87 86 85 84) M(0) UV(0.06539 0.51754 0.07174 0.51642 0.07220 0.50785 0.06539 0.50970)
		4 V(88 89 90 91) M(0) UV(0.06539 0.50970 0.07220 0.50785 0.07220 0.50785 0.06539 0.50970)
		4 V(92 93 94 95) M(0) UV(0.16974 0.51288 0.16974 0.51288 0.16248 0.51216 0.16248 0.51216)
	}
}
Object "$blade0" {
	depth 0
	folding 0
	scale 1.000000 1.000000 1.000000
	rotation 0.000000 -0.000000 0.000000
	translation 0.000000 0.000000 0.000000
	visible 15
	locking 1
	shading 1
	facet 59.5
	color 0.898 0.498 0.698
	color_type 0
	vertex 104 {
		0.0000 243.4744 253.0933
		20.4689 234.9960 253.0933
		28.9474 214.5272 253.0933
		20.4689 194.0587 253.0933
		0.0000 185.5800 253.0933
		-20.4689 194.0587 253.0933
		-28.9474 214.5272 253.0933
		-20.4689 234.9960 253.0933
		0.0000 233.5671 302.2985
		13.4632 227.9904 302.2985
		19.0398 214.5272 302.2985
		13.4632 201.0643 302.2985
		0.0000 195.4878 302.2985
		-13.4632 201.0643 302.2985
		-19.0398 214.5272 302.2985
		-13.4632 227.9904 302.2985
		0.0000 214.5272 315.8052
		0.0000 238.6266 286.5416
		17.0408 231.5682 286.5416
		24.0992 214.5272 286.5416
		17.0408 197.4867 286.5416
		0.0000 190.4284 286.5416
		-17.0408 197.4867 286.5416
		-24.0992 214.5272 286.5416
		-17.0408 231.5682 286.5416
		-4.0131 201.1286 270.1827
		-5.2398 260.2901 268.7001
		2.3917 260.2901 265.0822
		9.6353 297.5992 261.6481
		-6.2587 297.5992 269.1832
		-5.3127 332.7291 268.7346
		7.9371 332.7291 262.4534
		-2.5946 344.9653 267.4463
		3.5206 349.2489 264.5472
		-3.3841 199.6905 272.4078
		-1.7200 260.2901 274.6024
		5.9116 260.2901 270.9839
		13.1548 297.5992 267.5502
		-2.7389 297.5992 275.0852
		-1.7930 332.7291 274.6368
		11.4569 332.7291 268.3553
		0.9251 344.9653 273.3481
		7.0401 349.2489 270.4490
		-6.5746 260.2901 273.0212
		8.9293 260.2901 265.6714
		15.9763 297.5992 262.3300
		-7.9839 297.5992 273.6896
		-4.6954 341.6533 272.1301
		13.6273 341.6533 263.4438
		-0.9369 355.3773 270.3486
		7.5199 360.1810 266.3392
		-3.5868 228.1696 270.1827
		48.2620 199.6513 268.7001
		44.4461 193.0420 265.0822
		73.1347 168.1147 261.6481
		81.0819 181.8791 269.1832
		111.0321 163.4949 268.7346
		104.4072 152.0203 262.4534
		120.2701 155.0229 267.4463
		120.9220 147.5855 264.5472
		-4.3870 226.7837 272.8665
		46.5021 196.6029 274.6024
		42.6862 189.9939 270.9839
		71.3750 165.0664 267.5502
		79.3220 178.8311 275.0852
		109.2722 160.4468 274.6368
		102.6473 148.9723 268.3553
		118.5102 151.9747 273.3481
		119.1623 144.5373 270.4490
		-12.9604 233.7984 271.9488
		48.9292 200.8071 273.0212
		41.1774 187.3807 265.6714
		69.9643 162.6232 262.3300
		81.9444 183.3733 273.6896
		118.4524 158.4982 272.1301
		109.2910 142.6303 263.4438
		128.4583 148.3813 270.3486
		128.3901 138.6555 266.3392
		19.2180 214.9727 271.5244
		-31.0038 183.6367 268.7001
		-34.8197 190.2460 265.0822
		-70.7517 177.8647 261.6481
		-62.8048 164.1000 269.1832
		-93.7011 147.3545 268.7346
		-100.3259 158.8291 262.4534
		-105.6572 143.5902 267.4463
		-112.4242 146.7443 264.5472
		-32.7637 186.6852 274.6024
		-36.5796 193.2941 270.9839
		-72.5116 180.9128 267.5502
		-64.5647 167.1481 275.0852
		-95.4609 150.4026 274.6368
		-102.0859 161.8772 268.3553
		-107.4171 146.6384 273.3481
		-114.1841 149.7923 270.4490
		16.1665 213.6944 271.9488
		-30.3365 182.4808 273.0212
		-38.0884 195.9075 265.6714
		-73.9222 183.3562 262.3300
		-61.9422 162.6061 273.6896
		-101.7385 143.4270 272.1301
		-110.8999 159.2949 263.4438
		-115.5031 139.8197 270.3486
		-123.8918 144.7416 266.3392
	}
	face 102 {
		3 V(16 8 9) M(0) UV(0.15957 0.82635 0.17143 0.80963 0.17143 0.81453)
		3 V(16 9 10) M(0) UV(0.15957 0.82635 0.17143 0.81453 0.17143 0.82635)
		3 V(16 10 11) M(0) UV(0.15957 0.82635 0.17143 0.82635 0.17143 0.83818)
		3 V(16 11 12) M(0) UV(0.15957 0.82635 0.17143 0.83818 0.17143 0.84307)
		3 V(16 12 13) M(0) UV(0.15957 0.82635 0.17143 0.84307 0.17143 0.83818)
		3 V(16 13 14) M(0) UV(0.15957 0.82635 0.17143 0.83818 0.17143 0.82635)
		3 V(16 14 15) M(0) UV(0.15957 0.82635 0.17143 0.82635 0.17143 0.81453)
		3 V(16 15 8) M(0) UV(0.15957 0.82635 0.17143 0.81453 0.17143 0.80963)
		4 V(18 9 8 17) M(0) UV(0.18527 0.81139 0.17143 0.81453 0.17143 0.80963 0.18527 0.80519)
		4 V(18 17 0 1) M(0) UV(0.18527 0.81139 0.18527 0.80519 0.21464 0.80093 0.21464 0.80838)
		4 V(19 10 9 18) M(0) UV(0.18527 0.82635 0.17143 0.82635 0.17143 0.81453 0.18527 0.81139)
		4 V(19 18 1 2) M(0) UV(0.18527 0.82635 0.18527 0.81139 0.21464 0.80838 0.21464 0.82635)
		4 V(20 11 10 19) M(0) UV(0.18527 0.84132 0.17143 0.83818 0.17143 0.82635 0.18527 0.82635)
		4 V(20 19 2 3) M(0) UV(0.18527 0.84132 0.18527 0.82635 0.21464 0.82635 0.21464 0.84433)
		4 V(21 12 11 20) M(0) UV(0.18527 0.84751 0.17143 0.84307 0.17143 0.83818 0.18527 0.84132)
		4 V(21 20 3 4) M(0) UV(0.18527 0.84751 0.18527 0.84132 0.21464 0.84433 0.21464 0.85177)
		4 V(22 13 12 21) M(0) UV(0.18527 0.84132 0.17143 0.83818 0.17143 0.84307 0.18527 0.84751)
		4 V(22 21 4 5) M(0) UV(0.18527 0.84132 0.18527 0.84751 0.21464 0.85177 0.21464 0.84433)
		4 V(23 14 13 22) M(0) UV(0.18527 0.82635 0.17143 0.82635 0.17143 0.83818 0.18527 0.84132)
		4 V(23 22 5 6) M(0) UV(0.18527 0.82635 0.18527 0.84132 0.21464 0.84433 0.21464 0.82635)
		4 V(24 15 14 23) M(0) UV(0.18527 0.81139 0.17143 0.81453 0.17143 0.82635 0.18527 0.82635)
		4 V(24 23 6 7) M(0) UV(0.18527 0.81139 0.18527 0.82635 0.21464 0.82635 0.21464 0.80838)
		4 V(17 8 15 24) M(0) UV(0.18527 0.80519 0.17143 0.80963 0.17143 0.81453 0.18527 0.81139)
		4 V(17 24 7 0) M(0) UV(0.18527 0.80519 0.18527 0.81139 0.21464 0.80838 0.21464 0.80093)
		3 V(34 35 36) M(0) UV(0.02318 0.97101 0.01433 0.90224 0.03277 0.90224)
		4 V(35 38 37 36) M(0) UV(0.01433 0.90224 0.01187 0.85886 0.05028 0.85886 0.03277 0.90224)
		4 V(38 39 40 37) M(0) UV(0.01187 0.85886 0.01415 0.81802 0.04618 0.81802 0.05028 0.85886)
		4 V(39 41 42 40) M(0) UV(0.01415 0.81802 0.02072 0.80380 0.03550 0.79882 0.04618 0.81802)
		4 V(34 25 26 43) M(0) UV(0.02786 0.98372 0.03686 0.97101 0.04442 0.90224 0.02239 0.90224)
		4 V(44 27 25 34) M(0) UV(0.05986 0.90224 0.06286 0.90224 0.03686 0.97101 0.02786 0.98372)
		4 V(43 26 29 46) M(0) UV(0.02239 0.90224 0.04442 0.90224 0.04196 0.85886 0.01898 0.85886)
		4 V(43 46 38 35) M(0) UV(0.02239 0.90224 0.01898 0.85886 0.01187 0.85886 0.01433 0.90224)
		4 V(45 28 27 44) M(0) UV(0.07689 0.85886 0.08037 0.85886 0.06286 0.90224 0.05986 0.90224)
		4 V(45 44 36 37) M(0) UV(0.07689 0.85886 0.05986 0.90224 0.03277 0.90224 0.05028 0.85886)
		4 V(46 29 30 47) M(0) UV(0.01898 0.85886 0.04196 0.85886 0.04424 0.81802 0.02693 0.80765)
		4 V(46 47 39 38) M(0) UV(0.01898 0.85886 0.02693 0.80765 0.01415 0.81802 0.01187 0.85886)
		4 V(48 31 28 45) M(0) UV(0.07121 0.80765 0.07626 0.81802 0.08037 0.85886 0.07689 0.85886)
		4 V(48 45 37 40) M(0) UV(0.07121 0.80765 0.07689 0.85886 0.05028 0.85886 0.04618 0.81802)
		4 V(47 30 32 49) M(0) UV(0.02693 0.80765 0.04424 0.81802 0.05081 0.80380 0.03602 0.79169)
		4 V(47 49 41 39) M(0) UV(0.02693 0.80765 0.03602 0.79169 0.02072 0.80380 0.01415 0.81802)
		4 V(49 32 33 50) M(0) UV(0.03602 0.79169 0.05081 0.80380 0.06559 0.79882 0.05645 0.78611)
		4 V(49 50 42 41) M(0) UV(0.03602 0.79169 0.05645 0.78611 0.03550 0.79882 0.02072 0.80380)
		4 V(50 33 31 48) M(0) UV(0.05645 0.78611 0.06559 0.79882 0.07626 0.81802 0.07121 0.80765)
		4 V(50 48 40 42) M(0) UV(0.05645 0.78611 0.07121 0.80765 0.04618 0.81802 0.03550 0.79882)
		3 V(26 25 27) M(0) UV(0.04442 0.90224 0.03686 0.97101 0.06286 0.90224)
		4 V(27 28 29 26) M(0) UV(0.06286 0.90224 0.08037 0.85886 0.04196 0.85886 0.04442 0.90224)
		4 V(29 28 31 30) M(0) UV(0.04196 0.85886 0.08037 0.85886 0.07626 0.81802 0.04424 0.81802)
		4 V(31 33 32 30) M(0) UV(0.07626 0.81802 0.06559 0.79882 0.05081 0.80380 0.04424 0.81802)
		3 V(60 61 62) M(0) UV(0.02318 0.97101 0.01433 0.90224 0.03277 0.90224)
		4 V(61 64 63 62) M(0) UV(0.01433 0.90224 0.01187 0.85886 0.05028 0.85886 0.03277 0.90224)
		4 V(64 65 66 63) M(0) UV(0.01187 0.85886 0.01415 0.81802 0.04618 0.81802 0.05028 0.85886)
		4 V(65 67 68 66) M(0) UV(0.01415 0.81802 0.02072 0.80380 0.03550 0.79882 0.04618 0.81802)
		4 V(69 51 52 70) M(0) UV(0.02786 0.98372 0.03686 0.97101 0.04442 0.90224 0.02239 0.90224)
		4 V(69 70 61 60) M(0) UV(0.02786 0.98372 0.02239 0.90224 0.01433 0.90224 0.02318 0.97101)
		4 V(71 53 51 69) M(0) UV(0.05986 0.90224 0.06286 0.90224 0.03686 0.97101 0.02786 0.98372)
		4 V(71 69 60 62) M(0) UV(0.05986 0.90224 0.02786 0.98372 0.02318 0.97101 0.03277 0.90224)
		4 V(70 52 55 73) M(0) UV(0.02239 0.90224 0.04442 0.90224 0.04196 0.85886 0.01898 0.85886)
		4 V(70 73 64 61) M(0) UV(0.02239 0.90224 0.01898 0.85886 0.01187 0.85886 0.01433 0.90224)
		4 V(72 54 53 71) M(0) UV(0.07689 0.85886 0.08037 0.85886 0.06286 0.90224 0.05986 0.90224)
		4 V(72 71 62 63) M(0) UV(0.07689 0.85886 0.05986 0.90224 0.03277 0.90224 0.05028 0.85886)
		4 V(73 55 56 74) M(0) UV(0.01898 0.85886 0.04196 0.85886 0.04424 0.81802 0.02693 0.80765)
		4 V(73 74 65 64) M(0) UV(0.01898 0.85886 0.02693 0.80765 0.01415 0.81802 0.01187 0.85886)
		4 V(75 57 54 72) M(0) UV(0.07121 0.80765 0.07626 0.81802 0.08037 0.85886 0.07689 0.85886)
		4 V(75 72 63 66) M(0) UV(0.07121 0.80765 0.07689 0.85886 0.05028 0.85886 0.04618 0.81802)
		4 V(74 56 58 76) M(0) UV(0.02693 0.80765 0.04424 0.81802 0.05081 0.80380 0.03602 0.79169)
		4 V(74 76 67 65) M(0) UV(0.02693 0.80765 0.03602 0.79169 0.02072 0.80380 0.01415 0.81802)
		4 V(76 58 59 77) M(0) UV(0.03602 0.79169 0.05081 0.80380 0.06559 0.79882 0.05645 0.78611)
		4 V(76 77 68 67) M(0) UV(0.03602 0.79169 0.05645 0.78611 0.03550 0.79882 0.02072 0.80380)
		4 V(77 59 57 75) M(0) UV(0.05645 0.78611 0.06559 0.79882 0.07626 0.81802 0.07121 0.80765)
		4 V(77 75 66 68) M(0) UV(0.05645 0.78611 0.07121 0.80765 0.04618 0.81802 0.03550 0.79882)
		3 V(52 51 53) M(0) UV(0.04442 0.90224 0.03686 0.97101 0.06286 0.90224)
		4 V(53 54 55 52) M(0) UV(0.06286 0.90224 0.08037 0.85886 0.04196 0.85886 0.04442 0.90224)
		4 V(55 54 57 56) M(0) UV(0.04196 0.85886 0.08037 0.85886 0.07626 0.81802 0.04424 0.81802)
		4 V(57 59 58 56) M(0) UV(0.07626 0.81802 0.06559 0.79882 0.05081 0.80380 0.04424 0.81802)
		3 V(78 87 88) M(0) UV(0.02318 0.97101 0.01433 0.90224 0.03277 0.90224)
		4 V(87 90 89 88) M(0) UV(0.01433 0.90224 0.01187 0.85886 0.05028 0.85886 0.03277 0.90224)
		4 V(90 91 92 89) M(0) UV(0.01187 0.85886 0.01415 0.81802 0.04618 0.81802 0.05028 0.85886)
		4 V(91 93 94 92) M(0) UV(0.01415 0.81802 0.02072 0.80380 0.03550 0.79882 0.04618 0.81802)
		4 V(95 78 79 96) M(0) UV(0.02786 0.98372 0.03686 0.97101 0.04442 0.90224 0.02239 0.90224)
		4 V(95 96 87 78) M(0) UV(0.02786 0.98372 0.02239 0.90224 0.01433 0.90224 0.02318 0.97101)
		4 V(97 80 78 95) M(0) UV(0.05986 0.90224 0.06286 0.90224 0.03686 0.97101 0.02786 0.98372)
		4 V(97 95 78 88) M(0) UV(0.05986 0.90224 0.02786 0.98372 0.02318 0.97101 0.03277 0.90224)
		4 V(96 79 82 99) M(0) UV(0.02239 0.90224 0.04442 0.90224 0.04196 0.85886 0.01898 0.85886)
		4 V(96 99 90 87) M(0) UV(0.02239 0.90224 0.01898 0.85886 0.01187 0.85886 0.01433 0.90224)
		4 V(98 81 80 97) M(0) UV(0.07689 0.85886 0.08037 0.85886 0.06286 0.90224 0.05986 0.90224)
		4 V(98 97 88 89) M(0) UV(0.07689 0.85886 0.05986 0.90224 0.03277 0.90224 0.05028 0.85886)
		4 V(99 82 83 100) M(0) UV(0.01898 0.85886 0.04196 0.85886 0.04424 0.81802 0.02693 0.80765)
		4 V(99 100 91 90) M(0) UV(0.01898 0.85886 0.02693 0.80765 0.01415 0.81802 0.01187 0.85886)
		4 V(101 84 81 98) M(0) UV(0.07121 0.80765 0.07626 0.81802 0.08037 0.85886 0.07689 0.85886)
		4 V(101 98 89 92) M(0) UV(0.07121 0.80765 0.07689 0.85886 0.05028 0.85886 0.04618 0.81802)
		4 V(100 83 85 102) M(0) UV(0.02693 0.80765 0.04424 0.81802 0.05081 0.80380 0.03602 0.79169)
		4 V(100 102 93 91) M(0) UV(0.02693 0.80765 0.03602 0.79169 0.02072 0.80380 0.01415 0.81802)
		4 V(102 85 86 103) M(0) UV(0.03602 0.79169 0.05081 0.80380 0.06559 0.79882 0.05645 0.78611)
		4 V(102 103 94 93) M(0) UV(0.03602 0.79169 0.05645 0.78611 0.03550 0.79882 0.02072 0.80380)
		4 V(103 86 84 101) M(0) UV(0.05645 0.78611 0.06559 0.79882 0.07626 0.81802 0.07121 0.80765)
		4 V(103 101 92 94) M(0) UV(0.05645 0.78611 0.07121 0.80765 0.04618 0.81802 0.03550 0.79882)
		3 V(79 78 80) M(0) UV(0.04442 0.90224 0.03686 0.97101 0.06286 0.90224)
		4 V(80 81 82 79) M(0) UV(0.06286 0.90224 0.08037 0.85886 0.04196 0.85886 0.04442 0.90224)
		4 V(82 81 84 83) M(0) UV(0.04196 0.85886 0.08037 0.85886 0.07626 0.81802 0.04424 0.81802)
		4 V(84 86 85 83) M(0) UV(0.07626 0.81802 0.06559 0.79882 0.05081 0.80380 0.04424 0.81802)
		3 V(34 43 35) M(0) UV(0.02552 0.97737 0.02239 0.90224 0.01433 0.90224)
		3 V(34 36 44) M(0) UV(0.02552 0.97737 0.03277 0.90224 0.05986 0.90224)
	}
}
Object "$lg0" {
	depth 0
	folding 0
	scale 1.000000 1.000000 1.000000
	rotation 0.000000 -0.000000 0.000000
	translation 0.000000 0.000000 0.000000
	visible 15
	locking 1
	shading 1
	facet 59.5
	color 0.898 0.498 0.698
	color_type 0
	vertex 56 {
		153.6474 160.7426 13.7818
		153.6474 -15.3859 13.7818
		162.8449 160.7426 13.7818
		162.8449 9.5813 13.7818
		162.8449 160.7426 -6.5913
		162.8449 9.5813 -6.5913
		153.6474 160.7426 -6.5913
		153.6474 -15.3859 -6.5913
		153.4110 0.9795 3.2892
		153.4110 0.9795 41.1538
		161.8463 -24.4314 30.0633
		165.3402 -34.9569 3.2892
		161.8463 -24.4314 -23.4850
		153.4110 0.9795 -34.5751
		144.9758 26.3900 -23.4850
		141.4820 36.9155 3.2892
		144.9758 26.3900 30.0633
		130.4433 -6.6447 41.1538
		138.8783 -32.0557 30.0633
		142.3724 -42.5813 3.2892
		138.8783 -32.0557 -23.4850
		130.4433 -6.6447 -34.5751
		122.0080 18.7656 -23.4850
		118.5139 29.2912 3.2892
		122.0080 18.7656 30.0633
		130.4433 -6.6447 3.2892
		161.0180 -1.2313 -2.1367
		161.0180 -1.2313 41.0756
		161.0180 -1.2313 -38.3196
		161.0180 22.4202 -25.9766
		161.0180 34.4031 -14.1388
		161.0180 27.0761 30.8006
		161.0180 54.1818 19.7537
		161.0180 54.1818 -9.0349
		161.0180 128.8623 19.7537
		161.0180 128.8623 -7.5924
		171.6905 -1.2313 -2.1367
		171.6905 -1.2313 41.0756
		171.6905 -1.2313 -38.3196
		171.6905 22.4202 -25.9766
		171.6905 34.4031 -14.1388
		171.6905 27.0761 30.8006
		171.6902 54.1818 19.7537
		171.6902 54.1818 -9.0349
		171.6902 128.8623 19.7537
		171.6902 128.8623 -7.5924
		161.0180 -1.2313 -2.1367
		161.0180 -1.2313 41.0756
		161.0180 -1.2313 -38.3196
		161.0180 22.4202 -25.9766
		161.0180 34.4031 -14.1388
		161.0180 27.0761 30.8006
		161.0180 54.1818 19.7537
		161.0180 54.1818 -9.0349
		161.0180 128.8623 19.7537
		161.0180 128.8623 -7.5924
	}
	face 51 {
		4 V(0 2 3 1) M(0) UV(0.11750 0.81837 0.11750 0.81837 0.11750 0.95841 0.11750 0.97738)
		4 V(4 6 7 5) M(0) UV(0.13298 0.81837 0.13298 0.81837 0.13298 0.97738 0.13298 0.95841)
		4 V(6 0 1 7) M(0) UV(0.13298 0.81837 0.11750 0.81837 0.11750 0.97738 0.13298 0.97738)
		4 V(6 4 2 0) M(0) UV(0.13298 0.81837 0.13298 0.81837 0.11750 0.81837 0.11750 0.81837)
		4 V(1 3 5 7) M(0) UV(0.11750 0.97738 0.11750 0.95841 0.13298 0.95841 0.13298 0.97738)
		4 V(9 10 18 17) M(0) UV(0.14321 0.91968 0.15147 0.93962 0.15147 0.93962 0.14321 0.91968)
		4 V(10 11 19 18) M(0) UV(0.15147 0.93962 0.17141 0.94788 0.17141 0.94788 0.15147 0.93962)
		4 V(11 12 20 19) M(0) UV(0.17141 0.94788 0.19135 0.93962 0.19135 0.93962 0.17141 0.94788)
		4 V(12 13 21 20) M(0) UV(0.19135 0.93962 0.19961 0.91968 0.19961 0.91968 0.19135 0.93962)
		4 V(13 14 22 21) M(0) UV(0.19961 0.91968 0.19135 0.89974 0.19135 0.89974 0.19961 0.91968)
		4 V(14 15 23 22) M(0) UV(0.19135 0.89974 0.17141 0.89148 0.17141 0.89148 0.19135 0.89974)
		4 V(15 16 24 23) M(0) UV(0.17141 0.89148 0.15147 0.89974 0.15147 0.89974 0.17141 0.89148)
		4 V(16 9 17 24) M(0) UV(0.15147 0.89974 0.14321 0.91968 0.14321 0.91968 0.15147 0.89974)
		3 V(8 10 9) M(0) UV(0.17141 0.91968 0.15147 0.93962 0.14321 0.91968)
		3 V(8 11 10) M(0) UV(0.17141 0.91968 0.17141 0.94788 0.15147 0.93962)
		3 V(8 12 11) M(0) UV(0.17141 0.91968 0.19135 0.93962 0.17141 0.94788)
		3 V(8 13 12) M(0) UV(0.17141 0.91968 0.19961 0.91968 0.19135 0.93962)
		3 V(8 14 13) M(0) UV(0.17141 0.91968 0.19135 0.89974 0.19961 0.91968)
		3 V(8 15 14) M(0) UV(0.17141 0.91968 0.17141 0.89148 0.19135 0.89974)
		3 V(8 16 15) M(0) UV(0.17141 0.91968 0.15147 0.89974 0.17141 0.89148)
		3 V(8 9 16) M(0) UV(0.17141 0.91968 0.14321 0.91968 0.15147 0.89974)
		3 V(25 17 18) M(0) UV(0.17141 0.91968 0.14321 0.91968 0.15147 0.93962)
		3 V(25 18 19) M(0) UV(0.17141 0.91968 0.15147 0.93962 0.17141 0.94788)
		3 V(25 19 20) M(0) UV(0.17141 0.91968 0.17141 0.94788 0.19135 0.93962)
		3 V(25 20 21) M(0) UV(0.17141 0.91968 0.19135 0.93962 0.19961 0.91968)
		3 V(25 21 22) M(0) UV(0.17141 0.91968 0.19961 0.91968 0.19135 0.89974)
		3 V(25 22 23) M(0) UV(0.17141 0.91968 0.19135 0.89974 0.17141 0.89148)
		3 V(25 23 24) M(0) UV(0.17141 0.91968 0.17141 0.89148 0.15147 0.89974)
		3 V(25 24 17) M(0) UV(0.17141 0.91968 0.15147 0.89974 0.14321 0.91968)
		4 V(38 39 29 28) M(0) UV(0.15708 0.96663 0.14770 0.94866 0.14770 0.94866 0.15708 0.96663)
		4 V(36 38 28 26) M(0) UV(0.12959 0.96663 0.15708 0.96663 0.15708 0.96663 0.12959 0.96663)
		3 V(36 39 38) M(0) UV(0.12959 0.96663 0.14770 0.94866 0.15708 0.96663)
		4 V(39 40 30 29) M(0) UV(0.14770 0.94866 0.13871 0.93955 0.13871 0.93955 0.14770 0.94866)
		3 V(36 40 39) M(0) UV(0.12959 0.96663 0.13871 0.93955 0.14770 0.94866)
		3 V(36 41 40) M(0) UV(0.12959 0.96663 0.10457 0.94512 0.13871 0.93955)
		4 V(37 36 26 27) M(0) UV(0.09676 0.96663 0.12959 0.96663 0.12959 0.96663 0.09676 0.96663)
		4 V(41 37 27 31) M(0) UV(0.10457 0.94512 0.09676 0.96663 0.09676 0.96663 0.10457 0.94512)
		3 V(36 37 41) M(0) UV(0.12959 0.96663 0.09676 0.96663 0.10457 0.94512)
		4 V(42 41 31 32) M(0) UV(0.11296 0.92453 0.10457 0.94512 0.10457 0.94512 0.11296 0.92453)
		4 V(40 43 33 30) M(0) UV(0.13871 0.93955 0.13483 0.92453 0.13483 0.92453 0.13871 0.93955)
		4 V(41 42 43 40) M(0) UV(0.10457 0.94512 0.11296 0.92453 0.13483 0.92453 0.13871 0.93955)
		4 V(44 42 32 34) M(0) UV(0.11296 0.84259 0.11296 0.92453 0.11296 0.92453 0.11296 0.84259)
		4 V(45 44 34 35) M(0) UV(0.13374 0.84259 0.11296 0.84259 0.11296 0.84259 0.13374 0.84259)
		4 V(43 45 35 33) M(0) UV(0.13483 0.92453 0.13374 0.84259 0.13374 0.84259 0.13483 0.92453)
		4 V(42 44 45 43) M(0) UV(0.11296 0.92453 0.11296 0.84259 0.13374 0.84259 0.13483 0.92453)
		3 V(46 48 49) M(0) UV(0.56250 0.00000 0.50000 0.00000 0.62500 0.00000)
		3 V(46 49 50) M(0) UV(0.68750 0.00000 0.62500 0.00000 0.75000 0.00000)
		3 V(46 50 51) M(0) UV(0.81250 0.00000 0.75000 0.00000 0.87500 0.00000)
		3 V(46 51 47) M(0) UV(0.93750 0.00000 0.87500 0.00000 1.00000 0.00000)
		4 V(51 50 53 52) M(0) UV(0.87500 0.00000 0.75000 0.00000 0.00000 0.00000 0.00000 0.00000)
		4 V(52 53 55 54) M(0)
	}
}
Object "$lg1" {
	depth 0
	folding 0
	scale 1.000000 1.000000 1.000000
	rotation 0.000000 -0.000000 0.000000
	translation 0.000000 0.000000 0.000000
	visible 15
	locking 1
	shading 1
	facet 59.5
	color 0.898 0.498 0.698
	color_type 0
	vertex 56 {
		-153.6474 160.7426 13.7818
		-153.6474 -15.3859 13.7818
		-162.8449 160.7426 13.7818
		-162.8449 9.5813 13.7818
		-162.8449 160.7426 -6.5913
		-162.8449 9.5813 -6.5913
		-153.6474 160.7426 -6.5913
		-153.6474 -15.3859 -6.5913
		-153.4110 0.9795 3.2892
		-153.4110 0.9795 41.1538
		-161.8463 -24.4314 30.0633
		-165.3402 -34.9569 3.2892
		-161.8463 -24.4314 -23.4850
		-153.4110 0.9795 -34.5751
		-144.9758 26.3900 -23.4850
		-141.4820 36.9155 3.2892
		-144.9758 26.3900 30.0633
		-130.4433 -6.6447 41.1538
		-138.8783 -32.0557 30.0633
		-142.3724 -42.5813 3.2892
		-138.8783 -32.0557 -23.4850
		-130.4433 -6.6447 -34.5751
		-122.0080 18.7656 -23.4850
		-118.5139 29.2912 3.2892
		-122.0080 18.7656 30.0633
		-130.4433 -6.6447 3.2892
		-161.0180 -1.2313 -2.1367
		-161.0180 -1.2313 41.0756
		-161.0180 -1.2313 -38.3196
		-161.0180 22.4202 -25.9766
		-161.0180 34.4031 -14.1388
		-161.0180 27.0761 30.8006
		-161.0180 54.1818 19.7537
		-161.0180 54.1818 -9.0349
		-161.0180 128.8623 19.7537
		-161.0180 128.8623 -7.5924
		-171.6905 -1.2313 -2.1367
		-171.6905 -1.2313 41.0756
		-171.6905 -1.2313 -38.3196
		-171.6905 22.4202 -25.9766
		-171.6905 34.4031 -14.1388
		-171.6905 27.0761 30.8006
		-171.6902 54.1818 19.7537
		-171.6902 54.1818 -9.0349
		-171.6902 128.8623 19.7537
		-171.6902 128.8623 -7.5924
		-161.0180 -1.2313 -2.1367
		-161.0180 -1.2313 41.0756
		-161.0180 -1.2313 -38.3196
		-161.0180 22.4202 -25.9766
		-161.0180 34.4031 -14.1388
		-161.0180 27.0761 30.8006
		-161.0180 54.1818 19.7537
		-161.0180 54.1818 -9.0349
		-161.0180 128.8623 19.7537
		-161.0180 128.8623 -7.5924
	}
	face 51 {
		4 V(0 1 3 2) M(0) UV(0.11750 0.81837 0.11750 0.97738 0.11750 0.95841 0.11750 0.81837)
		4 V(4 5 7 6) M(0) UV(0.13298 0.81837 0.13298 0.95841 0.13298 0.97738 0.13298 0.81837)
		4 V(6 7 1 0) M(0) UV(0.13298 0.81837 0.13298 0.97738 0.11750 0.97738 0.11750 0.81837)
		4 V(6 0 2 4) M(0) UV(0.13298 0.81837 0.11750 0.81837 0.11750 0.81837 0.13298 0.81837)
		4 V(1 7 5 3) M(0) UV(0.11750 0.97738 0.13298 0.97738 0.13298 0.95841 0.11750 0.95841)
		4 V(9 17 18 10) M(0) UV(0.14321 0.91968 0.14321 0.91968 0.15147 0.93962 0.15147 0.93962)
		4 V(10 18 19 11) M(0) UV(0.15147 0.93962 0.15147 0.93962 0.17141 0.94788 0.17141 0.94788)
		4 V(11 19 20 12) M(0) UV(0.17141 0.94788 0.17141 0.94788 0.19135 0.93962 0.19135 0.93962)
		4 V(12 20 21 13) M(0) UV(0.19135 0.93962 0.19135 0.93962 0.19961 0.91968 0.19961 0.91968)
		4 V(13 21 22 14) M(0) UV(0.19961 0.91968 0.19961 0.91968 0.19135 0.89974 0.19135 0.89974)
		4 V(14 22 23 15) M(0) UV(0.19135 0.89974 0.19135 0.89974 0.17141 0.89148 0.17141 0.89148)
		4 V(15 23 24 16) M(0) UV(0.17141 0.89148 0.17141 0.89148 0.15147 0.89974 0.15147 0.89974)
		4 V(16 24 17 9) M(0) UV(0.15147 0.89974 0.15147 0.89974 0.14321 0.91968 0.14321 0.91968)
		3 V(8 9 10) M(0) UV(0.17141 0.91968 0.14321 0.91968 0.15147 0.93962)
		3 V(8 10 11) M(0) UV(0.17141 0.91968 0.15147 0.93962 0.17141 0.94788)
		3 V(8 11 12) M(0) UV(0.17141 0.91968 0.17141 0.94788 0.19135 0.93962)
		3 V(8 12 13) M(0) UV(0.17141 0.91968 0.19135 0.93962 0.19961 0.91968)
		3 V(8 13 14) M(0) UV(0.17141 0.91968 0.19961 0.91968 0.19135 0.89974)
		3 V(8 14 15) M(0) UV(0.17141 0.91968 0.19135 0.89974 0.17141 0.89148)
		3 V(8 15 16) M(0) UV(0.17141 0.91968 0.17141 0.89148 0.15147 0.89974)
		3 V(8 16 9) M(0) UV(0.17141 0.91968 0.15147 0.89974 0.14321 0.91968)
		3 V(25 18 17) M(0) UV(0.17141 0.91968 0.15147 0.93962 0.14321 0.91968)
		3 V(25 19 18) M(0) UV(0.17141 0.91968 0.17141 0.94788 0.15147 0.93962)
		3 V(25 20 19) M(0) UV(0.17141 0.91968 0.19135 0.93962 0.17141 0.94788)
		3 V(25 21 20) M(0) UV(0.17141 0.91968 0.19961 0.91968 0.19135 0.93962)
		3 V(25 22 21) M(0) UV(0.17141 0.91968 0.19135 0.89974 0.19961 0.91968)
		3 V(25 23 22) M(0) UV(0.17141 0.91968 0.17141 0.89148 0.19135 0.89974)
		3 V(25 24 23) M(0) UV(0.17141 0.91968 0.15147 0.89974 0.17141 0.89148)
		3 V(25 17 24) M(0) UV(0.17141 0.91968 0.14321 0.91968 0.15147 0.89974)
		4 V(38 28 29 39) M(0) UV(0.15708 0.96663 0.15708 0.96663 0.14770 0.94866 0.14770 0.94866)
		4 V(36 26 28 38) M(0) UV(0.12959 0.96663 0.12959 0.96663 0.15708 0.96663 0.15708 0.96663)
		3 V(36 38 39) M(0) UV(0.12959 0.96663 0.15708 0.96663 0.14770 0.94866)
		4 V(39 29 30 40) M(0) UV(0.14770 0.94866 0.14770 0.94866 0.13871 0.93955 0.13871 0.93955)
		3 V(36 39 40) M(0) UV(0.12959 0.96663 0.14770 0.94866 0.13871 0.93955)
		3 V(36 40 41) M(0) UV(0.12959 0.96663 0.13871 0.93955 0.10457 0.94512)
		4 V(37 27 26 36) M(0) UV(0.09676 0.96663 0.09676 0.96663 0.12959 0.96663 0.12959 0.96663)
		4 V(41 31 27 37) M(0) UV(0.10457 0.94512 0.10457 0.94512 0.09676 0.96663 0.09676 0.96663)
		3 V(36 41 37) M(0) UV(0.12959 0.96663 0.10457 0.94512 0.09676 0.96663)
		4 V(42 32 31 41) M(0) UV(0.11296 0.92453 0.11296 0.92453 0.10457 0.94512 0.10457 0.94512)
		4 V(40 30 33 43) M(0) UV(0.13871 0.93955 0.13871 0.93955 0.13483 0.92453 0.13483 0.92453)
		4 V(41 40 43 42) M(0) UV(0.10457 0.94512 0.13871 0.93955 0.13483 0.92453 0.11296 0.92453)
		4 V(44 34 32 42) M(0) UV(0.11296 0.84259 0.11296 0.84259 0.11296 0.92453 0.11296 0.92453)
		4 V(45 35 34 44) M(0) UV(0.13374 0.84259 0.13374 0.84259 0.11296 0.84259 0.11296 0.84259)
		4 V(43 33 35 45) M(0) UV(0.13483 0.92453 0.13483 0.92453 0.13374 0.84259 0.13374 0.84259)
		4 V(42 43 45 44) M(0) UV(0.11296 0.92453 0.13483 0.92453 0.13374 0.84259 0.11296 0.84259)
		3 V(46 49 48) M(0) UV(0.56250 0.00000 0.62500 0.00000 0.50000 0.00000)
		3 V(46 50 49) M(0) UV(0.68750 0.00000 0.75000 0.00000 0.62500 0.00000)
		3 V(46 51 50) M(0) UV(0.81250 0.00000 0.87500 0.00000 0.75000 0.00000)
		3 V(46 47 51) M(0) UV(0.93750 0.00000 1.00000 0.00000 0.87500 0.00000)
		4 V(51 52 53 50) M(0) UV(0.87500 0.00000 0.00000 0.00000 0.00000 0.00000 0.75000 0.00000)
		4 V(52 54 55 53) M(0)
	}
}
Eof
