Metasequoia Document
Format Text Ver 1.1

Scene {
	pos -0.0000 -0.0000 2811.9863
	lookat -6.5724 63.2621 -6.2744
	head -0.5336
	pich 0.3236
	bank 0.0000
	ortho 0
	zoom2 2.6672
	amb 0.250 0.250 0.250
	dirlights 1 {
		light {
			dir 0.408 0.408 0.816
			color 1.000 1.000 1.000
		}
	}
}
Material 1 {
	"mat1" shader(3) col(1.000 1.000 1.000 1.000) dif(0.800) amb(0.600) emi(0.000) spc(0.000) power(5.00) tex("..\..\textures\vehicles\at-barricade.png")
}
Object "$body" {
	depth 0
	folding 0
	scale 1.000000 1.000000 1.000000
	rotation 0.000000 0.000000 0.000000
	translation 0.000000 0.000000 0.000000
	visible 15
	locking 0
	shading 1
	facet 59.5
	color 0.898 0.498 0.698
	color_type 0
	vertex 42 {
		111.2835 144.6027 -85.8752
		111.2835 151.2683 -79.2096
		124.9850 134.9142 -76.1867
		124.9850 141.5798 -69.5211
		-109.3125 -30.7590 89.4866
		-109.3125 -24.0935 96.1522
		-123.0141 -21.0706 79.7982
		-123.0141 -14.4050 86.4638
		118.1343 139.7585 -81.0309
		-116.1633 -25.9149 84.6424
		124.9850 126.5162 -84.5848
		-109.3125 -39.1572 81.0885
		118.1343 131.3604 -89.4290
		-116.1633 -34.3130 76.2443
		-4.9165 -47.2315 -130.0710
		1.7491 -51.9447 -125.3578
		-18.6179 -56.9198 -120.3827
		-11.9523 -61.6330 -115.6693
		-18.6179 177.3777 113.9149
		-11.9523 172.6644 118.6281
		-4.9165 187.0660 104.2266
		1.7491 182.3528 108.9398
		-11.7672 -52.0756 -125.2268
		-11.7672 182.2219 109.0708
		-27.0160 -50.9814 -126.3210
		-27.0160 183.3161 107.9765
		-20.1653 -46.1373 -131.1653
		-20.1653 188.1602 103.1324
		104.5598 -43.2304 86.5241
		111.2254 -38.5171 81.8107
		104.5598 -29.5290 100.2255
		111.2254 -24.8156 95.5123
		-129.7377 136.1444 -65.4480
		-123.0721 140.8577 -70.1613
		-129.7377 122.4429 -79.1494
		-123.0721 127.1563 -83.8627
		104.5598 -36.3796 93.3748
		-129.7377 129.2937 -72.2987
		96.1617 -35.4672 106.1639
		-138.1358 130.2061 -59.5097
		96.1617 -42.3181 99.3131
		-138.1358 123.3554 -66.3604
	}
	face 60 {
		3 V(2 3 1) M(0) UV(0.97519 0.21563 0.97519 0.19177 0.92616 0.15710)
		3 V(2 1 0) M(0) UV(0.97519 0.21563 0.92616 0.15710 0.92616 0.18096)
		3 V(6 7 5) M(0) UV(0.08774 0.77381 0.08774 0.74996 0.13677 0.78463)
		3 V(6 5 4) M(0) UV(0.08774 0.77381 0.13677 0.78463 0.13677 0.80848)
		3 V(0 1 7) M(0) UV(0.92616 0.18096 0.92616 0.15710 0.08774 0.74996)
		3 V(0 7 6) M(0) UV(0.92616 0.18096 0.08774 0.74996 0.08774 0.77381)
		3 V(3 5 7) M(0) UV(0.97519 0.19177 0.13677 0.78463 0.08774 0.74996)
		3 V(3 7 1) M(0) UV(0.97519 0.19177 0.08774 0.74996 0.92616 0.15710)
		3 V(8 0 6) M(0) UV(0.95068 0.19829 0.92616 0.18096 0.08774 0.77381)
		3 V(8 6 9) M(0) UV(0.95068 0.19829 0.08774 0.77381 0.11225 0.79115)
		3 V(13 9 4) M(0) UV(0.11225 0.82120 0.11225 0.79115 0.13677 0.80848)
		3 V(13 4 11) M(0) UV(0.11225 0.82120 0.13677 0.80848 0.13677 0.83853)
		3 V(10 2 8) M(0) UV(0.97519 0.24568 0.97519 0.21563 0.95068 0.19829)
		3 V(10 8 12) M(0) UV(0.97519 0.24568 0.95068 0.19829 0.95068 0.22834)
		3 V(12 8 9) M(0) UV(0.95068 0.22834 0.95068 0.19829 0.11225 0.79115)
		3 V(12 9 13) M(0) UV(0.95068 0.22834 0.11225 0.79115 0.11225 0.82120)
		3 V(11 10 12) M(0) UV(0.13677 0.83853 0.97519 0.24568 0.95068 0.22834)
		3 V(11 12 13) M(0) UV(0.13677 0.83853 0.95068 0.22834 0.11225 0.82120)
		3 V(11 5 3) M(0) UV(0.13677 0.83853 0.13677 0.78463 0.97519 0.19177)
		3 V(11 3 10) M(0) UV(0.13677 0.83853 0.97519 0.19177 0.97519 0.24568)
		3 V(16 17 15) M(0) UV(0.46132 0.90210 0.48517 0.91896 0.53420 0.88429)
		3 V(16 15 14) M(0) UV(0.46132 0.90210 0.53420 0.88429 0.51034 0.86743)
		3 V(20 21 19) M(0) UV(0.51034 0.02900 0.53420 0.04587 0.48517 0.08054)
		3 V(20 19 18) M(0) UV(0.51034 0.02900 0.48517 0.08054 0.46132 0.06367)
		3 V(14 15 21) M(0) UV(0.51034 0.86743 0.53420 0.88429 0.53420 0.04587)
		3 V(14 21 20) M(0) UV(0.51034 0.86743 0.53420 0.04587 0.51034 0.02900)
		3 V(17 19 21) M(0) UV(0.48517 0.91896 0.48517 0.08054 0.53420 0.04587)
		3 V(17 21 15) M(0) UV(0.48517 0.91896 0.53420 0.04587 0.53420 0.88429)
		3 V(22 14 20) M(0) UV(0.48583 0.88476 0.51034 0.86743 0.51034 0.02900)
		3 V(22 20 23) M(0) UV(0.48583 0.88476 0.51034 0.02900 0.48583 0.04634)
		3 V(27 23 18) M(0) UV(0.45578 0.02509 0.48583 0.04634 0.46132 0.06367)
		3 V(27 18 25) M(0) UV(0.45578 0.02509 0.46132 0.06367 0.43126 0.04242)
		3 V(24 16 22) M(0) UV(0.43126 0.88085 0.46132 0.90210 0.48583 0.88476)
		3 V(24 22 26) M(0) UV(0.43126 0.88085 0.48583 0.88476 0.45578 0.86351)
		3 V(26 22 23) M(0) UV(0.45578 0.86351 0.48583 0.88476 0.48583 0.04634)
		3 V(26 23 27) M(0) UV(0.45578 0.86351 0.48583 0.04634 0.45578 0.02509)
		3 V(25 24 26) M(0) UV(0.43126 0.04242 0.43126 0.88085 0.45578 0.86351)
		3 V(25 26 27) M(0) UV(0.43126 0.04242 0.45578 0.86351 0.45578 0.02509)
		3 V(19 17 24) M(0) UV(0.48517 0.08054 0.48517 0.91896 0.43126 0.88085)
		3 V(19 24 25) M(0) UV(0.48517 0.08054 0.43126 0.88085 0.43126 0.04242)
		3 V(30 31 29) M(0) UV(0.90210 0.80408 0.92595 0.78721 0.92595 0.83624)
		3 V(30 29 28) M(0) UV(0.90210 0.80408 0.92595 0.83624 0.90210 0.85311)
		3 V(34 35 33) M(0) UV(0.06368 0.26025 0.08753 0.24339 0.08753 0.19436)
		3 V(34 33 32) M(0) UV(0.06368 0.26025 0.08753 0.19436 0.06368 0.21123)
		3 V(28 29 35) M(0) UV(0.90210 0.85311 0.92595 0.83624 0.08753 0.24339)
		3 V(28 35 34) M(0) UV(0.90210 0.85311 0.08753 0.24339 0.06368 0.26025)
		3 V(31 33 35) M(0) UV(0.92595 0.78721 0.08753 0.19436 0.08753 0.24339)
		3 V(31 35 29) M(0) UV(0.92595 0.78721 0.08753 0.24339 0.92595 0.83624)
		3 V(36 28 34) M(0) UV(0.90210 0.82859 0.90210 0.85311 0.06368 0.26025)
		3 V(36 34 37) M(0) UV(0.90210 0.82859 0.06368 0.26025 0.06368 0.23574)
		3 V(41 37 32) M(0) UV(0.03363 0.25699 0.06368 0.23574 0.06368 0.21123)
		3 V(41 32 39) M(0) UV(0.03363 0.25699 0.06368 0.21123 0.03363 0.23247)
		3 V(38 30 36) M(0) UV(0.87205 0.82533 0.90210 0.80408 0.90210 0.82859)
		3 V(38 36 40) M(0) UV(0.87205 0.82533 0.90210 0.82859 0.87205 0.84984)
		3 V(40 36 37) M(0) UV(0.87205 0.84984 0.90210 0.82859 0.06368 0.23574)
		3 V(40 37 41) M(0) UV(0.87205 0.84984 0.06368 0.23574 0.03363 0.25699)
		3 V(39 38 40) M(0) UV(0.03363 0.23247 0.87205 0.82533 0.87205 0.84984)
		3 V(39 40 41) M(0) UV(0.03363 0.23247 0.87205 0.84984 0.03363 0.25699)
		3 V(33 31 38) M(0) UV(0.08753 0.19436 0.92595 0.78721 0.87205 0.82533)
		3 V(33 38 39) M(0) UV(0.08753 0.19436 0.87205 0.82533 0.03363 0.23247)
	}
}
Eof
