Metasequoia Document
Format Text Ver 1.1

Scene {
	pos -1.0717 -199.1550 937.4997
	lookat 0.0000 0.0000 0.0000
	head 1.9800
	pich 0.3508
	bank 0.0000
	ortho 0
	zoom2 20.4800
	amb 0.250 0.250 0.250
	dirlights 1 {
		light {
			dir 0.408 0.408 0.816
			color 1.000 1.000 1.000
		}
	}
}
Material 1 {
	"mat1" shader(3) col(1.000 1.000 1.000 1.000) dif(0.800) amb(0.600) emi(0.000) spc(0.000) power(5.00)
}
Object "$body" {
	depth 0
	folding 0
	scale 1.000000 1.000000 1.000000
	rotation 0.000000 0.000000 0.000000
	translation 0.000000 0.000000 0.000000
	visible 15
	locking 0
	shading 1
	facet 59.5
	color 1.000 0.541 0.922
	color_type 0
	vertex 82 {
		0.0000 236.8105 2.4404
		1.4344 236.8105 1.9743
		2.3209 236.8105 0.7541
		2.3209 236.8105 -0.7541
		1.4344 236.8105 -1.9743
		0.0000 236.8105 -2.4404
		-1.4344 236.8105 -1.9743
		-2.3209 236.8105 -0.7541
		-2.3209 236.8105 0.7541
		-1.4344 236.8105 1.9743
		0.0000 197.5107 2.4404
		1.4344 197.5107 1.9743
		2.3209 197.5107 0.7541
		2.3209 197.5107 -0.7541
		1.4344 197.5107 -1.9743
		0.0000 197.5107 -2.4404
		-1.4344 197.5107 -1.9743
		-2.3209 197.5107 -0.7541
		-2.3209 197.5107 0.7541
		-1.4344 197.5107 1.9743
		0.0000 196.3890 4.6419
		2.7284 196.3890 3.7554
		4.4147 196.3890 1.4344
		4.4147 196.3890 -1.4344
		2.7284 196.3890 -3.7553
		0.0000 196.3890 -4.6419
		-2.7284 196.3890 -3.7553
		-4.4147 196.3890 -1.4344
		-4.4147 196.3890 1.4344
		-2.7284 196.3890 3.7554
		0.0000 194.6419 6.3890
		3.7554 194.6419 5.1688
		6.0763 194.6419 1.9743
		6.0763 194.6419 -1.9743
		3.7554 194.6419 -5.1688
		0.0000 194.6419 -6.3890
		-3.7554 194.6419 -5.1688
		-6.0763 194.6419 -1.9743
		-6.0763 194.6419 1.9743
		-3.7554 194.6419 5.1688
		0.0000 192.4404 7.5107
		4.4147 192.4404 6.0763
		7.1431 192.4404 2.3210
		7.1431 192.4404 -2.3209
		4.4147 192.4404 -6.0763
		0.0000 192.4404 -7.5107
		-4.4147 192.4404 -6.0763
		-7.1431 192.4404 -2.3209
		-7.1431 192.4404 2.3210
		-4.4147 192.4404 6.0763
		0.0000 190.0000 7.8972
		4.6419 190.0000 6.3890
		7.5107 190.0000 2.4404
		7.5107 190.0000 -2.4404
		4.6419 190.0000 -6.3890
		0.0000 190.0000 -7.8972
		-4.6419 190.0000 -6.3890
		-7.5107 190.0000 -2.4404
		-7.5107 190.0000 2.4404
		-4.6419 190.0000 6.3890
		0.0000 239.8722 0.0000
		0.0000 239.8722 4.7384
		2.7851 239.8722 3.8334
		4.5064 239.8722 1.4642
		4.5064 239.8722 -1.4642
		2.7851 239.8722 -3.8334
		0.0000 239.8722 -4.7383
		-2.7851 239.8722 -3.8334
		-4.5064 239.8722 -1.4642
		-4.5064 239.8722 1.4642
		-2.7851 239.8722 3.8334
		0.0000 236.7133 4.7384
		2.7851 236.7133 3.8334
		4.5064 236.7133 1.4642
		4.5064 236.7133 -1.4642
		2.7851 236.7133 -3.8334
		0.0000 236.7133 -4.7383
		-2.7851 236.7133 -3.8334
		-4.5064 236.7133 -1.4642
		-4.5064 236.7133 1.4642
		-2.7851 236.7133 3.8334
		0.0000 236.7133 0.0000
	}
	face 148 {
		3 V(57 58 59) M(0) UV(0.70000 0.50000 0.80000 0.50000 0.90000 0.50000)
		3 V(59 56 57) M(0) UV(0.90000 0.50000 0.60000 0.50000 0.70000 0.50000)
		3 V(56 59 50) M(0) UV(0.60000 0.50000 0.90000 0.50000 0.00000 0.50000)
		3 V(50 55 56) M(0) UV(0.00000 0.50000 0.50000 0.50000 0.60000 0.50000)
		3 V(50 51 55) M(0) UV(0.00000 0.50000 0.10000 0.50000 0.50000 0.50000)
		3 V(51 54 55) M(0) UV(0.10000 0.50000 0.40000 0.50000 0.50000 0.50000)
		3 V(51 52 53) M(0) UV(0.10000 0.50000 0.20000 0.50000 0.30000 0.50000)
		3 V(53 54 51) M(0) UV(0.30000 0.50000 0.40000 0.50000 0.10000 0.50000)
		3 V(10 0 1) M(0) UV(0.00000 0.10000 0.00000 0.10000 0.10000 0.10000)
		3 V(11 10 1) M(0) UV(0.10000 0.10000 0.00000 0.10000 0.10000 0.10000)
		3 V(2 12 11) M(0) UV(0.20000 0.10000 0.20000 0.10000 0.10000 0.10000)
		3 V(11 1 2) M(0) UV(0.10000 0.10000 0.10000 0.10000 0.20000 0.10000)
		3 V(3 13 12) M(0) UV(0.30000 0.10000 0.30000 0.10000 0.20000 0.10000)
		3 V(12 2 3) M(0) UV(0.20000 0.10000 0.20000 0.10000 0.30000 0.10000)
		3 V(4 14 13) M(0) UV(0.40000 0.10000 0.40000 0.10000 0.30000 0.10000)
		3 V(13 3 4) M(0) UV(0.30000 0.10000 0.30000 0.10000 0.40000 0.10000)
		3 V(15 14 5) M(0) UV(0.50000 0.10000 0.40000 0.10000 0.50000 0.10000)
		3 V(14 4 5) M(0) UV(0.40000 0.10000 0.40000 0.10000 0.50000 0.10000)
		3 V(16 15 6) M(0) UV(0.60000 0.10000 0.50000 0.10000 0.60000 0.10000)
		3 V(15 5 6) M(0) UV(0.50000 0.10000 0.50000 0.10000 0.60000 0.10000)
		3 V(7 17 16) M(0) UV(0.70000 0.10000 0.70000 0.10000 0.60000 0.10000)
		3 V(16 6 7) M(0) UV(0.60000 0.10000 0.60000 0.10000 0.70000 0.10000)
		3 V(18 8 9) M(0) UV(0.80000 0.10000 0.80000 0.10000 0.90000 0.10000)
		3 V(9 0 19) M(0) UV(0.90000 0.10000 0.00000 0.10000 0.90000 0.10000)
		3 V(0 10 19) M(0) UV(0.00000 0.10000 0.00000 0.10000 0.90000 0.10000)
		3 V(9 19 18) M(0) UV(0.90000 0.10000 0.90000 0.10000 0.80000 0.10000)
		3 V(18 17 8) M(0) UV(0.80000 0.10000 0.70000 0.10000 0.80000 0.10000)
		3 V(17 7 8) M(0) UV(0.70000 0.10000 0.70000 0.10000 0.80000 0.10000)
		3 V(60 62 61) M(0) UV(0.05000 0.00000 0.10000 0.00000 0.00000 0.00000)
		3 V(60 63 62) M(0) UV(0.15000 0.00000 0.20000 0.00000 0.10000 0.00000)
		3 V(60 64 63) M(0) UV(0.25000 0.00000 0.30000 0.00000 0.20000 0.00000)
		3 V(60 65 64) M(0) UV(0.35000 0.00000 0.40000 0.00000 0.30000 0.00000)
		3 V(60 66 65) M(0) UV(0.45000 0.00000 0.50000 0.00000 0.40000 0.00000)
		3 V(60 67 66) M(0) UV(0.55000 0.00000 0.60000 0.00000 0.50000 0.00000)
		3 V(60 68 67) M(0) UV(0.65000 0.00000 0.70000 0.00000 0.60000 0.00000)
		3 V(60 69 68) M(0) UV(0.75000 0.00000 0.80000 0.00000 0.70000 0.00000)
		3 V(60 70 69) M(0) UV(0.85000 0.00000 0.90000 0.00000 0.80000 0.00000)
		3 V(60 61 70) M(0) UV(0.95000 0.00000 1.00000 0.00000 0.90000 0.00000)
		3 V(81 71 72) M(0) UV(0.05000 1.00000 0.00000 1.00000 0.10000 1.00000)
		3 V(81 72 73) M(0) UV(0.15000 1.00000 0.10000 1.00000 0.20000 1.00000)
		3 V(81 73 74) M(0) UV(0.25000 1.00000 0.20000 1.00000 0.30000 1.00000)
		3 V(81 74 75) M(0) UV(0.35000 1.00000 0.30000 1.00000 0.40000 1.00000)
		3 V(81 75 76) M(0) UV(0.45000 1.00000 0.40000 1.00000 0.50000 1.00000)
		3 V(81 76 77) M(0) UV(0.55000 1.00000 0.50000 1.00000 0.60000 1.00000)
		3 V(81 77 78) M(0) UV(0.65000 1.00000 0.60000 1.00000 0.70000 1.00000)
		3 V(81 78 79) M(0) UV(0.75000 1.00000 0.70000 1.00000 0.80000 1.00000)
		3 V(81 79 80) M(0) UV(0.85000 1.00000 0.80000 1.00000 0.90000 1.00000)
		3 V(81 80 71) M(0) UV(0.95000 1.00000 0.90000 1.00000 1.00000 1.00000)
		3 V(11 21 20) M(0) UV(0.10000 0.10000 0.10000 0.20000 0.00000 0.20000)
		3 V(11 20 10) M(0) UV(0.10000 0.10000 0.00000 0.20000 0.00000 0.10000)
		3 V(12 22 21) M(0) UV(0.20000 0.10000 0.20000 0.20000 0.10000 0.20000)
		3 V(12 21 11) M(0) UV(0.20000 0.10000 0.10000 0.20000 0.10000 0.10000)
		3 V(13 23 22) M(0) UV(0.30000 0.10000 0.30000 0.20000 0.20000 0.20000)
		3 V(13 22 12) M(0) UV(0.30000 0.10000 0.20000 0.20000 0.20000 0.10000)
		3 V(14 24 23) M(0) UV(0.40000 0.10000 0.40000 0.20000 0.30000 0.20000)
		3 V(14 23 13) M(0) UV(0.40000 0.10000 0.30000 0.20000 0.30000 0.10000)
		3 V(15 25 24) M(0) UV(0.50000 0.10000 0.50000 0.20000 0.40000 0.20000)
		3 V(15 24 14) M(0) UV(0.50000 0.10000 0.40000 0.20000 0.40000 0.10000)
		3 V(16 26 25) M(0) UV(0.60000 0.10000 0.60000 0.20000 0.50000 0.20000)
		3 V(16 25 15) M(0) UV(0.60000 0.10000 0.50000 0.20000 0.50000 0.10000)
		3 V(17 27 26) M(0) UV(0.70000 0.10000 0.70000 0.20000 0.60000 0.20000)
		3 V(17 26 16) M(0) UV(0.70000 0.10000 0.60000 0.20000 0.60000 0.10000)
		3 V(18 28 27) M(0) UV(0.80000 0.10000 0.80000 0.20000 0.70000 0.20000)
		3 V(18 27 17) M(0) UV(0.80000 0.10000 0.70000 0.20000 0.70000 0.10000)
		3 V(19 29 28) M(0) UV(0.90000 0.10000 0.90000 0.20000 0.80000 0.20000)
		3 V(19 28 18) M(0) UV(0.90000 0.10000 0.80000 0.20000 0.80000 0.10000)
		3 V(10 20 29) M(0) UV(1.00000 0.10000 1.00000 0.20000 0.90000 0.20000)
		3 V(10 29 19) M(0) UV(1.00000 0.10000 0.90000 0.20000 0.90000 0.10000)
		3 V(21 31 30) M(0) UV(0.10000 0.20000 0.10000 0.30000 0.00000 0.30000)
		3 V(21 30 20) M(0) UV(0.10000 0.20000 0.00000 0.30000 0.00000 0.20000)
		3 V(22 32 31) M(0) UV(0.20000 0.20000 0.20000 0.30000 0.10000 0.30000)
		3 V(22 31 21) M(0) UV(0.20000 0.20000 0.10000 0.30000 0.10000 0.20000)
		3 V(23 33 32) M(0) UV(0.30000 0.20000 0.30000 0.30000 0.20000 0.30000)
		3 V(23 32 22) M(0) UV(0.30000 0.20000 0.20000 0.30000 0.20000 0.20000)
		3 V(24 34 33) M(0) UV(0.40000 0.20000 0.40000 0.30000 0.30000 0.30000)
		3 V(24 33 23) M(0) UV(0.40000 0.20000 0.30000 0.30000 0.30000 0.20000)
		3 V(25 35 34) M(0) UV(0.50000 0.20000 0.50000 0.30000 0.40000 0.30000)
		3 V(25 34 24) M(0) UV(0.50000 0.20000 0.40000 0.30000 0.40000 0.20000)
		3 V(25 26 36) M(0) UV(0.50000 0.20000 0.60000 0.20000 0.60000 0.30000)
		3 V(25 36 35) M(0) UV(0.50000 0.20000 0.60000 0.30000 0.50000 0.30000)
		3 V(27 37 36) M(0) UV(0.70000 0.20000 0.70000 0.30000 0.60000 0.30000)
		3 V(27 36 26) M(0) UV(0.70000 0.20000 0.60000 0.30000 0.60000 0.20000)
		3 V(28 38 37) M(0) UV(0.80000 0.20000 0.80000 0.30000 0.70000 0.30000)
		3 V(28 37 27) M(0) UV(0.80000 0.20000 0.70000 0.30000 0.70000 0.20000)
		3 V(29 39 38) M(0) UV(0.90000 0.20000 0.90000 0.30000 0.80000 0.30000)
		3 V(29 38 28) M(0) UV(0.90000 0.20000 0.80000 0.30000 0.80000 0.20000)
		3 V(20 30 39) M(0) UV(1.00000 0.20000 1.00000 0.30000 0.90000 0.30000)
		3 V(20 39 29) M(0) UV(1.00000 0.20000 0.90000 0.30000 0.90000 0.20000)
		3 V(31 41 40) M(0) UV(0.10000 0.30000 0.10000 0.40000 0.00000 0.40000)
		3 V(31 40 30) M(0) UV(0.10000 0.30000 0.00000 0.40000 0.00000 0.30000)
		3 V(32 42 41) M(0) UV(0.20000 0.30000 0.20000 0.40000 0.10000 0.40000)
		3 V(32 41 31) M(0) UV(0.20000 0.30000 0.10000 0.40000 0.10000 0.30000)
		3 V(33 43 42) M(0) UV(0.30000 0.30000 0.30000 0.40000 0.20000 0.40000)
		3 V(33 42 32) M(0) UV(0.30000 0.30000 0.20000 0.40000 0.20000 0.30000)
		3 V(34 44 43) M(0) UV(0.40000 0.30000 0.40000 0.40000 0.30000 0.40000)
		3 V(34 43 33) M(0) UV(0.40000 0.30000 0.30000 0.40000 0.30000 0.30000)
		3 V(35 45 44) M(0) UV(0.50000 0.30000 0.50000 0.40000 0.40000 0.40000)
		3 V(35 44 34) M(0) UV(0.50000 0.30000 0.40000 0.40000 0.40000 0.30000)
		3 V(36 46 45) M(0) UV(0.60000 0.30000 0.60000 0.40000 0.50000 0.40000)
		3 V(36 45 35) M(0) UV(0.60000 0.30000 0.50000 0.40000 0.50000 0.30000)
		3 V(36 37 47) M(0) UV(0.60000 0.30000 0.70000 0.30000 0.70000 0.40000)
		3 V(36 47 46) M(0) UV(0.60000 0.30000 0.70000 0.40000 0.60000 0.40000)
		3 V(38 48 47) M(0) UV(0.80000 0.30000 0.80000 0.40000 0.70000 0.40000)
		3 V(38 47 37) M(0) UV(0.80000 0.30000 0.70000 0.40000 0.70000 0.30000)
		3 V(39 49 48) M(0) UV(0.90000 0.30000 0.90000 0.40000 0.80000 0.40000)
		3 V(39 48 38) M(0) UV(0.90000 0.30000 0.80000 0.40000 0.80000 0.30000)
		3 V(30 40 49) M(0) UV(1.00000 0.30000 1.00000 0.40000 0.90000 0.40000)
		3 V(30 49 39) M(0) UV(1.00000 0.30000 0.90000 0.40000 0.90000 0.30000)
		3 V(41 51 50) M(0) UV(0.10000 0.40000 0.10000 0.50000 0.00000 0.50000)
		3 V(41 50 40) M(0) UV(0.10000 0.40000 0.00000 0.50000 0.00000 0.40000)
		3 V(42 52 51) M(0) UV(0.20000 0.40000 0.20000 0.50000 0.10000 0.50000)
		3 V(42 51 41) M(0) UV(0.20000 0.40000 0.10000 0.50000 0.10000 0.40000)
		3 V(43 53 52) M(0) UV(0.30000 0.40000 0.30000 0.50000 0.20000 0.50000)
		3 V(43 52 42) M(0) UV(0.30000 0.40000 0.20000 0.50000 0.20000 0.40000)
		3 V(44 54 53) M(0) UV(0.40000 0.40000 0.40000 0.50000 0.30000 0.50000)
		3 V(44 53 43) M(0) UV(0.40000 0.40000 0.30000 0.50000 0.30000 0.40000)
		3 V(45 55 54) M(0) UV(0.50000 0.40000 0.50000 0.50000 0.40000 0.50000)
		3 V(45 54 44) M(0) UV(0.50000 0.40000 0.40000 0.50000 0.40000 0.40000)
		3 V(46 56 55) M(0) UV(0.60000 0.40000 0.60000 0.50000 0.50000 0.50000)
		3 V(46 55 45) M(0) UV(0.60000 0.40000 0.50000 0.50000 0.50000 0.40000)
		3 V(46 47 57) M(0) UV(0.60000 0.40000 0.70000 0.40000 0.70000 0.50000)
		3 V(46 57 56) M(0) UV(0.60000 0.40000 0.70000 0.50000 0.60000 0.50000)
		3 V(48 58 57) M(0) UV(0.80000 0.40000 0.80000 0.50000 0.70000 0.50000)
		3 V(48 57 47) M(0) UV(0.80000 0.40000 0.70000 0.50000 0.70000 0.40000)
		3 V(49 59 58) M(0) UV(0.90000 0.40000 0.90000 0.50000 0.80000 0.50000)
		3 V(49 58 48) M(0) UV(0.90000 0.40000 0.80000 0.50000 0.80000 0.40000)
		3 V(40 50 59) M(0) UV(1.00000 0.40000 1.00000 0.50000 0.90000 0.50000)
		3 V(40 59 49) M(0) UV(1.00000 0.40000 0.90000 0.50000 0.90000 0.40000)
		3 V(62 72 71) M(0) UV(0.10000 0.00000 0.10000 1.00000 0.00000 1.00000)
		3 V(62 71 61) M(0) UV(0.10000 0.00000 0.00000 1.00000 0.00000 0.00000)
		3 V(63 73 72) M(0) UV(0.20000 0.00000 0.20000 1.00000 0.10000 1.00000)
		3 V(63 72 62) M(0) UV(0.20000 0.00000 0.10000 1.00000 0.10000 0.00000)
		3 V(64 74 73) M(0) UV(0.30000 0.00000 0.30000 1.00000 0.20000 1.00000)
		3 V(64 73 63) M(0) UV(0.30000 0.00000 0.20000 1.00000 0.20000 0.00000)
		3 V(65 75 74) M(0) UV(0.40000 0.00000 0.40000 1.00000 0.30000 1.00000)
		3 V(65 74 64) M(0) UV(0.40000 0.00000 0.30000 1.00000 0.30000 0.00000)
		3 V(66 76 75) M(0) UV(0.50000 0.00000 0.50000 1.00000 0.40000 1.00000)
		3 V(66 75 65) M(0) UV(0.50000 0.00000 0.40000 1.00000 0.40000 0.00000)
		3 V(67 77 76) M(0) UV(0.60000 0.00000 0.60000 1.00000 0.50000 1.00000)
		3 V(67 76 66) M(0) UV(0.60000 0.00000 0.50000 1.00000 0.50000 0.00000)
		3 V(68 78 77) M(0) UV(0.70000 0.00000 0.70000 1.00000 0.60000 1.00000)
		3 V(68 77 67) M(0) UV(0.70000 0.00000 0.60000 1.00000 0.60000 0.00000)
		3 V(69 79 78) M(0) UV(0.80000 0.00000 0.80000 1.00000 0.70000 1.00000)
		3 V(69 78 68) M(0) UV(0.80000 0.00000 0.70000 1.00000 0.70000 0.00000)
		3 V(70 80 79) M(0) UV(0.90000 0.00000 0.90000 1.00000 0.80000 1.00000)
		3 V(70 79 69) M(0) UV(0.90000 0.00000 0.80000 1.00000 0.80000 0.00000)
		3 V(61 71 80) M(0) UV(1.00000 0.00000 1.00000 1.00000 0.90000 1.00000)
		3 V(61 80 70) M(0) UV(1.00000 0.00000 0.90000 1.00000 0.90000 0.00000)
	}
}
Object "$blade0" {
	depth 0
	folding 0
	scale 1.000000 1.000000 1.000000
	rotation 0.000000 0.000000 0.000000
	translation 0.000000 0.000000 0.000000
	visible 15
	locking 0
	shading 1
	facet 59.5
	color 1.000 0.541 0.922
	color_type 0
	vertex 16 {
		2.5831 238.3625 -2.1459
		2.5831 237.6149 -1.2499
		2.5831 238.9706 -1.1804
		2.5831 237.7914 2.1459
		31.6075 238.9706 -1.1804
		31.6075 237.7914 2.1459
		31.6075 238.3625 -2.1459
		31.6075 237.6149 -1.2499
		-2.5831 238.2230 2.1459
		-2.5831 238.9706 1.2499
		-2.5831 237.6149 1.1804
		-2.5831 238.7941 -2.1459
		-31.6075 237.6149 1.1804
		-31.6075 238.7941 -2.1459
		-31.6075 238.2230 2.1459
		-31.6075 238.9706 1.2499
	}
	face 24 {
		3 V(2 3 1) M(0) UV(1.00000 0.00000 1.00000 1.00000 0.00000 1.00000)
		3 V(2 1 0) M(0) UV(1.00000 0.00000 0.00000 1.00000 0.00000 0.00000)
		3 V(4 5 3) M(0) UV(1.00000 0.00000 1.00000 1.00000 0.00000 1.00000)
		3 V(4 3 2) M(0) UV(1.00000 0.00000 0.00000 1.00000 0.00000 0.00000)
		3 V(6 7 5) M(0) UV(1.00000 0.00000 1.00000 1.00000 0.00000 1.00000)
		3 V(6 5 4) M(0) UV(1.00000 0.00000 0.00000 1.00000 0.00000 0.00000)
		3 V(0 1 7) M(0) UV(1.00000 0.00000 1.00000 1.00000 0.00000 1.00000)
		3 V(0 7 6) M(0) UV(1.00000 0.00000 0.00000 1.00000 0.00000 0.00000)
		3 V(4 2 0) M(0) UV(1.00000 0.00000 1.00000 1.00000 0.00000 1.00000)
		3 V(4 0 6) M(0) UV(1.00000 0.00000 0.00000 1.00000 0.00000 0.00000)
		3 V(3 5 7) M(0) UV(1.00000 0.00000 1.00000 1.00000 0.00000 1.00000)
		3 V(3 7 1) M(0) UV(1.00000 0.00000 0.00000 1.00000 0.00000 0.00000)
		3 V(9 11 10) M(0) UV(0.00000 1.00000 1.00000 1.00000 1.00000 0.00000)
		3 V(8 9 10) M(0) UV(0.00000 0.00000 0.00000 1.00000 1.00000 0.00000)
		3 V(11 13 12) M(0) UV(0.00000 1.00000 1.00000 1.00000 1.00000 0.00000)
		3 V(10 11 12) M(0) UV(0.00000 0.00000 0.00000 1.00000 1.00000 0.00000)
		3 V(13 15 14) M(0) UV(0.00000 1.00000 1.00000 1.00000 1.00000 0.00000)
		3 V(12 13 14) M(0) UV(0.00000 0.00000 0.00000 1.00000 1.00000 0.00000)
		3 V(15 9 8) M(0) UV(0.00000 1.00000 1.00000 1.00000 1.00000 0.00000)
		3 V(14 15 8) M(0) UV(0.00000 0.00000 0.00000 1.00000 1.00000 0.00000)
		3 V(8 10 12) M(0) UV(0.00000 1.00000 1.00000 1.00000 1.00000 0.00000)
		3 V(14 8 12) M(0) UV(0.00000 0.00000 0.00000 1.00000 1.00000 0.00000)
		3 V(15 13 11) M(0) UV(0.00000 1.00000 1.00000 1.00000 1.00000 0.00000)
		3 V(9 15 11) M(0) UV(0.00000 0.00000 0.00000 1.00000 1.00000 0.00000)
	}
}
Eof
