Metasequoia Document
Format Text Ver 1.1

Scene {
	pos 3.7264 -179.0265 6144.0801
	lookat -2.6490 0.4677 1.0591
	head -0.5808
	pich 0.1500
	bank 0.0000
	ortho 0
	zoom2 1.9531
	amb 0.137 0.137 0.137
	dirlights 1 {
		light {
			dir 0.408 0.408 0.816
			color 1.000 1.000 1.000
		}
	}
}
Material 1 {
	"mat1" shader(3) col(1.000 1.000 1.000 1.000) dif(0.800) amb(0.600) emi(0.000) spc(0.000) power(5.00)
}
Object "$body" {
	depth 0
	folding 0
	scale 1.000000 1.000000 1.000000
	rotation 0.000000 0.000000 0.000000
	translation 0.000000 0.000000 0.000000
	visible 15
	locking 0
	shading 1
	facet 59.5
	color 0.898 0.498 0.698
	color_type 0
	vertex 425 {
		-0.9233 -120.6759 -493.8709
		-4.4477 -121.5075 -495.0193
		-7.6465 -121.9475 -496.0577
		-12.1521 -122.0267 -497.5185
		-14.3961 -121.6791 -498.2423
		3.4393 -119.0259 -492.4497
		-2.1113 -119.1227 -495.5275
		-7.3099 -119.2129 -497.3909
		-12.4095 -119.3009 -499.6063
		-16.0571 -119.3647 -501.0649
		5.0893 -114.7711 -491.8887
		-2.0145 -114.8943 -495.4769
		-7.3847 -114.9867 -497.3909
		-12.9749 -115.0835 -499.7603
		-17.6059 -115.1649 -501.5423
		4.3259 -110.6329 -492.1109
		-3.0815 -110.7605 -495.7937
		-7.5299 -110.8397 -497.4151
		-13.1641 -110.9365 -499.7977
		-18.1273 -111.0223 -501.1529
		0.4517 -103.5973 -493.3253
		-6.6763 -103.7227 -496.9157
		-8.7113 -103.7579 -497.7561
		-13.2455 -103.8349 -499.7823
		-17.4079 -103.9075 -501.4081
		-1.7571 -98.2359 -494.0095
		-7.6905 -98.3393 -497.2127
		-9.4065 -98.3679 -497.9497
		-12.9639 -98.4295 -499.6569
		-15.9845 -98.4823 -500.9153
		-3.8647 -91.4225 -494.3703
		-6.9645 -90.1091 -496.9289
		-9.5495 -90.1531 -497.9453
		-12.9001 -90.2125 -499.5909
		-15.5027 -90.2565 -500.7107
		-16.6467 -120.9487 -498.9639
		-20.3845 -119.4395 -500.1651
		-22.9145 -115.2573 -500.9593
		-23.4909 -111.1169 -501.1221
		-23.0157 -104.0065 -500.9263
		-20.9939 -98.5703 -500.2377
		-18.7873 -90.3159 -499.4765
		-17.2693 -119.3867 -496.8585
		-13.2257 -119.3163 -496.7661
		-7.8335 -119.2217 -495.5781
		-2.5403 -119.1293 -494.0381
		-18.8181 -115.1869 -497.3337
		-13.7933 -115.0989 -496.9223
		-7.9083 -114.9977 -495.5759
		-2.4457 -114.9031 -493.9853
		-19.0601 -111.0399 -497.9189
		-13.9847 -110.9519 -496.9597
		-8.0535 -110.8485 -495.6001
		-3.5105 -110.7693 -494.3043
		-18.6223 -103.9295 -497.2039
		-13.9979 -103.8481 -497.1753
		-9.2349 -103.7667 -495.9367
		-7.1053 -103.7293 -495.4263
		-17.1989 -98.5043 -496.7089
		-13.7845 -98.4449 -496.8211
		-9.9301 -98.3789 -496.1325
		-8.1195 -98.3459 -495.7255
		-16.7171 -90.2807 -496.5043
		-13.7185 -90.2279 -496.7529
		-10.0753 -90.1641 -496.1303
		-7.3935 -90.1179 -495.4373
		15.2379 -58.4489 -494.1547
		17.6909 -61.0713 -495.4021
		19.6445 -63.6057 -496.5351
		21.9215 -67.4447 -498.1103
		22.7245 -69.5501 -498.8891
		11.6717 -55.5207 -492.5927
		14.4437 -60.2309 -495.8157
		17.0705 -64.6595 -497.8177
		19.6357 -68.9979 -500.1651
		21.4749 -72.1021 -501.7183
		7.1771 -56.2269 -491.9239
		10.7389 -62.2637 -495.6991
		13.4493 -66.8353 -497.7561
		16.2631 -71.5917 -500.2707
		18.5995 -75.5341 -502.1715
		3.9695 -58.9549 -492.1065
		7.6809 -65.2491 -495.9807
		9.9293 -69.0375 -497.7209
		12.7673 -73.8313 -500.2509
		15.2841 -78.0641 -501.7337
		-0.2193 -65.8079 -493.3143
		3.3535 -71.8645 -497.0895
		4.3787 -73.5959 -497.9827
		6.6579 -77.4525 -500.1299
		8.7589 -80.9945 -501.8657
		-3.7767 -70.3905 -493.9721
		-0.8089 -75.4285 -497.3315
		0.0557 -76.8893 -498.1147
		1.8421 -79.9121 -499.9143
		3.3623 -82.4817 -501.2541
		-10.2271 -75.6155 -494.2603
		-8.2889 -78.9199 -496.9069
		-6.9865 -81.1199 -497.9893
		-5.3057 -83.9667 -499.7229
		-3.9967 -86.1821 -500.9109
		23.1953 -71.8535 -499.6591
		23.7255 -75.8245 -500.9351
		21.3495 -80.0947 -501.7315
		18.0451 -82.6599 -501.8459
		11.6585 -85.8103 -501.5313
		5.9583 -86.7871 -500.7085
		-2.2719 -89.0157 -499.7647
		22.2097 -73.2043 -497.5471
		20.1329 -69.7415 -497.3469
		17.3895 -65.1369 -496.0159
		14.7055 -60.6225 -494.3395
		19.3343 -76.6385 -498.0003
		16.7603 -72.3375 -497.4569
		13.7661 -67.3127 -495.9543
		10.9985 -62.6553 -494.2207
		15.8517 -78.9133 -498.5283
		13.2623 -74.5771 -497.4349
		10.2461 -69.5127 -495.9191
		7.9427 -65.6385 -494.5023
		9.4937 -82.0989 -497.6945
		7.1155 -78.1345 -497.5449
		4.6955 -74.0711 -496.1809
		3.6131 -72.2539 -495.6133
		4.0971 -83.5861 -497.0807
		2.3371 -80.6579 -497.1027
		0.3725 -77.3645 -496.3129
		-0.5493 -75.8179 -495.8553
		-3.2575 -87.2843 -496.7397
		-4.8107 -84.7103 -496.9069
		-6.6675 -81.5973 -496.1897
		-8.0271 -79.3093 -495.4263
		-47.4159 -75.2195 -493.0591
		-46.4061 -71.7677 -494.2867
		-45.2181 -68.7911 -495.4021
		-43.0731 -64.8751 -496.9773
		-41.6695 -63.1151 -497.7649
		-48.1287 -79.7977 -491.5477
		-45.5217 -74.9929 -494.7685
		-43.0511 -70.4741 -496.7683
		-40.6377 -66.0477 -499.1135
		-38.9085 -62.8797 -500.6645
		-45.2555 -83.3463 -491.0087
		-41.9071 -77.1863 -494.7795
		-39.3573 -72.5201 -496.8343
		-36.7085 -67.6691 -499.3467
		-34.5107 -63.6453 -501.2453
		-41.2977 -84.7565 -491.3167
		-37.8063 -78.3347 -495.1887
		-35.6921 -74.4693 -496.9223
		-33.0235 -69.5765 -499.4523
		-30.6563 -65.2579 -500.9307
		-33.3029 -84.9391 -492.7357
		-29.9413 -78.7593 -496.5087
		-28.9799 -76.9927 -497.4019
		-26.8327 -73.0569 -499.5447
		-24.8593 -69.4423 -501.2783
		-27.5741 -85.7179 -493.5563
		-24.7823 -80.5765 -496.9157
		-23.9683 -79.0871 -497.6945
		-22.2919 -76.0027 -499.4941
		-20.8597 -73.3803 -500.8317
		-19.8345 -88.6857 -494.0909
		-18.0107 -85.3153 -496.7375
		-16.7853 -83.0691 -497.8177
		-15.2057 -80.1651 -499.5491
		-13.9737 -77.9057 -500.7371
		-39.9293 -61.5443 -498.5569
		-36.7899 -59.0803 -499.8791
		-31.9257 -58.9923 -500.8031
		-28.0559 -60.5675 -501.0429
		-22.1313 -64.5297 -500.9417
		-18.4155 -68.9869 -500.2839
		-12.3523 -75.0149 -499.5887
		-38.2132 -61.7533 -496.4933
		-40.1691 -65.2865 -496.2953
		-42.7497 -69.9879 -494.9665
		-45.2753 -74.5925 -493.2923
		-33.8155 -62.5211 -497.0719
		-36.2399 -66.9079 -496.5307
		-39.0536 -72.0361 -495.0303
		-41.6607 -76.7881 -493.3011
		-30.1195 -64.3933 -497.7253
		-32.5549 -68.8175 -496.6363
		-35.3907 -73.9831 -495.1227
		-37.5577 -77.9365 -493.7081
		-24.1641 -68.3159 -497.1071
		-26.4037 -72.3595 -496.9597
		-28.6763 -76.5065 -495.6001
		-29.6949 -78.3611 -495.0325
		-20.1623 -72.2539 -496.6583
		-21.8211 -75.2415 -496.6803
		-23.6691 -78.6009 -495.8927
		-24.5359 -80.1783 -495.4373
		-13.2763 -76.7793 -496.5637
		-14.7349 -79.4061 -496.7353
		-16.4861 -82.5829 -496.0181
		-17.7665 -84.9171 -495.2569
		-29.8203 -22.2809 -469.7281
		-12.9595 -92.8877 -470.0229
		-29.1273 -22.2809 -430.0445
		-12.2665 -92.8877 -430.3371
		-3.0089 -95.0899 -470.1967
		11.3131 -22.2809 -470.4453
		-2.3159 -95.0899 -430.5131
		12.0061 -22.2809 -430.7617
		-145.5997 90.6627 -626.0182
		-99.8331 105.5677 430.3315
		-62.1075 -19.6893 430.2655
		-117.9148 -9.9719 -625.9171
		10.8445 111.1139 630.6284
		9.1681 -22.8309 564.3203
		-9.6441 -35.2301 -627.1931
		-131.4159 44.3395 -626.0182
		-83.3959 45.9697 430.3315
		9.4893 46.8475 600.5367
		-151.3789 90.6627 172.3089
		-117.9853 -19.6893 172.2715
		-137.7369 45.3141 172.3089
		-155.5393 90.6627 14.0321
		-140.0799 45.1205 14.0321
		-124.1365 -19.6893 14.0739
		-99.8595 142.2395 424.2881
		10.7939 160.6667 625.4143
		-152.9653 140.2243 170.5533
		-154.2919 140.2859 89.8925
		-10.7001 90.6627 -627.2811
		-10.7001 44.3395 -627.2811
		-9.6441 -9.9719 -627.2569
		127.3764 90.6627 -631.0761
		114.7770 105.5677 422.5281
		77.9995 -19.6893 423.8613
		101.4977 -9.9719 -630.4337
		113.1926 44.3395 -631.0761
		96.8372 45.9697 422.5281
		159.3950 90.6627 166.4921
		125.1984 -19.6893 167.2665
		144.9389 45.3141 166.4921
		158.3501 90.6627 8.2153
		142.5959 45.1205 8.2153
		126.6613 -19.6893 8.9149
		114.7021 142.2395 416.4891
		160.9241 140.2243 164.7365
		159.5975 140.2859 84.0757
		-161.1361 90.6627 -326.2837
		-145.1201 44.5551 -326.2837
		-129.7178 -19.6893 -326.2287
		152.7533 90.6627 -332.1005
		137.5557 44.5551 -332.1005
		122.1645 -19.6893 -331.4119
		-9.9455 -85.9907 -539.0633
		-9.7453 -78.8913 -527.6761
		-14.7657 -80.9703 -527.5859
		-16.8469 -85.9907 -527.5507
		-14.7657 -91.0111 -527.5859
		-9.7453 -93.0923 -527.6761
		-4.7293 -91.0111 -527.7640
		-2.6481 -85.9907 -527.7971
		-4.7293 -80.9703 -527.7640
		-9.5583 -76.2227 -516.8917
		-16.4663 -79.0827 -516.7707
		-19.3263 -85.9907 -516.7223
		-16.4663 -92.9009 -516.7707
		-9.5583 -95.7609 -516.8917
		-2.6503 -92.9009 -517.0127
		0.2097 -85.9907 -517.0633
		-2.6503 -79.0827 -517.0127
		-9.2459 -73.5783 -498.9595
		-18.0217 -77.2149 -498.8077
		-21.6583 -85.9907 -498.7439
		-18.0217 -94.7687 -498.8077
		-9.2459 -98.4031 -498.9595
		-0.4701 -94.7687 -499.1135
		3.1643 -85.9907 -499.1773
		-0.4701 -77.2149 -499.1135
		-8.9709 -71.7897 -483.2449
		-19.0117 -75.9499 -483.0711
		-23.1719 -85.9907 -482.9985
		-19.0117 -96.0337 -483.0711
		-8.9709 -100.1939 -483.2449
		1.0699 -96.0337 -483.4209
		5.2279 -85.9907 -483.4935
		1.0699 -75.9499 -483.4209
		-7.8731 -69.6865 -420.3997
		-17.9139 -73.8401 -420.2237
		-22.0741 -83.8831 -420.1511
		-17.9139 -93.9327 -420.2237
		-7.8731 -98.1017 -420.3997
		2.1655 -93.9503 -420.5757
		6.3257 -83.9051 -420.6483
		2.1655 -73.8555 -420.5757
		-7.7895 -78.5811 -415.5201
		-11.3997 -80.0727 -415.4563
		-12.8979 -83.6851 -415.4299
		-11.3997 -87.3019 -415.4563
		-7.7895 -88.8045 -415.5201
		-4.1793 -87.3129 -415.5817
		-2.6811 -83.7005 -415.6081
		-4.1793 -80.0837 -415.5817
		-6.4717 -74.0557 -340.1437
		-10.0841 -75.5429 -340.0799
		-11.5823 -79.1465 -340.0535
		-10.0841 -82.7545 -340.0799
		-6.4717 -84.2527 -340.1437
		-2.8637 -82.7633 -340.2053
		-1.3655 -79.1597 -340.2317
		-2.8637 -75.5539 -340.2053
		1.4153 -54.4053 111.7187
		-6.8699 -57.8351 111.8881
		-10.2997 -66.1203 112.0025
		-6.8699 -74.4055 112.0025
		1.4153 -77.8375 111.8815
		9.6961 -74.4055 111.7121
		13.1281 -66.1203 111.5933
		9.6961 -57.8351 111.5977
		1.4637 -66.1203 114.5215
		-6.3243 -64.3449 -331.7375
		-16.3849 -68.4963 -331.5109
		-20.5517 -78.5437 -331.3239
		-16.3849 -88.5999 -331.2799
		-6.3243 -92.7711 -331.4075
		3.7363 -88.6197 -331.6319
		7.9053 -78.5701 -331.8211
		3.7363 -68.5161 -331.8629
		86.4167 210.2833 -529.3041
		-102.1761 210.2833 -527.5353
		93.6086 210.2833 -83.6545
		-93.1824 210.2833 -81.9187
		93.6086 59.8363 -83.6545
		86.4167 59.8363 -529.3041
		-102.1761 59.8363 -527.5353
		-75.2414 261.9525 115.8415
		77.6365 261.9525 115.2827
		-74.9334 183.9713 132.1677
		77.9093 183.9713 132.1677
		-93.1824 59.8363 -81.9187
		86.4167 210.2833 -529.3041
		-102.1761 210.2833 -527.5353
		93.6086 210.2833 -83.6545
		-93.1824 210.2833 -81.9187
		93.6086 59.8363 -83.6545
		-93.1824 59.8363 -81.9187
		86.4167 59.8363 -529.3041
		-102.1761 59.8363 -527.5353
		-74.6034 89.0413 152.4055
		78.2745 89.0413 151.8467
		-78.4953 89.0413 29.0955
		79.4538 89.0413 28.4465
		-75.2414 261.9525 115.8415
		77.6365 261.9525 115.2827
		-78.4953 261.9525 29.0955
		79.4538 261.9525 28.4465
		-72.8677 88.6673 316.5959
		80.0104 88.6673 316.0371
		-73.1976 183.5973 297.6891
		79.6430 183.5973 295.0205
		5.1047 -52.9643 -564.0619
		5.0629 -107.1701 -564.0597
		1.5165 -50.4563 -566.4269
		0.5353 -47.6667 -569.5619
		0.4407 -45.3765 -575.8605
		0.7135 -44.8793 -615.6453
		1.4263 -109.6341 -566.4269
		0.3989 -112.0629 -569.5597
		0.2757 -113.6271 -575.8561
		0.5617 -112.4699 -615.6431
		4.0399 -49.3519 -626.5991
		3.9827 -107.1085 -626.5969
		7.7975 -44.6241 -615.7685
		9.4431 -45.0509 -576.0167
		9.5355 -47.3411 -569.7181
		8.6379 -50.1989 -566.5523
		7.6435 -112.3709 -615.7663
		9.2781 -113.5017 -576.0145
		9.4013 -111.9375 -569.7159
		8.5477 -109.5351 -566.5500
		0.4671 -44.6395 -610.1849
		0.2779 -113.7151 -610.1827
		8.2815 -44.2787 -610.3213
		8.1297 -113.6689 -610.3191
		2.6583 -46.5271 -622.0099
		2.5549 -110.5999 -622.0099
		5.6415 -46.3907 -622.0627
		5.5073 -110.6065 -622.0605
		0.5441 -45.8407 -584.4822
		9.0647 -45.5327 -584.6319
		0.5661 -19.7641 -576.2609
		9.5663 -19.4385 -576.4171
		0.6651 -19.8323 -584.8827
		9.1879 -19.5243 -585.0301
		-145.5997 90.6627 -626.0182
		-155.5393 90.6627 14.0321
		-99.8595 142.2395 424.2881
		10.7939 160.6667 625.4143
		-152.9653 140.2243 170.5533
		-154.2919 140.2859 89.8925
		-10.7001 90.6627 -627.2811
		1.6991 90.6627 12.3887
		3.1687 140.2859 88.2513
		4.7329 140.2243 168.9143
		8.7831 142.2395 422.0881
		127.3764 90.6627 -631.0761
		158.3501 90.6627 8.2153
		114.7021 142.2395 416.4891
		160.9241 140.2243 164.7365
		159.5975 140.2859 84.0757
		-161.1361 90.6627 -326.2837
		-4.8987 90.6627 -327.9249
		152.7533 90.6627 -332.1005
		-62.1075 -19.6893 430.2655
		-117.9148 -9.9719 -625.9171
		9.1681 -22.8309 564.3203
		-9.6441 -35.2301 -627.1931
		7.0121 -83.4475 322.1927
		-117.9853 -19.6893 172.2715
		4.2951 -85.3197 171.3233
		-124.1365 -19.6893 14.0739
		1.5297 -85.0799 12.9365
		77.9995 -19.6893 423.8613
		101.4977 -9.9719 -630.4337
		125.1984 -19.6893 167.2665
		126.6613 -19.6893 8.9149
		-129.7178 -19.6893 -326.2287
		-4.4147 -61.0317 -327.7115
		122.1645 -19.6893 -331.4119
	}
	face 738 {
		3 V(30 65 31) M(0) UV(0.86815 0.83534 0.85502 0.83539 0.85661 0.83547)
		3 V(34 62 41) M(0) UV(0.82484 0.83567 0.82032 0.83545 0.81262 0.83561)
		3 V(96 131 97) M(0) UV(0.84447 0.83533 0.85266 0.83539 0.85168 0.83547)
		3 V(100 128 107) M(0) UV(0.86766 0.83568 0.87041 0.83546 0.87407 0.83562)
		3 V(162 197 163) M(0) UV(0.80873 0.83532 0.81642 0.83538 0.81551 0.83546)
		3 V(166 194 173) M(0) UV(0.83053 0.83568 0.83313 0.83545 0.83657 0.83561)
		3 V(0 5 6) M(0) UV(0.87909 0.83531 0.89532 0.83523 0.87467 0.83540)
		3 V(0 6 1) M(0) UV(0.87909 0.83531 0.87467 0.83540 0.86598 0.83537)
		3 V(1 6 7) M(0) UV(0.86598 0.83537 0.87467 0.83540 0.85533 0.83550)
		3 V(1 7 2) M(0) UV(0.86598 0.83537 0.85533 0.83550 0.85407 0.83543)
		3 V(7 8 3) M(0) UV(0.85533 0.83550 0.83635 0.83562 0.83731 0.83550)
		3 V(7 3 2) M(0) UV(0.85533 0.83550 0.83731 0.83550 0.85407 0.83543)
		3 V(8 9 4) M(0) UV(0.83635 0.83562 0.82278 0.83569 0.82896 0.83554)
		3 V(8 4 3) M(0) UV(0.83635 0.83562 0.82896 0.83554 0.83731 0.83550)
		3 V(9 36 35) M(0) UV(0.82278 0.83569 0.80668 0.83564 0.82059 0.83558)
		3 V(9 35 4) M(0) UV(0.82278 0.83569 0.82059 0.83558 0.82896 0.83554)
		3 V(5 10 11) M(0) UV(0.89532 0.83523 0.90146 0.83520 0.87503 0.83539)
		3 V(5 11 6) M(0) UV(0.89532 0.83523 0.87503 0.83539 0.87467 0.83540)
		3 V(6 11 12) M(0) UV(0.87467 0.83540 0.87503 0.83539 0.85505 0.83550)
		3 V(6 12 7) M(0) UV(0.87467 0.83540 0.85505 0.83550 0.85533 0.83550)
		3 V(12 13 8) M(0) UV(0.85505 0.83550 0.83425 0.83562 0.83635 0.83562)
		3 V(12 8 7) M(0) UV(0.85505 0.83550 0.83635 0.83562 0.85533 0.83550)
		3 V(13 14 9) M(0) UV(0.83425 0.83562 0.81702 0.83572 0.82278 0.83569)
		3 V(13 9 8) M(0) UV(0.83425 0.83562 0.82278 0.83569 0.83635 0.83562)
		3 V(14 37 36) M(0) UV(0.81702 0.83572 0.79727 0.83569 0.80668 0.83564)
		3 V(14 36 9) M(0) UV(0.81702 0.83572 0.80668 0.83564 0.82278 0.83569)
		3 V(15 16 11) M(0) UV(0.89862 0.83522 0.87106 0.83541 0.87503 0.83539)
		3 V(15 11 10) M(0) UV(0.89862 0.83522 0.87503 0.83539 0.90146 0.83520)
		3 V(16 17 12) M(0) UV(0.87106 0.83541 0.85451 0.83550 0.85505 0.83550)
		3 V(16 12 11) M(0) UV(0.87106 0.83541 0.85505 0.83550 0.87503 0.83539)
		3 V(17 18 13) M(0) UV(0.85451 0.83550 0.83354 0.83563 0.83425 0.83562)
		3 V(17 13 12) M(0) UV(0.85451 0.83550 0.83425 0.83562 0.85505 0.83550)
		3 V(18 19 14) M(0) UV(0.83354 0.83563 0.81508 0.83570 0.81702 0.83572)
		3 V(18 14 13) M(0) UV(0.83354 0.83563 0.81702 0.83572 0.83425 0.83562)
		3 V(19 38 37) M(0) UV(0.81508 0.83570 0.79512 0.83570 0.79727 0.83569)
		3 V(19 37 14) M(0) UV(0.81508 0.83570 0.79727 0.83569 0.81702 0.83572)
		3 V(20 21 16) M(0) UV(0.88421 0.83528 0.85768 0.83547 0.87106 0.83541)
		3 V(20 16 15) M(0) UV(0.88421 0.83528 0.87106 0.83541 0.89862 0.83522)
		3 V(21 22 17) M(0) UV(0.85768 0.83547 0.85011 0.83552 0.85451 0.83550)
		3 V(21 17 16) M(0) UV(0.85768 0.83547 0.85451 0.83550 0.87106 0.83541)
		3 V(22 23 18) M(0) UV(0.85011 0.83552 0.83324 0.83562 0.83354 0.83563)
		3 V(22 18 17) M(0) UV(0.85011 0.83552 0.83354 0.83563 0.85451 0.83550)
		3 V(18 23 24) M(0) UV(0.83354 0.83563 0.83324 0.83562 0.81775 0.83571)
		3 V(18 24 19) M(0) UV(0.83354 0.83563 0.81775 0.83571 0.81508 0.83570)
		3 V(19 24 39) M(0) UV(0.81508 0.83570 0.81775 0.83571 0.79689 0.83569)
		3 V(19 39 38) M(0) UV(0.81508 0.83570 0.79689 0.83569 0.79512 0.83570)
		3 V(25 26 21) M(0) UV(0.87599 0.83532 0.85391 0.83549 0.85768 0.83547)
		3 V(25 21 20) M(0) UV(0.87599 0.83532 0.85768 0.83547 0.88421 0.83528)
		3 V(26 27 22) M(0) UV(0.85391 0.83549 0.84753 0.83553 0.85011 0.83552)
		3 V(26 22 21) M(0) UV(0.85391 0.83549 0.85011 0.83552 0.85768 0.83547)
		3 V(27 28 23) M(0) UV(0.84753 0.83553 0.83429 0.83562 0.83324 0.83562)
		3 V(27 23 22) M(0) UV(0.84753 0.83553 0.83324 0.83562 0.85011 0.83552)
		3 V(23 28 29) M(0) UV(0.83324 0.83562 0.83429 0.83562 0.82305 0.83568)
		3 V(23 29 24) M(0) UV(0.83324 0.83562 0.82305 0.83568 0.81775 0.83571)
		3 V(24 29 40) M(0) UV(0.81775 0.83571 0.82305 0.83568 0.80441 0.83565)
		3 V(24 40 39) M(0) UV(0.81775 0.83571 0.80441 0.83565 0.79689 0.83569)
		3 V(30 31 26) M(0) UV(0.86815 0.83534 0.85661 0.83547 0.85391 0.83549)
		3 V(30 26 25) M(0) UV(0.86815 0.83534 0.85391 0.83549 0.87599 0.83532)
		3 V(26 31 32) M(0) UV(0.85391 0.83549 0.85661 0.83547 0.84699 0.83553)
		3 V(26 32 27) M(0) UV(0.85391 0.83549 0.84699 0.83553 0.84753 0.83553)
		3 V(27 32 33) M(0) UV(0.84753 0.83553 0.84699 0.83553 0.83453 0.83561)
		3 V(27 33 28) M(0) UV(0.84753 0.83553 0.83453 0.83561 0.83429 0.83562)
		3 V(28 33 34) M(0) UV(0.83429 0.83562 0.83453 0.83561 0.82484 0.83567)
		3 V(28 34 29) M(0) UV(0.83429 0.83562 0.82484 0.83567 0.82305 0.83568)
		3 V(29 34 41) M(0) UV(0.82305 0.83568 0.82484 0.83567 0.81262 0.83561)
		3 V(29 41 40) M(0) UV(0.82305 0.83568 0.81262 0.83561 0.80441 0.83565)
		3 V(35 36 42) M(0) UV(0.82059 0.83558 0.80668 0.83564 0.81827 0.83547)
		3 V(35 42 4) M(0) UV(0.82059 0.83558 0.81827 0.83547 0.82896 0.83554)
		3 V(4 42 43) M(0) UV(0.82896 0.83554 0.81827 0.83547 0.83332 0.83546)
		3 V(4 43 3) M(0) UV(0.82896 0.83554 0.83332 0.83546 0.83731 0.83550)
		3 V(3 43 44) M(0) UV(0.83731 0.83550 0.83332 0.83546 0.85338 0.83540)
		3 V(3 44 2) M(0) UV(0.83731 0.83550 0.85338 0.83540 0.85407 0.83543)
		3 V(44 45 1) M(0) UV(0.85338 0.83540 0.87307 0.83532 0.86598 0.83537)
		3 V(44 1 2) M(0) UV(0.85338 0.83540 0.86598 0.83537 0.85407 0.83543)
		3 V(45 5 0) M(0) UV(0.87307 0.83532 0.89532 0.83523 0.87909 0.83531)
		3 V(45 0 1) M(0) UV(0.87307 0.83532 0.87909 0.83531 0.86598 0.83537)
		3 V(36 37 46) M(0) UV(0.80668 0.83564 0.79727 0.83569 0.81251 0.83549)
		3 V(36 46 42) M(0) UV(0.80668 0.83564 0.81251 0.83549 0.81827 0.83547)
		3 V(42 46 47) M(0) UV(0.81827 0.83547 0.81251 0.83549 0.83120 0.83547)
		3 V(42 47 43) M(0) UV(0.81827 0.83547 0.83120 0.83547 0.83332 0.83546)
		3 V(43 47 48) M(0) UV(0.83332 0.83546 0.83120 0.83547 0.85310 0.83540)
		3 V(43 48 44) M(0) UV(0.83332 0.83546 0.85310 0.83540 0.85338 0.83540)
		3 V(44 48 49) M(0) UV(0.85338 0.83540 0.85310 0.83540 0.87343 0.83532)
		3 V(44 49 45) M(0) UV(0.85338 0.83540 0.87343 0.83532 0.87307 0.83532)
		3 V(49 10 5) M(0) UV(0.87343 0.83532 0.90146 0.83520 0.89532 0.83523)
		3 V(49 5 45) M(0) UV(0.87343 0.83532 0.89532 0.83523 0.87307 0.83532)
		3 V(37 38 50) M(0) UV(0.79727 0.83569 0.79512 0.83570 0.81161 0.83553)
		3 V(37 50 46) M(0) UV(0.79727 0.83569 0.81161 0.83553 0.81251 0.83549)
		3 V(46 50 51) M(0) UV(0.81251 0.83549 0.81161 0.83553 0.83049 0.83547)
		3 V(46 51 47) M(0) UV(0.81251 0.83549 0.83049 0.83547 0.83120 0.83547)
		3 V(51 52 48) M(0) UV(0.83049 0.83547 0.85256 0.83540 0.85310 0.83540)
		3 V(51 48 47) M(0) UV(0.83049 0.83547 0.85310 0.83540 0.83120 0.83547)
		3 V(48 52 53) M(0) UV(0.85310 0.83540 0.85256 0.83540 0.86946 0.83533)
		3 V(48 53 49) M(0) UV(0.85310 0.83540 0.86946 0.83533 0.87343 0.83532)
		3 V(49 53 15) M(0) UV(0.87343 0.83532 0.86946 0.83533 0.89862 0.83522)
		3 V(49 15 10) M(0) UV(0.87343 0.83532 0.89862 0.83522 0.90146 0.83520)
		3 V(39 54 50) M(0) UV(0.79689 0.83569 0.81324 0.83549 0.81161 0.83553)
		3 V(39 50 38) M(0) UV(0.79689 0.83569 0.81161 0.83553 0.79512 0.83570)
		3 V(54 55 51) M(0) UV(0.81324 0.83549 0.83044 0.83549 0.83049 0.83547)
		3 V(54 51 50) M(0) UV(0.81324 0.83549 0.83049 0.83547 0.81161 0.83553)
		3 V(51 55 56) M(0) UV(0.83049 0.83547 0.83044 0.83549 0.84816 0.83542)
		3 V(51 56 52) M(0) UV(0.83049 0.83547 0.84816 0.83542 0.85256 0.83540)
		3 V(52 56 57) M(0) UV(0.85256 0.83540 0.84816 0.83542 0.85609 0.83539)
		3 V(52 57 53) M(0) UV(0.85256 0.83540 0.85609 0.83539 0.86946 0.83533)
		3 V(53 57 20) M(0) UV(0.86946 0.83533 0.85609 0.83539 0.88421 0.83528)
		3 V(53 20 15) M(0) UV(0.86946 0.83533 0.88421 0.83528 0.89862 0.83522)
		3 V(40 58 54) M(0) UV(0.80441 0.83565 0.81853 0.83546 0.81324 0.83549)
		3 V(40 54 39) M(0) UV(0.80441 0.83565 0.81324 0.83549 0.79689 0.83569)
		3 V(58 59 55) M(0) UV(0.81853 0.83546 0.83124 0.83547 0.83044 0.83549)
		3 V(58 55 54) M(0) UV(0.81853 0.83546 0.83044 0.83549 0.81324 0.83549)
		3 V(55 59 60) M(0) UV(0.83044 0.83549 0.83124 0.83547 0.84558 0.83543)
		3 V(55 60 56) M(0) UV(0.83044 0.83549 0.84558 0.83543 0.84816 0.83542)
		3 V(56 60 61) M(0) UV(0.84816 0.83542 0.84558 0.83543 0.85231 0.83541)
		3 V(56 61 57) M(0) UV(0.84816 0.83542 0.85231 0.83541 0.85609 0.83539)
		3 V(57 61 25) M(0) UV(0.85609 0.83539 0.85231 0.83541 0.87599 0.83532)
		3 V(57 25 20) M(0) UV(0.85609 0.83539 0.87599 0.83532 0.88421 0.83528)
		3 V(41 62 58) M(0) UV(0.81262 0.83561 0.82032 0.83545 0.81853 0.83546)
		3 V(41 58 40) M(0) UV(0.81262 0.83561 0.81853 0.83546 0.80441 0.83565)
		3 V(62 63 59) M(0) UV(0.82032 0.83545 0.83148 0.83546 0.83124 0.83547)
		3 V(62 59 58) M(0) UV(0.82032 0.83545 0.83124 0.83547 0.81853 0.83546)
		3 V(63 64 60) M(0) UV(0.83148 0.83546 0.84504 0.83543 0.84558 0.83543)
		3 V(63 60 59) M(0) UV(0.83148 0.83546 0.84558 0.83543 0.83124 0.83547)
		3 V(64 65 61) M(0) UV(0.84504 0.83543 0.85502 0.83539 0.85231 0.83541)
		3 V(64 61 60) M(0) UV(0.84504 0.83543 0.85231 0.83541 0.84558 0.83543)
		3 V(61 65 30) M(0) UV(0.85231 0.83541 0.85502 0.83539 0.86815 0.83534)
		3 V(61 30 25) M(0) UV(0.85231 0.83541 0.86815 0.83534 0.87599 0.83532)
		3 V(65 64 32) M(0) UV(0.85502 0.83539 0.84504 0.83543 0.84699 0.83553)
		3 V(65 32 31) M(0) UV(0.85502 0.83539 0.84699 0.83553 0.85661 0.83547)
		3 V(64 63 33) M(0) UV(0.84504 0.83543 0.83148 0.83546 0.83453 0.83561)
		3 V(64 33 32) M(0) UV(0.84504 0.83543 0.83453 0.83561 0.84699 0.83553)
		3 V(33 63 62) M(0) UV(0.83453 0.83561 0.83148 0.83546 0.82032 0.83545)
		3 V(33 62 34) M(0) UV(0.83453 0.83561 0.82032 0.83545 0.82484 0.83567)
		3 V(66 71 72) M(0) UV(0.93922 0.83532 0.92595 0.83524 0.93627 0.83541)
		3 V(66 72 67) M(0) UV(0.93922 0.83532 0.93627 0.83541 0.94835 0.83539)
		3 V(67 72 73) M(0) UV(0.94835 0.83539 0.93627 0.83541 0.94604 0.83552)
		3 V(67 73 68) M(0) UV(0.94835 0.83539 0.94604 0.83552 0.95562 0.83545)
		3 V(73 74 69) M(0) UV(0.94604 0.83552 0.95559 0.83564 0.96409 0.83554)
		3 V(73 69 68) M(0) UV(0.94604 0.83552 0.96409 0.83554 0.95562 0.83545)
		3 V(74 75 70) M(0) UV(0.95559 0.83564 0.96243 0.83573 0.96708 0.83558)
		3 V(74 70 69) M(0) UV(0.95559 0.83564 0.96708 0.83558 0.96409 0.83554)
		3 V(75 102 101) M(0) UV(0.96243 0.83573 0.97080 0.83569 0.96883 0.83562)
		3 V(75 101 70) M(0) UV(0.96243 0.83573 0.96883 0.83562 0.96708 0.83558)
		3 V(71 76 77) M(0) UV(0.92595 0.83524 0.90923 0.83521 0.92248 0.83541)
		3 V(71 77 72) M(0) UV(0.92595 0.83524 0.92248 0.83541 0.93627 0.83541)
		3 V(72 77 78) M(0) UV(0.93627 0.83541 0.92248 0.83541 0.93257 0.83552)
		3 V(72 78 73) M(0) UV(0.93627 0.83541 0.93257 0.83552 0.94604 0.83552)
		3 V(78 79 74) M(0) UV(0.93257 0.83552 0.94304 0.83565 0.95559 0.83564)
		3 V(78 74 73) M(0) UV(0.93257 0.83552 0.95559 0.83564 0.94604 0.83552)
		3 V(79 80 75) M(0) UV(0.94304 0.83565 0.95173 0.83575 0.96243 0.83573)
		3 V(79 75 74) M(0) UV(0.94304 0.83565 0.96243 0.83573 0.95559 0.83564)
		3 V(80 103 102) M(0) UV(0.95173 0.83575 0.96196 0.83573 0.97080 0.83569)
		3 V(80 102 75) M(0) UV(0.95173 0.83575 0.97080 0.83569 0.96243 0.83573)
		3 V(81 82 77) M(0) UV(0.89730 0.83522 0.91111 0.83542 0.92248 0.83541)
		3 V(81 77 76) M(0) UV(0.89730 0.83522 0.92248 0.83541 0.90923 0.83521)
		3 V(82 83 78) M(0) UV(0.91111 0.83542 0.91947 0.83551 0.93257 0.83552)
		3 V(82 78 77) M(0) UV(0.91111 0.83542 0.93257 0.83552 0.92248 0.83541)
		3 V(83 84 79) M(0) UV(0.91947 0.83551 0.93003 0.83565 0.94304 0.83565)
		3 V(83 79 78) M(0) UV(0.91947 0.83551 0.94304 0.83565 0.93257 0.83552)
		3 V(84 85 80) M(0) UV(0.93003 0.83565 0.93940 0.83573 0.95173 0.83575)
		3 V(84 80 79) M(0) UV(0.93003 0.83565 0.95173 0.83575 0.94304 0.83565)
		3 V(85 104 103) M(0) UV(0.93940 0.83573 0.94967 0.83573 0.96196 0.83573)
		3 V(85 103 80) M(0) UV(0.93940 0.83573 0.96196 0.83573 0.95173 0.83575)
		3 V(86 87 82) M(0) UV(0.88171 0.83528 0.89500 0.83548 0.91111 0.83542)
		3 V(86 82 81) M(0) UV(0.88171 0.83528 0.91111 0.83542 0.89730 0.83522)
		3 V(87 88 83) M(0) UV(0.89500 0.83548 0.89882 0.83553 0.91947 0.83551)
		3 V(87 83 82) M(0) UV(0.89500 0.83548 0.91947 0.83551 0.91111 0.83542)
		3 V(88 89 84) M(0) UV(0.89882 0.83553 0.90730 0.83564 0.93003 0.83565)
		3 V(88 84 83) M(0) UV(0.89882 0.83553 0.93003 0.83565 0.91947 0.83551)
		3 V(84 89 90) M(0) UV(0.93003 0.83565 0.90730 0.83564 0.91512 0.83574)
		3 V(84 90 85) M(0) UV(0.93003 0.83565 0.91512 0.83574 0.93940 0.83573)
		3 V(85 90 105) M(0) UV(0.93940 0.83573 0.91512 0.83574 0.92590 0.83572)
		3 V(85 105 104) M(0) UV(0.93940 0.83573 0.92590 0.83572 0.94967 0.83573)
		3 V(91 92 87) M(0) UV(0.86847 0.83531 0.87952 0.83549 0.89500 0.83548)
		3 V(91 87 86) M(0) UV(0.86847 0.83531 0.89500 0.83548 0.88171 0.83528)
		3 V(92 93 88) M(0) UV(0.87952 0.83549 0.88273 0.83554 0.89882 0.83553)
		3 V(92 88 87) M(0) UV(0.87952 0.83549 0.89882 0.83553 0.89500 0.83548)
		3 V(93 94 89) M(0) UV(0.88273 0.83554 0.88938 0.83563 0.90730 0.83564)
		3 V(93 89 88) M(0) UV(0.88273 0.83554 0.90730 0.83564 0.89882 0.83553)
		3 V(89 94 95) M(0) UV(0.90730 0.83564 0.88938 0.83563 0.89504 0.83570)
		3 V(89 95 90) M(0) UV(0.90730 0.83564 0.89504 0.83570 0.91512 0.83574)
		3 V(90 95 106) M(0) UV(0.91512 0.83574 0.89504 0.83570 0.90470 0.83567)
		3 V(90 106 105) M(0) UV(0.91512 0.83574 0.90470 0.83567 0.92590 0.83572)
		3 V(96 97 92) M(0) UV(0.84447 0.83533 0.85168 0.83547 0.87952 0.83549)
		3 V(96 92 91) M(0) UV(0.84447 0.83533 0.87952 0.83549 0.86847 0.83531)
		3 V(92 97 98) M(0) UV(0.87952 0.83549 0.85168 0.83547 0.85653 0.83553)
		3 V(92 98 93) M(0) UV(0.87952 0.83549 0.85653 0.83553 0.88273 0.83554)
		3 V(93 98 99) M(0) UV(0.88273 0.83554 0.85653 0.83553 0.86278 0.83562)
		3 V(93 99 94) M(0) UV(0.88273 0.83554 0.86278 0.83562 0.88938 0.83563)
		3 V(94 99 100) M(0) UV(0.88938 0.83563 0.86278 0.83562 0.86766 0.83568)
		3 V(94 100 95) M(0) UV(0.88938 0.83563 0.86766 0.83568 0.89504 0.83570)
		3 V(95 100 107) M(0) UV(0.89504 0.83570 0.86766 0.83568 0.87407 0.83562)
		3 V(95 107 106) M(0) UV(0.89504 0.83570 0.87407 0.83562 0.90470 0.83567)
		3 V(101 102 108) M(0) UV(0.96883 0.83562 0.97080 0.83569 0.96516 0.83551)
		3 V(101 108 70) M(0) UV(0.96883 0.83562 0.96516 0.83551 0.96708 0.83558)
		3 V(70 108 109) M(0) UV(0.96708 0.83558 0.96516 0.83551 0.95744 0.83549)
		3 V(70 109 69) M(0) UV(0.96708 0.83558 0.95744 0.83549 0.96409 0.83554)
		3 V(69 109 110) M(0) UV(0.96409 0.83554 0.95744 0.83549 0.94723 0.83542)
		3 V(69 110 68) M(0) UV(0.96409 0.83554 0.94723 0.83542 0.95562 0.83545)
		3 V(110 111 67) M(0) UV(0.94723 0.83542 0.93724 0.83533 0.94835 0.83539)
		3 V(110 67 68) M(0) UV(0.94723 0.83542 0.94835 0.83539 0.95562 0.83545)
		3 V(111 71 66) M(0) UV(0.93724 0.83533 0.92595 0.83524 0.93922 0.83532)
		3 V(111 66 67) M(0) UV(0.93724 0.83533 0.93922 0.83532 0.94835 0.83539)
		3 V(102 103 112) M(0) UV(0.97080 0.83569 0.96196 0.83573 0.95447 0.83553)
		3 V(102 112 108) M(0) UV(0.97080 0.83569 0.95447 0.83553 0.96516 0.83551)
		3 V(108 112 113) M(0) UV(0.96516 0.83551 0.95447 0.83553 0.94489 0.83550)
		3 V(108 113 109) M(0) UV(0.96516 0.83551 0.94489 0.83550 0.95744 0.83549)
		3 V(109 113 114) M(0) UV(0.95744 0.83549 0.94489 0.83550 0.93375 0.83542)
		3 V(109 114 110) M(0) UV(0.95744 0.83549 0.93375 0.83542 0.94723 0.83542)
		3 V(114 115 111) M(0) UV(0.93375 0.83542 0.92345 0.83533 0.93724 0.83533)
		3 V(114 111 110) M(0) UV(0.93375 0.83542 0.93724 0.83533 0.94723 0.83542)
		3 V(115 76 71) M(0) UV(0.92345 0.83533 0.90923 0.83521 0.92595 0.83524)
		3 V(115 71 111) M(0) UV(0.92345 0.83533 0.92595 0.83524 0.93724 0.83533)
		3 V(103 104 116) M(0) UV(0.96196 0.83573 0.94967 0.83573 0.94151 0.83556)
		3 V(103 116 112) M(0) UV(0.96196 0.83573 0.94151 0.83556 0.95447 0.83553)
		3 V(112 116 117) M(0) UV(0.95447 0.83553 0.94151 0.83556 0.93187 0.83550)
		3 V(112 117 113) M(0) UV(0.95447 0.83553 0.93187 0.83550 0.94489 0.83550)
		3 V(117 118 114) M(0) UV(0.93187 0.83550 0.92065 0.83542 0.93375 0.83542)
		3 V(117 114 113) M(0) UV(0.93187 0.83550 0.93375 0.83542 0.94489 0.83550)
		3 V(114 118 119) M(0) UV(0.93375 0.83542 0.92065 0.83542 0.91208 0.83534)
		3 V(114 119 115) M(0) UV(0.93375 0.83542 0.91208 0.83534 0.92345 0.83533)
		3 V(115 119 81) M(0) UV(0.92345 0.83533 0.91208 0.83534 0.89730 0.83522)
		3 V(115 81 76) M(0) UV(0.92345 0.83533 0.89730 0.83522 0.90923 0.83521)
		3 V(105 120 116) M(0) UV(0.92590 0.83572 0.91785 0.83551 0.94151 0.83556)
		3 V(105 116 104) M(0) UV(0.92590 0.83572 0.94151 0.83556 0.94967 0.83573)
		3 V(120 121 117) M(0) UV(0.91785 0.83551 0.90900 0.83551 0.93187 0.83550)
		3 V(120 117 116) M(0) UV(0.91785 0.83551 0.93187 0.83550 0.94151 0.83556)
		3 V(117 121 122) M(0) UV(0.93187 0.83550 0.90900 0.83551 0.90000 0.83543)
		3 V(117 122 118) M(0) UV(0.93187 0.83550 0.90000 0.83543 0.92065 0.83542)
		3 V(118 122 123) M(0) UV(0.92065 0.83542 0.90000 0.83543 0.89597 0.83540)
		3 V(118 123 119) M(0) UV(0.92065 0.83542 0.89597 0.83540 0.91208 0.83534)
		3 V(119 123 86) M(0) UV(0.91208 0.83534 0.89597 0.83540 0.88171 0.83528)
		3 V(119 86 81) M(0) UV(0.91208 0.83534 0.88171 0.83528 0.89730 0.83522)
		3 V(106 124 120) M(0) UV(0.90470 0.83567 0.89777 0.83548 0.91785 0.83551)
		3 V(106 120 105) M(0) UV(0.90470 0.83567 0.91785 0.83551 0.92590 0.83572)
		3 V(124 125 121) M(0) UV(0.89777 0.83548 0.89122 0.83548 0.90900 0.83551)
		3 V(124 121 120) M(0) UV(0.89777 0.83548 0.90900 0.83551 0.91785 0.83551)
		3 V(121 125 126) M(0) UV(0.90900 0.83551 0.89122 0.83548 0.88391 0.83544)
		3 V(121 126 122) M(0) UV(0.90900 0.83551 0.88391 0.83544 0.90000 0.83543)
		3 V(122 126 127) M(0) UV(0.90000 0.83543 0.88391 0.83544 0.88048 0.83542)
		3 V(122 127 123) M(0) UV(0.90000 0.83543 0.88048 0.83542 0.89597 0.83540)
		3 V(123 127 91) M(0) UV(0.89597 0.83540 0.88048 0.83542 0.86847 0.83531)
		3 V(123 91 86) M(0) UV(0.89597 0.83540 0.86847 0.83531 0.88171 0.83528)
		3 V(107 128 124) M(0) UV(0.87407 0.83562 0.87041 0.83546 0.89777 0.83548)
		3 V(107 124 106) M(0) UV(0.87407 0.83562 0.89777 0.83548 0.90470 0.83567)
		3 V(128 129 125) M(0) UV(0.87041 0.83546 0.86463 0.83547 0.89122 0.83548)
		3 V(128 125 124) M(0) UV(0.87041 0.83546 0.89122 0.83548 0.89777 0.83548)
		3 V(129 130 126) M(0) UV(0.86463 0.83547 0.85772 0.83543 0.88391 0.83544)
		3 V(129 126 125) M(0) UV(0.86463 0.83547 0.88391 0.83544 0.89122 0.83548)
		3 V(130 131 127) M(0) UV(0.85772 0.83543 0.85266 0.83539 0.88048 0.83542)
		3 V(130 127 126) M(0) UV(0.85772 0.83543 0.88048 0.83542 0.88391 0.83544)
		3 V(127 131 96) M(0) UV(0.88048 0.83542 0.85266 0.83539 0.84447 0.83533)
		3 V(127 96 91) M(0) UV(0.88048 0.83542 0.84447 0.83533 0.86847 0.83531)
		3 V(131 130 98) M(0) UV(0.85266 0.83539 0.85772 0.83543 0.85653 0.83553)
		3 V(131 98 97) M(0) UV(0.85266 0.83539 0.85653 0.83553 0.85168 0.83547)
		3 V(130 129 99) M(0) UV(0.85772 0.83543 0.86463 0.83547 0.86278 0.83562)
		3 V(130 99 98) M(0) UV(0.85772 0.83543 0.86278 0.83562 0.85653 0.83553)
		3 V(129 128 100) M(0) UV(0.86463 0.83547 0.87041 0.83546 0.86766 0.83568)
		3 V(129 100 99) M(0) UV(0.86463 0.83547 0.86766 0.83568 0.86278 0.83562)
		3 V(132 137 138) M(0) UV(0.70610 0.83527 0.70345 0.83519 0.71315 0.83536)
		3 V(132 138 133) M(0) UV(0.70610 0.83527 0.71315 0.83536 0.70986 0.83533)
		3 V(133 138 139) M(0) UV(0.70986 0.83533 0.71315 0.83536 0.72234 0.83546)
		3 V(133 139 134) M(0) UV(0.70986 0.83533 0.72234 0.83546 0.71428 0.83539)
		3 V(139 140 135) M(0) UV(0.72234 0.83546 0.73132 0.83559 0.72226 0.83547)
		3 V(139 135 134) M(0) UV(0.72234 0.83546 0.72226 0.83547 0.71428 0.83539)
		3 V(140 141 136) M(0) UV(0.73132 0.83559 0.73776 0.83567 0.72748 0.83552)
		3 V(140 136 135) M(0) UV(0.73132 0.83559 0.72748 0.83552 0.72226 0.83547)
		3 V(141 168 167) M(0) UV(0.73776 0.83567 0.74564 0.83563 0.73396 0.83556)
		3 V(141 167 136) M(0) UV(0.73776 0.83567 0.73396 0.83556 0.72748 0.83552)
		3 V(137 142 143) M(0) UV(0.70345 0.83519 0.71414 0.83516 0.72660 0.83536)
		3 V(137 143 138) M(0) UV(0.70345 0.83519 0.72660 0.83536 0.71315 0.83536)
		3 V(138 143 144) M(0) UV(0.71315 0.83536 0.72660 0.83536 0.73609 0.83547)
		3 V(138 144 139) M(0) UV(0.71315 0.83536 0.73609 0.83547 0.72234 0.83546)
		3 V(144 145 140) M(0) UV(0.73609 0.83547 0.74594 0.83560 0.73132 0.83559)
		3 V(144 140 139) M(0) UV(0.73609 0.83547 0.73132 0.83559 0.72234 0.83546)
		3 V(145 146 141) M(0) UV(0.74594 0.83560 0.75412 0.83570 0.73776 0.83567)
		3 V(145 141 140) M(0) UV(0.74594 0.83560 0.73776 0.83567 0.73132 0.83559)
		3 V(146 169 168) M(0) UV(0.75412 0.83570 0.76374 0.83568 0.74564 0.83563)
		3 V(146 168 141) M(0) UV(0.75412 0.83570 0.74564 0.83563 0.73776 0.83567)
		3 V(147 148 143) M(0) UV(0.72887 0.83517 0.74186 0.83538 0.72660 0.83536)
		3 V(147 143 142) M(0) UV(0.72887 0.83517 0.72660 0.83536 0.71414 0.83516)
		3 V(148 149 144) M(0) UV(0.74186 0.83538 0.74972 0.83547 0.73609 0.83547)
		3 V(148 144 143) M(0) UV(0.74186 0.83538 0.73609 0.83547 0.72660 0.83536)
		3 V(144 149 150) M(0) UV(0.73609 0.83547 0.74972 0.83547 0.75965 0.83561)
		3 V(144 150 145) M(0) UV(0.73609 0.83547 0.75965 0.83561 0.74594 0.83560)
		3 V(150 151 146) M(0) UV(0.75965 0.83561 0.76846 0.83569 0.75412 0.83570)
		3 V(150 146 145) M(0) UV(0.75965 0.83561 0.75412 0.83570 0.74594 0.83560)
		3 V(151 170 169) M(0) UV(0.76846 0.83569 0.77814 0.83569 0.76374 0.83568)
		3 V(151 169 146) M(0) UV(0.76846 0.83569 0.76374 0.83568 0.75412 0.83570)
		3 V(152 153 148) M(0) UV(0.75861 0.83525 0.77112 0.83545 0.74186 0.83538)
		3 V(152 148 147) M(0) UV(0.75861 0.83525 0.74186 0.83538 0.72887 0.83517)
		3 V(153 154 149) M(0) UV(0.77112 0.83545 0.77470 0.83550 0.74972 0.83547)
		3 V(153 149 148) M(0) UV(0.77112 0.83545 0.74972 0.83547 0.74186 0.83538)
		3 V(154 155 150) M(0) UV(0.77470 0.83550 0.78269 0.83561 0.75965 0.83561)
		3 V(154 150 149) M(0) UV(0.77470 0.83550 0.75965 0.83561 0.74972 0.83547)
		3 V(150 155 156) M(0) UV(0.75965 0.83561 0.78269 0.83561 0.79003 0.83570)
		3 V(150 156 151) M(0) UV(0.75965 0.83561 0.79003 0.83570 0.76846 0.83569)
		3 V(151 156 171) M(0) UV(0.76846 0.83569 0.79003 0.83570 0.80018 0.83569)
		3 V(151 171 170) M(0) UV(0.76846 0.83569 0.80018 0.83569 0.77814 0.83569)
		3 V(157 158 153) M(0) UV(0.77993 0.83529 0.79032 0.83547 0.77112 0.83545)
		3 V(157 153 152) M(0) UV(0.77993 0.83529 0.77112 0.83545 0.75861 0.83525)
		3 V(158 159 154) M(0) UV(0.79032 0.83547 0.79334 0.83551 0.77470 0.83550)
		3 V(158 154 153) M(0) UV(0.79032 0.83547 0.77470 0.83550 0.77112 0.83545)
		3 V(159 160 155) M(0) UV(0.79334 0.83551 0.79958 0.83561 0.78269 0.83561)
		3 V(159 155 154) M(0) UV(0.79334 0.83551 0.78269 0.83561 0.77470 0.83550)
		3 V(155 160 161) M(0) UV(0.78269 0.83561 0.79958 0.83561 0.80491 0.83568)
		3 V(155 161 156) M(0) UV(0.78269 0.83561 0.80491 0.83568 0.79003 0.83570)
		3 V(156 161 172) M(0) UV(0.79003 0.83570 0.80491 0.83568 0.81401 0.83565)
		3 V(156 172 171) M(0) UV(0.79003 0.83570 0.81401 0.83565 0.80018 0.83569)
		3 V(162 163 158) M(0) UV(0.80873 0.83532 0.81551 0.83546 0.79032 0.83547)
		3 V(162 158 157) M(0) UV(0.80873 0.83532 0.79032 0.83547 0.77993 0.83529)
		3 V(158 163 164) M(0) UV(0.79032 0.83547 0.81551 0.83546 0.82007 0.83552)
		3 V(158 164 159) M(0) UV(0.79032 0.83547 0.82007 0.83552 0.79334 0.83551)
		3 V(159 164 165) M(0) UV(0.79334 0.83551 0.82007 0.83552 0.82595 0.83561)
		3 V(159 165 160) M(0) UV(0.79334 0.83551 0.82595 0.83561 0.79958 0.83561)
		3 V(160 165 166) M(0) UV(0.79958 0.83561 0.82595 0.83561 0.83053 0.83568)
		3 V(160 166 161) M(0) UV(0.79958 0.83561 0.83053 0.83568 0.80491 0.83568)
		3 V(161 166 173) M(0) UV(0.80491 0.83568 0.83053 0.83568 0.83657 0.83561)
		3 V(161 173 172) M(0) UV(0.80491 0.83568 0.83657 0.83561 0.81401 0.83565)
		3 V(167 168 174) M(0) UV(0.73396 0.83556 0.74564 0.83563 0.74034 0.83545)
		3 V(167 174 136) M(0) UV(0.73396 0.83556 0.74034 0.83545 0.72748 0.83552)
		3 V(136 174 175) M(0) UV(0.72748 0.83552 0.74034 0.83545 0.73306 0.83544)
		3 V(136 175 135) M(0) UV(0.72748 0.83552 0.73306 0.83544 0.72226 0.83547)
		3 V(135 175 176) M(0) UV(0.72226 0.83547 0.73306 0.83544 0.72346 0.83537)
		3 V(135 176 134) M(0) UV(0.72226 0.83547 0.72346 0.83537 0.71428 0.83539)
		3 V(176 177 133) M(0) UV(0.72346 0.83537 0.71407 0.83528 0.70986 0.83533)
		3 V(176 133 134) M(0) UV(0.72346 0.83537 0.70986 0.83533 0.71428 0.83539)
		3 V(177 137 132) M(0) UV(0.71407 0.83528 0.70345 0.83519 0.70610 0.83527)
		3 V(177 132 133) M(0) UV(0.71407 0.83528 0.70610 0.83527 0.70986 0.83533)
		3 V(168 169 178) M(0) UV(0.74564 0.83563 0.76374 0.83568 0.75671 0.83548)
		3 V(168 178 174) M(0) UV(0.74564 0.83563 0.75671 0.83548 0.74034 0.83545)
		3 V(174 178 179) M(0) UV(0.74034 0.83545 0.75671 0.83548 0.74768 0.83545)
		3 V(174 179 175) M(0) UV(0.74034 0.83545 0.74768 0.83545 0.73306 0.83544)
		3 V(175 179 180) M(0) UV(0.73306 0.83544 0.74768 0.83545 0.73721 0.83537)
		3 V(175 180 176) M(0) UV(0.73306 0.83544 0.73721 0.83537 0.72346 0.83537)
		3 V(176 180 181) M(0) UV(0.72346 0.83537 0.73721 0.83537 0.72751 0.83528)
		3 V(176 181 177) M(0) UV(0.72346 0.83537 0.72751 0.83528 0.71407 0.83528)
		3 V(181 142 137) M(0) UV(0.72751 0.83528 0.71414 0.83516 0.70345 0.83519)
		3 V(181 137 177) M(0) UV(0.72751 0.83528 0.70345 0.83519 0.71407 0.83528)
		3 V(169 170 182) M(0) UV(0.76374 0.83568 0.77814 0.83569 0.77046 0.83551)
		3 V(169 182 178) M(0) UV(0.76374 0.83568 0.77046 0.83551 0.75671 0.83548)
		3 V(178 182 183) M(0) UV(0.75671 0.83548 0.77046 0.83551 0.76140 0.83546)
		3 V(178 183 179) M(0) UV(0.75671 0.83548 0.76140 0.83546 0.74768 0.83545)
		3 V(179 183 184) M(0) UV(0.74768 0.83545 0.76140 0.83546 0.75084 0.83538)
		3 V(179 184 180) M(0) UV(0.74768 0.83545 0.75084 0.83538 0.73721 0.83537)
		3 V(180 184 185) M(0) UV(0.73721 0.83537 0.75084 0.83538 0.74278 0.83530)
		3 V(180 185 181) M(0) UV(0.73721 0.83537 0.74278 0.83530 0.72751 0.83528)
		3 V(181 185 147) M(0) UV(0.72751 0.83528 0.74278 0.83530 0.72887 0.83517)
		3 V(181 147 142) M(0) UV(0.72751 0.83528 0.72887 0.83517 0.71414 0.83516)
		3 V(171 186 182) M(0) UV(0.80018 0.83569 0.79262 0.83548 0.77046 0.83551)
		3 V(171 182 170) M(0) UV(0.80018 0.83569 0.77046 0.83551 0.77814 0.83569)
		3 V(186 187 183) M(0) UV(0.79262 0.83548 0.78428 0.83547 0.76140 0.83546)
		3 V(186 183 182) M(0) UV(0.79262 0.83548 0.76140 0.83546 0.77046 0.83551)
		3 V(183 187 188) M(0) UV(0.76140 0.83546 0.78428 0.83547 0.77583 0.83540)
		3 V(183 188 184) M(0) UV(0.76140 0.83546 0.77583 0.83540 0.75084 0.83538)
		3 V(184 188 189) M(0) UV(0.75084 0.83538 0.77583 0.83540 0.77204 0.83537)
		3 V(184 189 185) M(0) UV(0.75084 0.83538 0.77204 0.83537 0.74278 0.83530)
		3 V(185 189 152) M(0) UV(0.74278 0.83530 0.77204 0.83537 0.75861 0.83525)
		3 V(185 152 147) M(0) UV(0.74278 0.83530 0.75861 0.83525 0.72887 0.83517)
		3 V(172 190 186) M(0) UV(0.81401 0.83565 0.80751 0.83546 0.79262 0.83548)
		3 V(172 186 171) M(0) UV(0.81401 0.83565 0.79262 0.83548 0.80018 0.83569)
		3 V(190 191 187) M(0) UV(0.80751 0.83546 0.80133 0.83546 0.78428 0.83547)
		3 V(190 187 186) M(0) UV(0.80751 0.83546 0.78428 0.83547 0.79262 0.83548)
		3 V(187 191 192) M(0) UV(0.78428 0.83547 0.80133 0.83546 0.79446 0.83542)
		3 V(187 192 188) M(0) UV(0.78428 0.83547 0.79446 0.83542 0.77583 0.83540)
		3 V(188 192 193) M(0) UV(0.77583 0.83540 0.79446 0.83542 0.79123 0.83539)
		3 V(188 193 189) M(0) UV(0.77583 0.83540 0.79123 0.83539 0.77204 0.83537)
		3 V(189 193 157) M(0) UV(0.77204 0.83537 0.79123 0.83539 0.77993 0.83529)
		3 V(189 157 152) M(0) UV(0.77204 0.83537 0.77993 0.83529 0.75861 0.83525)
		3 V(173 194 190) M(0) UV(0.83657 0.83561 0.83313 0.83545 0.80751 0.83546)
		3 V(173 190 172) M(0) UV(0.83657 0.83561 0.80751 0.83546 0.81401 0.83565)
		3 V(194 195 191) M(0) UV(0.83313 0.83545 0.82770 0.83546 0.80133 0.83546)
		3 V(194 191 190) M(0) UV(0.83313 0.83545 0.80133 0.83546 0.80751 0.83546)
		3 V(195 196 192) M(0) UV(0.82770 0.83546 0.82118 0.83542 0.79446 0.83542)
		3 V(195 192 191) M(0) UV(0.82770 0.83546 0.79446 0.83542 0.80133 0.83546)
		3 V(196 197 193) M(0) UV(0.82118 0.83542 0.81642 0.83538 0.79123 0.83539)
		3 V(196 193 192) M(0) UV(0.82118 0.83542 0.79123 0.83539 0.79446 0.83542)
		3 V(193 197 162) M(0) UV(0.79123 0.83539 0.81642 0.83538 0.80873 0.83532)
		3 V(193 162 157) M(0) UV(0.79123 0.83539 0.80873 0.83532 0.77993 0.83529)
		3 V(163 197 196) M(0) UV(0.81551 0.83546 0.81642 0.83538 0.82118 0.83542)
		3 V(163 196 164) M(0) UV(0.81551 0.83546 0.82118 0.83542 0.82007 0.83552)
		3 V(164 196 195) M(0) UV(0.82007 0.83552 0.82118 0.83542 0.82770 0.83546)
		3 V(164 195 165) M(0) UV(0.82007 0.83552 0.82770 0.83546 0.82595 0.83561)
		3 V(195 194 166) M(0) UV(0.82770 0.83546 0.83313 0.83545 0.83053 0.83568)
		3 V(195 166 165) M(0) UV(0.82770 0.83546 0.83053 0.83568 0.82595 0.83561)
		3 V(200 201 199) M(0) UV(0.77415 0.83191 0.83688 0.83192 0.83431 0.83404)
		3 V(200 199 198) M(0) UV(0.77415 0.83191 0.83431 0.83404 0.77157 0.83402)
		3 V(198 199 201) M(0) UV(0.77157 0.83402 0.83431 0.83404 0.83688 0.83192)
		3 V(198 201 200) M(0) UV(0.77157 0.83402 0.83688 0.83192 0.77415 0.83191)
		3 V(204 205 203) M(0) UV(0.87391 0.83193 0.92720 0.83195 0.92462 0.83406)
		3 V(204 203 202) M(0) UV(0.87391 0.83193 0.92462 0.83406 0.87133 0.83405)
		3 V(202 203 205) M(0) UV(0.87133 0.83405 0.92462 0.83406 0.92720 0.83195)
		3 V(202 205 204) M(0) UV(0.87133 0.83405 0.92720 0.83195 0.87391 0.83193)
		3 V(228 209 212) M(0) UV(0.31824 0.63290 0.31798 0.63290 0.31823 0.64368)
		3 V(228 212 232) M(0) UV(0.31824 0.63290 0.31823 0.64368 0.31888 0.63290)
		3 V(214 215 211) M(0) UV(0.10652 0.60903 0.07245 0.60866 0.07970 0.63839)
		3 V(214 211 208) M(0) UV(0.10652 0.60903 0.07970 0.63839 0.10653 0.63705)
		3 V(207 210 215) M(0) UV(0.10826 0.60789 0.06816 0.60552 0.07245 0.60866)
		3 V(207 215 214) M(0) UV(0.10826 0.60789 0.07245 0.60866 0.10652 0.60903)
		3 V(207 214 218) M(0) UV(0.10826 0.60789 0.10652 0.60903 0.15817 0.60931)
		3 V(207 218 216) M(0) UV(0.10826 0.60789 0.15817 0.60931 0.15817 0.58996)
		3 V(214 208 217) M(0) UV(0.10652 0.60903 0.10653 0.63705 0.15818 0.63705)
		3 V(214 217 218) M(0) UV(0.10652 0.60903 0.15818 0.63705 0.15817 0.60931)
		3 V(216 218 220) M(0) UV(0.15817 0.58996 0.15817 0.60931 0.18986 0.60939)
		3 V(216 220 219) M(0) UV(0.15817 0.58996 0.18986 0.60939 0.18986 0.58996)
		3 V(218 217 221) M(0) UV(0.15817 0.60931 0.15818 0.63705 0.18985 0.63705)
		3 V(218 221 220) M(0) UV(0.15817 0.60931 0.18985 0.63705 0.18986 0.60939)
		3 V(223 210 207) M(0) UV(0.06921 0.58437 0.06816 0.60552 0.10826 0.60789)
		3 V(223 207 222) M(0) UV(0.06921 0.58437 0.10826 0.60789 0.10947 0.59224)
		3 V(222 207 216) M(0) UV(0.10947 0.59224 0.10826 0.60789 0.15817 0.58996)
		3 V(222 216 224) M(0) UV(0.10947 0.59224 0.15817 0.58996 0.16027 0.59310)
		3 V(216 219 225) M(0) UV(0.15817 0.58996 0.18986 0.58996 0.17642 0.59307)
		3 V(216 225 224) M(0) UV(0.15817 0.58996 0.17642 0.59307 0.16027 0.59310)
		3 V(206 213 227) M(0) UV(0.31800 0.58996 0.31800 0.60973 0.31825 0.60973)
		3 V(206 227 226) M(0) UV(0.31800 0.58996 0.31825 0.60973 0.31825 0.58996)
		3 V(227 213 209) M(0) UV(0.31825 0.60973 0.31800 0.60973 0.31798 0.63290)
		3 V(227 209 228) M(0) UV(0.31825 0.60973 0.31798 0.63290 0.31824 0.63290)
		3 V(234 231 211) M(0) UV(0.10808 0.60903 0.10782 0.63705 0.07970 0.63839)
		3 V(234 211 215) M(0) UV(0.10808 0.60903 0.07970 0.63839 0.07245 0.60866)
		3 V(215 210 230) M(0) UV(0.07245 0.60866 0.06816 0.60552 0.10982 0.60789)
		3 V(215 230 234) M(0) UV(0.07245 0.60866 0.10982 0.60789 0.10808 0.60903)
		3 V(237 234 230) M(0) UV(0.15934 0.60931 0.10808 0.60903 0.10982 0.60789)
		3 V(237 230 235) M(0) UV(0.15934 0.60931 0.10982 0.60789 0.15934 0.58996)
		3 V(236 231 234) M(0) UV(0.15918 0.63705 0.10782 0.63705 0.10808 0.60903)
		3 V(236 234 237) M(0) UV(0.15918 0.63705 0.10808 0.60903 0.15934 0.60931)
		3 V(238 239 237) M(0) UV(0.19103 0.58996 0.19103 0.60939 0.15934 0.60931)
		3 V(238 237 235) M(0) UV(0.19103 0.58996 0.15934 0.60931 0.15934 0.58996)
		3 V(240 236 237) M(0) UV(0.19089 0.63705 0.15918 0.63705 0.15934 0.60931)
		3 V(240 237 239) M(0) UV(0.19089 0.63705 0.15934 0.60931 0.19103 0.60939)
		3 V(223 241 230) M(0) UV(0.06921 0.58437 0.11103 0.59224 0.10982 0.60789)
		3 V(223 230 210) M(0) UV(0.06921 0.58437 0.10982 0.60789 0.06816 0.60552)
		3 V(241 242 235) M(0) UV(0.11103 0.59224 0.16143 0.59310 0.15934 0.58996)
		3 V(241 235 230) M(0) UV(0.11103 0.59224 0.15934 0.58996 0.10982 0.60789)
		3 V(243 238 235) M(0) UV(0.17758 0.59307 0.19103 0.58996 0.15934 0.58996)
		3 V(243 235 242) M(0) UV(0.17758 0.59307 0.15934 0.58996 0.16143 0.59310)
		3 V(227 233 229) M(0) UV(0.31825 0.60973 0.31901 0.60973 0.31901 0.58996)
		3 V(227 229 226) M(0) UV(0.31825 0.60973 0.31901 0.58996 0.31825 0.58996)
		3 V(227 228 232) M(0) UV(0.31825 0.60973 0.31824 0.63290 0.31888 0.63290)
		3 V(227 232 233) M(0) UV(0.31825 0.60973 0.31888 0.63290 0.31901 0.60973)
		3 V(245 213 206) M(0) UV(0.25799 0.60963 0.31800 0.60973 0.31800 0.58996)
		3 V(245 206 244) M(0) UV(0.25799 0.60963 0.31800 0.58996 0.25799 0.58996)
		3 V(219 220 245) M(0) UV(0.18986 0.58996 0.18986 0.60939 0.25799 0.60963)
		3 V(219 245 244) M(0) UV(0.18986 0.58996 0.25799 0.60963 0.25799 0.58996)
		3 V(245 246 209) M(0) UV(0.25799 0.60963 0.25798 0.63705 0.31798 0.63290)
		3 V(245 209 213) M(0) UV(0.25799 0.60963 0.31798 0.63290 0.31800 0.60973)
		3 V(220 221 246) M(0) UV(0.18986 0.60939 0.18985 0.63705 0.25798 0.63705)
		3 V(220 246 245) M(0) UV(0.18986 0.60939 0.25798 0.63705 0.25799 0.60963)
		3 V(247 248 239) M(0) UV(0.25916 0.58996 0.25916 0.60963 0.19103 0.60939)
		3 V(247 239 238) M(0) UV(0.25916 0.58996 0.19103 0.60939 0.19103 0.58996)
		3 V(229 233 248) M(0) UV(0.31901 0.58996 0.31901 0.60973 0.25916 0.60963)
		3 V(229 248 247) M(0) UV(0.31901 0.58996 0.25916 0.60963 0.25916 0.58996)
		3 V(249 240 239) M(0) UV(0.25902 0.63705 0.19089 0.63705 0.19103 0.60939)
		3 V(249 239 248) M(0) UV(0.25902 0.63705 0.19103 0.60939 0.25916 0.60963)
		3 V(248 233 232) M(0) UV(0.25916 0.60963 0.31901 0.60973 0.31888 0.63290)
		3 V(248 232 249) M(0) UV(0.25916 0.60963 0.31888 0.63290 0.25902 0.63705)
		3 V(250 251 252) M(0) UV(0.97749 0.82301 0.97258 0.80743 0.97254 0.81199)
		3 V(250 252 253) M(0) UV(0.97749 0.82301 0.97254 0.81199 0.97252 0.82301)
		3 V(250 253 254) M(0) UV(0.97749 0.82301 0.97252 0.82301 0.97254 0.83403)
		3 V(250 254 255) M(0) UV(0.97749 0.82301 0.97254 0.83403 0.97258 0.83859)
		3 V(250 255 256) M(0) UV(0.97749 0.82301 0.97258 0.83859 0.97262 0.83403)
		3 V(250 256 257) M(0) UV(0.97749 0.82301 0.97262 0.83403 0.97263 0.82301)
		3 V(250 257 258) M(0) UV(0.97749 0.82301 0.97263 0.82301 0.97262 0.81199)
		3 V(250 258 251) M(0) UV(0.97749 0.82301 0.97262 0.81199 0.97258 0.80743)
		3 V(315 308 307) M(0) UV(0.69544 0.77941 0.69658 0.76123 0.69665 0.75370)
		3 V(315 309 308) M(0) UV(0.69544 0.77941 0.69653 0.77941 0.69658 0.76123)
		3 V(315 310 309) M(0) UV(0.69544 0.77941 0.69653 0.79759 0.69653 0.77941)
		3 V(315 311 310) M(0) UV(0.69544 0.77941 0.69658 0.80512 0.69653 0.79759)
		3 V(315 312 311) M(0) UV(0.69544 0.77941 0.69665 0.79759 0.69658 0.80512)
		3 V(315 313 312) M(0) UV(0.69544 0.77941 0.69670 0.77941 0.69665 0.79759)
		3 V(315 314 313) M(0) UV(0.69544 0.77941 0.69670 0.76123 0.69670 0.77941)
		3 V(315 307 314) M(0) UV(0.69544 0.77941 0.69665 0.75370 0.69670 0.76123)
		3 V(259 260 252) M(0) UV(0.96792 0.80158 0.96787 0.80785 0.97254 0.81199)
		3 V(259 252 251) M(0) UV(0.96792 0.80158 0.97254 0.81199 0.97258 0.80743)
		3 V(260 261 253) M(0) UV(0.96787 0.80785 0.96785 0.82301 0.97252 0.82301)
		3 V(260 253 252) M(0) UV(0.96787 0.80785 0.97252 0.82301 0.97254 0.81199)
		3 V(253 261 262) M(0) UV(0.97252 0.82301 0.96785 0.82301 0.96787 0.83817)
		3 V(253 262 254) M(0) UV(0.97252 0.82301 0.96787 0.83817 0.97254 0.83403)
		3 V(262 263 255) M(0) UV(0.96787 0.83817 0.96792 0.84445 0.97258 0.83859)
		3 V(262 255 254) M(0) UV(0.96787 0.83817 0.97258 0.83859 0.97254 0.83403)
		3 V(255 263 264) M(0) UV(0.97258 0.83859 0.96792 0.84445 0.96798 0.83817)
		3 V(255 264 256) M(0) UV(0.97258 0.83859 0.96798 0.83817 0.97262 0.83403)
		3 V(256 264 265) M(0) UV(0.97262 0.83403 0.96798 0.83817 0.96800 0.82301)
		3 V(256 265 257) M(0) UV(0.97262 0.83403 0.96800 0.82301 0.97263 0.82301)
		3 V(265 266 258) M(0) UV(0.96800 0.82301 0.96798 0.80785 0.97262 0.81199)
		3 V(265 258 257) M(0) UV(0.96800 0.82301 0.97262 0.81199 0.97263 0.82301)
		3 V(266 259 251) M(0) UV(0.96798 0.80785 0.96792 0.80158 0.97258 0.80743)
		3 V(266 251 258) M(0) UV(0.96798 0.80785 0.97258 0.80743 0.97262 0.81199)
		3 V(267 268 260) M(0) UV(0.96018 0.79577 0.96012 0.80375 0.96787 0.80785)
		3 V(267 260 259) M(0) UV(0.96018 0.79577 0.96787 0.80785 0.96792 0.80158)
		3 V(260 268 269) M(0) UV(0.96787 0.80785 0.96012 0.80375 0.96009 0.82301)
		3 V(260 269 261) M(0) UV(0.96787 0.80785 0.96009 0.82301 0.96785 0.82301)
		3 V(269 270 262) M(0) UV(0.96009 0.82301 0.96012 0.84227 0.96787 0.83817)
		3 V(269 262 261) M(0) UV(0.96009 0.82301 0.96787 0.83817 0.96785 0.82301)
		3 V(262 270 271) M(0) UV(0.96787 0.83817 0.96012 0.84227 0.96018 0.85025)
		3 V(262 271 263) M(0) UV(0.96787 0.83817 0.96018 0.85025 0.96792 0.84445)
		3 V(271 272 264) M(0) UV(0.96018 0.85025 0.96025 0.84227 0.96798 0.83817)
		3 V(271 264 263) M(0) UV(0.96018 0.85025 0.96798 0.83817 0.96792 0.84445)
		3 V(272 273 265) M(0) UV(0.96025 0.84227 0.96028 0.82301 0.96800 0.82301)
		3 V(272 265 264) M(0) UV(0.96025 0.84227 0.96800 0.82301 0.96798 0.83817)
		3 V(273 274 266) M(0) UV(0.96028 0.82301 0.96025 0.80375 0.96798 0.80785)
		3 V(273 266 265) M(0) UV(0.96028 0.82301 0.96798 0.80785 0.96800 0.82301)
		3 V(274 267 259) M(0) UV(0.96025 0.80375 0.96018 0.79577 0.96792 0.80158)
		3 V(274 259 266) M(0) UV(0.96025 0.80375 0.96792 0.80158 0.96798 0.80785)
		3 V(275 276 268) M(0) UV(0.95340 0.79185 0.95333 0.80098 0.96012 0.80375)
		3 V(275 268 267) M(0) UV(0.95340 0.79185 0.96012 0.80375 0.96018 0.79577)
		3 V(276 277 269) M(0) UV(0.95333 0.80098 0.95330 0.82301 0.96009 0.82301)
		3 V(276 269 268) M(0) UV(0.95333 0.80098 0.96009 0.82301 0.96012 0.80375)
		3 V(277 278 270) M(0) UV(0.95330 0.82301 0.95333 0.84505 0.96012 0.84227)
		3 V(277 270 269) M(0) UV(0.95330 0.82301 0.96012 0.84227 0.96009 0.82301)
		3 V(278 279 271) M(0) UV(0.95333 0.84505 0.95340 0.85418 0.96018 0.85025)
		3 V(278 271 270) M(0) UV(0.95333 0.84505 0.96018 0.85025 0.96012 0.84227)
		3 V(279 280 272) M(0) UV(0.95340 0.85418 0.95348 0.84505 0.96025 0.84227)
		3 V(279 272 271) M(0) UV(0.95340 0.85418 0.96025 0.84227 0.96018 0.85025)
		3 V(280 281 273) M(0) UV(0.95348 0.84505 0.95351 0.82301 0.96028 0.82301)
		3 V(280 273 272) M(0) UV(0.95348 0.84505 0.96028 0.82301 0.96025 0.84227)
		3 V(281 282 274) M(0) UV(0.95351 0.82301 0.95348 0.80098 0.96025 0.80375)
		3 V(281 274 273) M(0) UV(0.95351 0.82301 0.96025 0.80375 0.96028 0.82301)
		3 V(282 275 267) M(0) UV(0.95348 0.80098 0.95340 0.79185 0.96018 0.79577)
		3 V(282 267 274) M(0) UV(0.95348 0.80098 0.96018 0.79577 0.96025 0.80375)
		3 V(283 284 276) M(0) UV(0.92628 0.78723 0.92621 0.79635 0.95333 0.80098)
		3 V(283 276 275) M(0) UV(0.92628 0.78723 0.95333 0.80098 0.95340 0.79185)
		3 V(285 277 276) M(0) UV(0.92618 0.81839 0.95330 0.82301 0.95333 0.80098)
		3 V(285 276 284) M(0) UV(0.92618 0.81839 0.95333 0.80098 0.92621 0.79635)
		3 V(286 278 277) M(0) UV(0.92621 0.84044 0.95333 0.84505 0.95330 0.82301)
		3 V(286 277 285) M(0) UV(0.92621 0.84044 0.95330 0.82301 0.92618 0.81839)
		3 V(286 287 279) M(0) UV(0.92621 0.84044 0.92628 0.84959 0.95340 0.85418)
		3 V(286 279 278) M(0) UV(0.92621 0.84044 0.95340 0.85418 0.95333 0.84505)
		3 V(288 280 279) M(0) UV(0.92636 0.84048 0.95348 0.84505 0.95340 0.85418)
		3 V(288 279 287) M(0) UV(0.92636 0.84048 0.95340 0.85418 0.92628 0.84959)
		3 V(289 281 280) M(0) UV(0.92639 0.81843 0.95351 0.82301 0.95348 0.84505)
		3 V(289 280 288) M(0) UV(0.92639 0.81843 0.95348 0.84505 0.92636 0.84048)
		3 V(290 282 281) M(0) UV(0.92636 0.79638 0.95348 0.80098 0.95351 0.82301)
		3 V(290 281 289) M(0) UV(0.92636 0.79638 0.95351 0.82301 0.92639 0.81843)
		3 V(283 275 282) M(0) UV(0.92628 0.78723 0.95340 0.79185 0.95348 0.80098)
		3 V(283 282 290) M(0) UV(0.92628 0.78723 0.95348 0.80098 0.92636 0.79638)
		3 V(292 284 283) M(0) UV(0.92415 0.81002 0.92621 0.79635 0.92628 0.78723)
		3 V(292 283 291) M(0) UV(0.92415 0.81002 0.92628 0.78723 0.92418 0.80675)
		3 V(293 285 284) M(0) UV(0.92414 0.81795 0.92618 0.81839 0.92621 0.79635)
		3 V(293 284 292) M(0) UV(0.92414 0.81795 0.92621 0.79635 0.92415 0.81002)
		3 V(286 285 293) M(0) UV(0.92621 0.84044 0.92618 0.81839 0.92414 0.81795)
		3 V(286 293 294) M(0) UV(0.92621 0.84044 0.92414 0.81795 0.92415 0.82589)
		3 V(287 286 294) M(0) UV(0.92628 0.84959 0.92621 0.84044 0.92415 0.82589)
		3 V(287 294 295) M(0) UV(0.92628 0.84959 0.92415 0.82589 0.92418 0.82919)
		3 V(288 287 295) M(0) UV(0.92636 0.84048 0.92628 0.84959 0.92418 0.82919)
		3 V(288 295 296) M(0) UV(0.92636 0.84048 0.92418 0.82919 0.92420 0.82591)
		3 V(289 288 296) M(0) UV(0.92639 0.81843 0.92636 0.84048 0.92420 0.82591)
		3 V(289 296 297) M(0) UV(0.92639 0.81843 0.92420 0.82591 0.92421 0.81799)
		3 V(290 289 297) M(0) UV(0.92636 0.79638 0.92639 0.81843 0.92421 0.81799)
		3 V(290 297 298) M(0) UV(0.92636 0.79638 0.92421 0.81799 0.92420 0.81005)
		3 V(283 290 298) M(0) UV(0.92628 0.78723 0.92636 0.79638 0.92420 0.81005)
		3 V(283 298 291) M(0) UV(0.92628 0.78723 0.92420 0.81005 0.92418 0.80675)
		3 V(299 300 292) M(0) UV(0.89165 0.79682 0.89162 0.80008 0.92415 0.81002)
		3 V(299 292 291) M(0) UV(0.89165 0.79682 0.92415 0.81002 0.92418 0.80675)
		3 V(301 293 292) M(0) UV(0.89161 0.80799 0.92414 0.81795 0.92415 0.81002)
		3 V(301 292 300) M(0) UV(0.89161 0.80799 0.92415 0.81002 0.89162 0.80008)
		3 V(302 294 293) M(0) UV(0.89162 0.81591 0.92415 0.82589 0.92414 0.81795)
		3 V(302 293 301) M(0) UV(0.89162 0.81591 0.92414 0.81795 0.89161 0.80799)
		3 V(303 295 294) M(0) UV(0.89165 0.81920 0.92418 0.82919 0.92415 0.82589)
		3 V(303 294 302) M(0) UV(0.89165 0.81920 0.92415 0.82589 0.89162 0.81591)
		3 V(304 296 295) M(0) UV(0.89167 0.81593 0.92420 0.82591 0.92418 0.82919)
		3 V(304 295 303) M(0) UV(0.89167 0.81593 0.92418 0.82919 0.89165 0.81920)
		3 V(305 297 296) M(0) UV(0.89169 0.80802 0.92421 0.81799 0.92420 0.82591)
		3 V(305 296 304) M(0) UV(0.89169 0.80802 0.92420 0.82591 0.89167 0.81593)
		3 V(306 298 297) M(0) UV(0.89167 0.80011 0.92420 0.81005 0.92421 0.81799)
		3 V(306 297 305) M(0) UV(0.89167 0.80011 0.92421 0.81799 0.89169 0.80802)
		3 V(299 291 298) M(0) UV(0.89165 0.79682 0.92418 0.80675 0.92420 0.81005)
		3 V(299 298 306) M(0) UV(0.89165 0.79682 0.92420 0.81005 0.89167 0.80011)
		3 V(317 300 299) M(0) UV(0.88792 0.78462 0.89162 0.80008 0.89165 0.79682)
		3 V(317 299 316) M(0) UV(0.88792 0.78462 0.89165 0.79682 0.88802 0.77551)
		3 V(307 308 317) M(0) UV(0.69665 0.75370 0.69658 0.76123 0.88792 0.78462)
		3 V(307 317 316) M(0) UV(0.69665 0.75370 0.88792 0.78462 0.88802 0.77551)
		3 V(318 301 300) M(0) UV(0.88784 0.80667 0.89161 0.80799 0.89162 0.80008)
		3 V(318 300 317) M(0) UV(0.88784 0.80667 0.89162 0.80008 0.88792 0.78462)
		3 V(308 309 318) M(0) UV(0.69658 0.76123 0.69653 0.77941 0.88784 0.80667)
		3 V(308 318 317) M(0) UV(0.69658 0.76123 0.88784 0.80667 0.88792 0.78462)
		3 V(319 302 301) M(0) UV(0.88782 0.82874 0.89162 0.81591 0.89161 0.80799)
		3 V(319 301 318) M(0) UV(0.88782 0.82874 0.89161 0.80799 0.88784 0.80667)
		3 V(309 310 319) M(0) UV(0.69653 0.77941 0.69653 0.79759 0.88782 0.82874)
		3 V(309 319 318) M(0) UV(0.69653 0.77941 0.88782 0.82874 0.88784 0.80667)
		3 V(320 303 302) M(0) UV(0.88788 0.83789 0.89165 0.81920 0.89162 0.81591)
		3 V(320 302 319) M(0) UV(0.88788 0.83789 0.89162 0.81591 0.88782 0.82874)
		3 V(310 311 320) M(0) UV(0.69653 0.79759 0.69658 0.80512 0.88788 0.83789)
		3 V(310 320 319) M(0) UV(0.69653 0.79759 0.88788 0.83789 0.88782 0.82874)
		3 V(320 321 304) M(0) UV(0.88788 0.83789 0.88798 0.82878 0.89167 0.81593)
		3 V(320 304 303) M(0) UV(0.88788 0.83789 0.89167 0.81593 0.89165 0.81920)
		3 V(311 312 321) M(0) UV(0.69658 0.80512 0.69665 0.79759 0.88798 0.82878)
		3 V(311 321 320) M(0) UV(0.69658 0.80512 0.88798 0.82878 0.88788 0.83789)
		3 V(321 322 305) M(0) UV(0.88798 0.82878 0.88806 0.80673 0.89169 0.80802)
		3 V(321 305 304) M(0) UV(0.88798 0.82878 0.89169 0.80802 0.89167 0.81593)
		3 V(312 313 322) M(0) UV(0.69665 0.79759 0.69670 0.77941 0.88806 0.80673)
		3 V(312 322 321) M(0) UV(0.69665 0.79759 0.88806 0.80673 0.88798 0.82878)
		3 V(322 323 306) M(0) UV(0.88806 0.80673 0.88807 0.78466 0.89167 0.80011)
		3 V(322 306 305) M(0) UV(0.88806 0.80673 0.89167 0.80011 0.89169 0.80802)
		3 V(313 314 323) M(0) UV(0.69670 0.77941 0.69670 0.76123 0.88807 0.78466)
		3 V(313 323 322) M(0) UV(0.69670 0.77941 0.88807 0.78466 0.88806 0.80673)
		3 V(323 316 299) M(0) UV(0.88807 0.78466 0.88802 0.77551 0.89165 0.79682)
		3 V(323 299 306) M(0) UV(0.88807 0.78466 0.89165 0.79682 0.89167 0.80011)
		3 V(314 307 316) M(0) UV(0.69670 0.76123 0.69665 0.75370 0.88802 0.77551)
		3 V(314 316 323) M(0) UV(0.69670 0.76123 0.88802 0.77551 0.88807 0.78466)
		3 V(327 330 325) M(0) UV(0.97625 0.06835 0.66139 0.34040 0.66636 0.06835)
		3 V(328 326 324) M(0) UV(0.66196 0.34102 0.66694 0.06896 0.97686 0.06896)
		3 V(328 324 329) M(0) UV(0.66196 0.34102 0.97686 0.06896 0.97188 0.34102)
		3 V(333 331 332) M(0) UV(0.06417 0.26897 0.06353 0.01364 0.37234 0.00979)
		3 V(333 332 334) M(0) UV(0.06417 0.26897 0.37234 0.00979 0.37291 0.26512)
		3 V(332 331 333) M(0) UV(0.06510 0.01364 0.37391 0.00979 0.37327 0.26512)
		3 V(334 332 333) M(0) UV(0.06453 0.26897 0.06510 0.01364 0.37327 0.26512)
		3 V(327 335 330) M(0) UV(0.97625 0.06835 0.97128 0.34040 0.66139 0.34040)
		3 V(338 339 337) M(0) UV(0.79419 0.45216 0.79352 0.45216 0.96534 0.45216)
		3 V(338 337 336) M(0) UV(0.79419 0.45216 0.96534 0.45216 0.96602 0.45216)
		3 V(340 341 339) M(0) UV(0.79419 0.61042 0.79352 0.61042 0.79352 0.45216)
		3 V(340 339 338) M(0) UV(0.79419 0.61042 0.79352 0.45216 0.79419 0.45216)
		3 V(336 337 343) M(0) UV(0.96602 0.45216 0.96534 0.45216 0.96534 0.61042)
		3 V(336 343 342) M(0) UV(0.96602 0.45216 0.96534 0.61042 0.96602 0.61042)
		3 V(348 344 346) M(0) UV(0.71727 0.39781 0.70317 0.57970 0.75072 0.57970)
		3 V(348 346 350) M(0) UV(0.71727 0.39781 0.75072 0.57970 0.75072 0.39781)
		3 V(347 345 349) M(0) UV(0.75097 0.57970 0.70339 0.57970 0.71749 0.39781)
		3 V(347 349 351) M(0) UV(0.75097 0.57970 0.71749 0.39781 0.75097 0.39781)
		3 V(351 349 348) M(0) UV(0.75097 0.39781 0.71749 0.39781 0.71727 0.39781)
		3 V(351 348 350) M(0) UV(0.75097 0.39781 0.71727 0.39781 0.75072 0.39781)
		3 V(344 333 354) M(0) UV(0.70317 0.57970 0.71046 0.47984 0.64716 0.48023)
		3 V(344 354 352) M(0) UV(0.70317 0.57970 0.64716 0.48023 0.63987 0.58009)
		3 V(345 344 352) M(0) UV(0.70339 0.57970 0.70317 0.57970 0.63987 0.58009)
		3 V(345 352 353) M(0) UV(0.70339 0.57970 0.63987 0.58009 0.64008 0.58009)
		3 V(334 345 353) M(0) UV(0.71149 0.47984 0.70339 0.57970 0.64008 0.58009)
		3 V(334 353 355) M(0) UV(0.71149 0.47984 0.64008 0.58009 0.64819 0.48023)
		3 V(333 334 355) M(0) UV(0.71046 0.47984 0.71149 0.47984 0.64819 0.48023)
		3 V(333 355 354) M(0) UV(0.71046 0.47984 0.64819 0.48023 0.64716 0.48023)
		3 V(355 353 352) M(0) UV(0.64819 0.48023 0.64008 0.58009 0.63987 0.58009)
		3 V(355 352 354) M(0) UV(0.64819 0.48023 0.63987 0.58009 0.64716 0.48023)
		3 V(346 344 348) M(0) UV(0.75072 0.57970 0.70317 0.57970 0.71727 0.39781)
		3 V(350 346 348) M(0) UV(0.75072 0.39781 0.75072 0.57970 0.71727 0.39781)
		3 V(349 345 347) M(0) UV(0.71749 0.39781 0.70339 0.57970 0.75097 0.57970)
		3 V(351 349 347) M(0) UV(0.75097 0.39781 0.71749 0.39781 0.75097 0.57970)
		3 V(348 349 351) M(0) UV(0.71727 0.39781 0.71749 0.39781 0.75097 0.39781)
		3 V(350 348 351) M(0) UV(0.75072 0.39781 0.71727 0.39781 0.75097 0.39781)
		3 V(333 344 334) M(0) UV(0.71046 0.47984 0.70317 0.57970 0.71149 0.47984)
		3 V(344 345 334) M(0) UV(0.70317 0.57970 0.70339 0.57970 0.71149 0.47984)
		3 V(371 356 358) M(0) UV(0.07811 0.77449 0.06840 0.78374 0.07762 0.77535)
		3 V(357 375 362) M(0) UV(0.06840 0.96519 0.07810 0.97310 0.07762 0.97343)
		3 V(382 380 366) M(0) UV(0.29448 0.76174 0.29427 0.76220 0.31216 0.77165)
		3 V(381 383 367) M(0) UV(0.29427 0.97667 0.29447 0.97669 0.31215 0.96498)
		3 V(357 362 358) M(0) UV(0.06840 0.96519 0.07762 0.97343 0.07762 0.77535)
		3 V(357 358 356) M(0) UV(0.06840 0.96519 0.07762 0.77535 0.06840 0.78374)
		3 V(358 362 363) M(0) UV(0.07762 0.77535 0.07762 0.97343 0.08983 0.98156)
		3 V(358 363 359) M(0) UV(0.07762 0.77535 0.08983 0.98156 0.08984 0.76601)
		3 V(359 363 364) M(0) UV(0.08984 0.76601 0.08983 0.98156 0.11438 0.98680)
		3 V(359 364 360) M(0) UV(0.08984 0.76601 0.11438 0.98680 0.11439 0.75834)
		3 V(373 374 370) M(0) UV(0.11499 0.98638 0.09044 0.98114 0.09045 0.76492)
		3 V(373 370 369) M(0) UV(0.11499 0.98638 0.09045 0.76492 0.11500 0.75725)
		3 V(374 375 371) M(0) UV(0.09044 0.98114 0.07810 0.97310 0.07811 0.77449)
		3 V(374 371 370) M(0) UV(0.09044 0.98114 0.07811 0.77449 0.09045 0.76492)
		3 V(375 357 356) M(0) UV(0.07810 0.97310 0.06840 0.96519 0.06840 0.78374)
		3 V(375 356 371) M(0) UV(0.07810 0.97310 0.06840 0.78374 0.07811 0.77449)
		3 V(370 359 360) M(0) UV(0.09045 0.76492 0.08984 0.76601 0.11439 0.75834)
		3 V(370 360 369) M(0) UV(0.09045 0.76492 0.11439 0.75834 0.11500 0.75725)
		3 V(371 358 359) M(0) UV(0.07811 0.77449 0.07762 0.77535 0.08984 0.76601)
		3 V(371 359 370) M(0) UV(0.07811 0.77449 0.08984 0.76601 0.09045 0.76492)
		3 V(373 364 363) M(0) UV(0.11499 0.98638 0.11438 0.98680 0.08983 0.98156)
		3 V(373 363 374) M(0) UV(0.11499 0.98638 0.08983 0.98156 0.09044 0.98114)
		3 V(374 363 362) M(0) UV(0.09044 0.98114 0.08983 0.98156 0.07762 0.97343)
		3 V(374 362 375) M(0) UV(0.09044 0.98114 0.07762 0.97343 0.07810 0.97310)
		3 V(376 377 365) M(0) UV(0.24818 0.75588 0.24817 0.98709 0.26945 0.98293)
		3 V(376 365 361) M(0) UV(0.24818 0.75588 0.26945 0.98293 0.26946 0.75668)
		3 V(376 360 364) M(0) UV(0.24818 0.75588 0.11439 0.75834 0.11438 0.98680)
		3 V(376 364 377) M(0) UV(0.24818 0.75588 0.11438 0.98680 0.24817 0.98709)
		3 V(379 373 369) M(0) UV(0.24870 0.98694 0.11499 0.98638 0.11500 0.75725)
		3 V(379 369 378) M(0) UV(0.24870 0.98694 0.11500 0.75725 0.24871 0.75467)
		3 V(368 372 379) M(0) UV(0.26994 0.75583 0.26993 0.98260 0.24870 0.98694)
		3 V(368 379 378) M(0) UV(0.26994 0.75583 0.24870 0.98694 0.24871 0.75467)
		3 V(376 361 368) M(0) UV(0.24818 0.75588 0.26946 0.75668 0.26994 0.75583)
		3 V(376 368 378) M(0) UV(0.24818 0.75588 0.26994 0.75583 0.24871 0.75467)
		3 V(379 372 365) M(0) UV(0.24870 0.98694 0.26993 0.98260 0.26945 0.98293)
		3 V(379 365 377) M(0) UV(0.24870 0.98694 0.26945 0.98293 0.24817 0.98709)
		3 V(377 364 373) M(0) UV(0.24817 0.98709 0.11438 0.98680 0.11499 0.98638)
		3 V(377 373 379) M(0) UV(0.24817 0.98709 0.11499 0.98638 0.24870 0.98694)
		3 V(380 381 367) M(0) UV(0.29427 0.76220 0.29427 0.97667 0.31215 0.96498)
		3 V(380 367 366) M(0) UV(0.29427 0.76220 0.31215 0.96498 0.31216 0.77165)
		3 V(361 365 381) M(0) UV(0.26946 0.75668 0.26945 0.98293 0.29427 0.97667)
		3 V(361 381 380) M(0) UV(0.26946 0.75668 0.29427 0.97667 0.29427 0.76220)
		3 V(383 372 368) M(0) UV(0.29447 0.97669 0.26993 0.98260 0.26994 0.75583)
		3 V(383 368 382) M(0) UV(0.29447 0.97669 0.26994 0.75583 0.29448 0.76174)
		3 V(382 366 367) M(0) UV(0.29448 0.76174 0.31216 0.77165 0.31215 0.96498)
		3 V(382 367 383) M(0) UV(0.29448 0.76174 0.31215 0.96498 0.29447 0.97669)
		3 V(382 368 361) M(0) UV(0.29448 0.76174 0.26994 0.75583 0.26946 0.75668)
		3 V(382 361 380) M(0) UV(0.29448 0.76174 0.26946 0.75668 0.29427 0.76220)
		3 V(381 365 372) M(0) UV(0.29427 0.97667 0.26945 0.98293 0.26993 0.98260)
		3 V(381 372 383) M(0) UV(0.29427 0.97667 0.26993 0.98260 0.29447 0.97669)
		3 V(376 378 385) M(0) UV(0.24818 0.75588 0.24871 0.75467 0.14858 0.75887)
		3 V(376 385 384) M(0) UV(0.24818 0.75588 0.14858 0.75887 0.14800 0.75990)
		3 V(360 384 388) M(0) UV(0.11439 0.75834 0.14800 0.75990 0.14956 0.67284)
		3 V(360 388 386) M(0) UV(0.11439 0.75834 0.14956 0.67284 0.11595 0.67261)
		3 V(369 360 386) M(0) UV(0.11500 0.75725 0.11439 0.75834 0.11595 0.67261)
		3 V(369 386 387) M(0) UV(0.11500 0.75725 0.11595 0.67261 0.11656 0.67152)
		3 V(385 369 387) M(0) UV(0.14858 0.75887 0.11500 0.75725 0.11656 0.67152)
		3 V(385 387 389) M(0) UV(0.14858 0.75887 0.11656 0.67152 0.15013 0.67181)
		3 V(384 385 389) M(0) UV(0.14800 0.75990 0.14858 0.75887 0.15013 0.67181)
		3 V(384 389 388) M(0) UV(0.14800 0.75990 0.15013 0.67181 0.14956 0.67284)
		3 V(389 387 386) M(0) UV(0.15013 0.67181 0.11656 0.67152 0.11595 0.67261)
		3 V(389 386 388) M(0) UV(0.15013 0.67181 0.11595 0.67261 0.14956 0.67284)
		3 V(400 393 392) M(0) UV(0.19341 0.28050 0.22998 0.24545 0.07740 0.28050)
		3 V(400 403 393) M(0) UV(0.19341 0.28050 0.30652 0.28050 0.22998 0.24545)
		3 V(398 395 391) M(0) UV(0.18742 0.29114 0.01927 0.29114 0.01794 0.56157)
		3 V(398 391 397) M(0) UV(0.18742 0.29114 0.01794 0.56157 0.18585 0.56157)
		3 V(399 394 395) M(0) UV(0.18909 0.29147 0.02069 0.29147 0.01927 0.29114)
		3 V(399 395 398) M(0) UV(0.18909 0.29147 0.01927 0.29114 0.18742 0.29114)
		3 V(400 392 394) M(0) UV(0.19341 0.28050 0.07740 0.28050 0.02069 0.29147)
		3 V(400 394 399) M(0) UV(0.19341 0.28050 0.02069 0.29147 0.18909 0.29147)
		3 V(402 405 398) M(0) UV(0.35313 0.56157 0.35446 0.29114 0.18742 0.29114)
		3 V(402 398 397) M(0) UV(0.35313 0.56157 0.18742 0.29114 0.18585 0.56157)
		3 V(405 404 399) M(0) UV(0.35446 0.29114 0.35588 0.29147 0.18909 0.29147)
		3 V(405 399 398) M(0) UV(0.35446 0.29114 0.18909 0.29147 0.18742 0.29114)
		3 V(404 403 400) M(0) UV(0.35588 0.29147 0.30652 0.28050 0.19341 0.28050)
		3 V(404 400 399) M(0) UV(0.35588 0.29147 0.19341 0.28050 0.18909 0.29147)
		3 V(407 397 391) M(0) UV(0.17880 0.56157 0.18585 0.56157 0.01794 0.56157)
		3 V(407 391 406) M(0) UV(0.17880 0.56157 0.01794 0.56157 0.01197 0.56157)
		3 V(390 396 407) M(0) UV(0.02856 0.56157 0.17261 0.56157 0.17880 0.56157)
		3 V(390 407 406) M(0) UV(0.02856 0.56157 0.17880 0.56157 0.01197 0.56157)
		3 V(408 402 397) M(0) UV(0.34715 0.56157 0.35313 0.56157 0.18585 0.56157)
		3 V(408 397 407) M(0) UV(0.34715 0.56157 0.18585 0.56157 0.17880 0.56157)
		3 V(396 401 408) M(0) UV(0.17261 0.56157 0.32005 0.56157 0.34715 0.56157)
		3 V(396 408 407) M(0) UV(0.17261 0.56157 0.34715 0.56157 0.17880 0.56157)
		3 V(409 411 413) M(0) UV(0.10653 0.63705 0.07970 0.63839 0.12817 0.66426)
		3 V(418 413 411) M(0) UV(0.10782 0.63705 0.12817 0.66426 0.07970 0.63839)
		3 V(414 409 413) M(0) UV(0.15818 0.63705 0.10653 0.63705 0.12817 0.66426)
		3 V(414 413 415) M(0) UV(0.15818 0.63705 0.12817 0.66426 0.15837 0.66506)
		3 V(414 415 417) M(0) UV(0.15818 0.63705 0.15837 0.66506 0.19008 0.66495)
		3 V(414 417 416) M(0) UV(0.15818 0.63705 0.19008 0.66495 0.18985 0.63705)
		3 V(420 415 413) M(0) UV(0.15918 0.63705 0.15837 0.66506 0.12817 0.66426)
		3 V(420 413 418) M(0) UV(0.15918 0.63705 0.12817 0.66426 0.10782 0.63705)
		3 V(417 415 420) M(0) UV(0.19008 0.66495 0.15837 0.66506 0.15918 0.63705)
		3 V(417 420 421) M(0) UV(0.19008 0.66495 0.15918 0.63705 0.19089 0.63705)
		3 V(423 412 410) M(0) UV(0.25828 0.65469 0.31823 0.64368 0.31798 0.63290)
		3 V(423 410 422) M(0) UV(0.25828 0.65469 0.31798 0.63290 0.25798 0.63705)
		3 V(416 417 423) M(0) UV(0.18985 0.63705 0.19008 0.66495 0.25828 0.65469)
		3 V(416 423 422) M(0) UV(0.18985 0.63705 0.25828 0.65469 0.25798 0.63705)
		3 V(424 419 412) M(0) UV(0.25902 0.63705 0.31888 0.63290 0.31823 0.64368)
		3 V(424 412 423) M(0) UV(0.25902 0.63705 0.31823 0.64368 0.25828 0.65469)
		3 V(423 417 421) M(0) UV(0.25828 0.65469 0.19008 0.66495 0.19089 0.63705)
		3 V(423 421 424) M(0) UV(0.25828 0.65469 0.19089 0.63705 0.25902 0.63705)
	}
}
Eof
