Metasequoia Document
Format Text Ver 1.1

Scene {
	pos 6.2928 -5.2368 1500.0000
	lookat 0.0000 0.0000 0.0000
	head -13.0737
	pich 0.2508
	bank 0.0000
	ortho 0
	zoom2 5.0000
	amb 0.250 0.250 0.250
	dirlights 1 {
		light {
			dir 0.408 0.408 0.816
			color 1.000 1.000 1.000
		}
	}
}
Material 1 {
	"mat1" shader(3) col(1.000 1.000 1.000 1.000) dif(0.800) amb(0.600) emi(0.000) spc(0.000) power(5.00)
}
Object "$body" {
	depth 0
	folding 0
	scale 1.000000 1.000000 1.000000
	rotation 0.000000 0.000000 0.000000
	translation 0.000000 0.000000 0.000000
	visible 15
	locking 0
	shading 1
	facet 59.5
	color 0.898 0.498 0.698
	color_type 0
	vertex 47 {
		0.0000 -2.0777 157.3086
		0.0000 -5.2477 157.3086
		2.7453 -3.6626 157.3086
		2.7453 -0.4926 157.3086
		0.0000 1.0923 157.3086
		-2.7453 -0.4926 157.3086
		-2.7453 -3.6626 157.3086
		0.0000 -5.2477 -51.9092
		2.7453 -3.6626 -51.9092
		2.7453 -0.4926 -51.9092
		0.0000 1.0923 -51.9092
		-2.7453 -0.4926 -51.9092
		-2.7453 -3.6626 -51.9092
		0.0000 -2.0777 -51.9092
		3.4375 -2.0777 -51.0275
		4.2490 -2.0777 -50.5590
		4.2490 -2.0777 -51.4959
		2.2154 -4.6156 -51.0275
		2.7213 -5.2499 -50.5590
		2.7213 -5.2499 -51.4959
		-0.5308 -5.2424 -51.0275
		-0.7114 -6.0334 -50.5590
		-0.7114 -6.0334 -51.4959
		-2.7330 -3.4861 -51.0275
		-3.4642 -3.8382 -50.5590
		-3.4642 -3.8382 -51.4959
		-2.7330 -0.6693 -51.0275
		-3.4642 -0.3171 -50.5590
		-3.4642 -0.3171 -51.4959
		-0.5308 1.0869 -51.0275
		-0.7114 1.8782 -50.5590
		-0.7114 1.8782 -51.4959
		2.2154 0.4601 -51.0275
		2.7213 1.0947 -50.5590
		2.7213 1.0947 -51.4959
		0.0000 -31.8738 -129.2164
		17.3904 -26.2233 -129.2164
		28.1384 -11.4301 -129.2164
		28.1384 6.8553 -129.2164
		17.3904 21.6485 -129.2164
		0.0000 27.2990 -129.2164
		-17.3904 21.6485 -129.2164
		-28.1384 6.8553 -129.2164
		-28.1384 -11.4301 -129.2164
		-17.3904 -26.2233 -129.2164
		0.0000 -2.2874 -44.6838
		0.0000 -2.2874 -136.3566
	}
	face 86 {
		3 V(0 2 1) M(0) UV(0.62857 0.51149 0.63952 0.51781 0.62857 0.52413)
		3 V(0 3 2) M(0) UV(0.62857 0.51149 0.63952 0.50517 0.63952 0.51781)
		3 V(0 4 3) M(0) UV(0.62857 0.51149 0.62857 0.49885 0.63952 0.50517)
		3 V(0 5 4) M(0) UV(0.62857 0.51149 0.61762 0.50517 0.62857 0.49885)
		3 V(0 6 5) M(0) UV(0.62857 0.51149 0.61762 0.51781 0.61762 0.50517)
		3 V(0 1 6) M(0) UV(0.62857 0.51149 0.62857 0.52413 0.61762 0.51781)
		3 V(13 7 8) M(0) UV(0.35734 0.79426 0.35734 0.80690 0.34640 0.80058)
		3 V(13 8 9) M(0) UV(0.35734 0.79426 0.34640 0.80058 0.34640 0.78794)
		3 V(13 9 10) M(0) UV(0.35734 0.79426 0.34640 0.78794 0.35734 0.78162)
		3 V(13 10 11) M(0) UV(0.35734 0.79426 0.35734 0.78162 0.36829 0.78794)
		3 V(13 11 12) M(0) UV(0.35734 0.79426 0.36829 0.78794 0.36829 0.80058)
		3 V(13 12 7) M(0) UV(0.35734 0.79426 0.36829 0.80058 0.35734 0.80690)
		3 V(35 45 36) M(0) UV(0.23022 0.36047 0.23022 0.02342 0.29956 0.36047)
		3 V(36 45 37) M(0) UV(0.68345 0.21430 0.34640 0.11886 0.68345 0.15531)
		3 V(37 45 38) M(0) UV(0.68345 0.15531 0.34640 0.11886 0.68345 0.08240)
		3 V(38 45 39) M(0) UV(0.68345 0.08240 0.34640 0.11886 0.68345 0.02342)
		3 V(39 45 40) M(0) UV(0.29956 0.40731 0.23022 0.74437 0.23022 0.40731)
		3 V(40 45 41) M(0) UV(0.23022 0.40731 0.23022 0.74437 0.16088 0.40731)
		3 V(41 45 42) M(0) UV(0.34640 0.26113 0.68345 0.35657 0.34640 0.32012)
		3 V(42 45 43) M(0) UV(0.34640 0.32012 0.68345 0.35657 0.34640 0.39303)
		3 V(43 45 44) M(0) UV(0.34640 0.39303 0.68345 0.35657 0.34640 0.45201)
		3 V(44 45 35) M(0) UV(0.16088 0.36047 0.23022 0.02342 0.23022 0.36047)
		3 V(46 35 36) M(0) UV(0.45859 0.61682 0.45859 0.73479 0.38925 0.71226)
		3 V(46 36 37) M(0) UV(0.45859 0.61682 0.38925 0.71226 0.34640 0.65327)
		3 V(46 37 38) M(0) UV(0.45859 0.61682 0.34640 0.65327 0.34640 0.58036)
		3 V(46 38 39) M(0) UV(0.45859 0.61682 0.34640 0.58036 0.38925 0.52138)
		3 V(46 39 40) M(0) UV(0.45859 0.61682 0.38925 0.52138 0.45859 0.49885)
		3 V(46 40 41) M(0) UV(0.45859 0.61682 0.45859 0.49885 0.52793 0.52138)
		3 V(46 41 42) M(0) UV(0.45859 0.61682 0.52793 0.52138 0.57079 0.58036)
		3 V(46 42 43) M(0) UV(0.45859 0.61682 0.57079 0.58036 0.57079 0.65327)
		3 V(46 43 44) M(0) UV(0.45859 0.61682 0.57079 0.65327 0.52793 0.71226)
		3 V(46 44 35) M(0) UV(0.45859 0.61682 0.52793 0.71226 0.45859 0.73479)
		3 V(2 8 7) M(0) UV(0.04531 0.02342 0.04531 0.85763 0.03436 0.85763)
		3 V(2 7 1) M(0) UV(0.04531 0.02342 0.03436 0.85763 0.03436 0.02342)
		3 V(3 9 8) M(0) UV(0.02342 0.90447 0.85763 0.90447 0.85763 0.91710)
		3 V(3 8 2) M(0) UV(0.02342 0.90447 0.85763 0.91710 0.02342 0.91710)
		3 V(4 10 9) M(0) UV(0.10309 0.85763 0.10309 0.02342 0.11404 0.02342)
		3 V(4 9 3) M(0) UV(0.10309 0.85763 0.11404 0.02342 0.11404 0.85763)
		3 V(5 11 10) M(0) UV(0.09215 0.85763 0.09215 0.02342 0.10309 0.02342)
		3 V(5 10 4) M(0) UV(0.09215 0.85763 0.10309 0.02342 0.10309 0.85763)
		3 V(6 12 11) M(0) UV(0.85763 0.97658 0.02342 0.97658 0.02342 0.96394)
		3 V(6 11 5) M(0) UV(0.85763 0.97658 0.02342 0.96394 0.85763 0.96394)
		3 V(1 7 12) M(0) UV(0.03436 0.02342 0.03436 0.85763 0.02342 0.85763)
		3 V(1 12 6) M(0) UV(0.03436 0.02342 0.02342 0.85763 0.02342 0.02342)
		3 V(15 18 17) M(0) UV(0.76104 0.03919 0.75495 0.05184 0.75293 0.04931)
		3 V(15 17 14) M(0) UV(0.76104 0.03919 0.75293 0.04931 0.75781 0.03919)
		3 V(16 19 18) M(0) UV(0.73402 0.27378 0.73402 0.28643 0.73029 0.28643)
		3 V(16 18 15) M(0) UV(0.73402 0.27378 0.73029 0.28643 0.73029 0.27378)
		3 V(14 17 19) M(0) UV(0.16411 0.80698 0.16899 0.81710 0.16697 0.81963)
		3 V(14 19 16) M(0) UV(0.16411 0.80698 0.16697 0.81963 0.16088 0.80698)
		3 V(18 21 20) M(0) UV(0.75495 0.05184 0.74126 0.05496 0.74198 0.05181)
		3 V(18 20 17) M(0) UV(0.75495 0.05184 0.74198 0.05181 0.75293 0.04931)
		3 V(19 22 21) M(0) UV(0.83254 0.02715 0.81886 0.02715 0.81886 0.02342)
		3 V(19 21 18) M(0) UV(0.83254 0.02715 0.81886 0.02342 0.83254 0.02342)
		3 V(17 20 22) M(0) UV(0.16899 0.81710 0.17994 0.81959 0.18066 0.82275)
		3 V(17 22 19) M(0) UV(0.16899 0.81710 0.18066 0.82275 0.16697 0.81963)
		3 V(21 24 23) M(0) UV(0.74126 0.05496 0.73029 0.04621 0.73320 0.04481)
		3 V(21 23 20) M(0) UV(0.74126 0.05496 0.73320 0.04481 0.74198 0.05181)
		3 V(22 25 24) M(0) UV(0.81886 0.02715 0.80788 0.02715 0.80788 0.02342)
		3 V(22 24 21) M(0) UV(0.81886 0.02715 0.80788 0.02342 0.81886 0.02342)
		3 V(20 23 25) M(0) UV(0.17994 0.81959 0.18872 0.81259 0.19163 0.81400)
		3 V(20 25 22) M(0) UV(0.17994 0.81959 0.19163 0.81400 0.18066 0.82275)
		3 V(24 27 26) M(0) UV(0.73029 0.04621 0.73029 0.03217 0.73320 0.03358)
		3 V(24 26 23) M(0) UV(0.73029 0.04621 0.73320 0.03358 0.73320 0.04481)
		3 V(25 28 27) M(0) UV(0.23847 0.80524 0.23847 0.79120 0.24221 0.79120)
		3 V(25 27 24) M(0) UV(0.23847 0.80524 0.24221 0.79120 0.24221 0.80524)
		3 V(23 26 28) M(0) UV(0.18872 0.81259 0.18872 0.80136 0.19163 0.79996)
		3 V(23 28 25) M(0) UV(0.18872 0.81259 0.19163 0.79996 0.19163 0.81400)
		3 V(27 30 29) M(0) UV(0.73029 0.03217 0.74126 0.02342 0.74198 0.02657)
		3 V(27 29 26) M(0) UV(0.73029 0.03217 0.74198 0.02657 0.73320 0.03358)
		3 V(28 31 30) M(0) UV(0.73029 0.10180 0.74126 0.10180 0.74126 0.10554)
		3 V(28 30 27) M(0) UV(0.73029 0.10180 0.74126 0.10554 0.73029 0.10554)
		3 V(26 29 31) M(0) UV(0.18872 0.80136 0.17994 0.79436 0.18066 0.79120)
		3 V(26 31 28) M(0) UV(0.18872 0.80136 0.18066 0.79120 0.19163 0.79996)
		3 V(30 33 32) M(0) UV(0.74126 0.02342 0.75495 0.02654 0.75293 0.02907)
		3 V(30 32 29) M(0) UV(0.74126 0.02342 0.75293 0.02907 0.74198 0.02657)
		3 V(31 34 33) M(0) UV(0.74126 0.10180 0.75495 0.10180 0.75495 0.10554)
		3 V(31 33 30) M(0) UV(0.74126 0.10180 0.75495 0.10554 0.74126 0.10554)
		3 V(29 32 34) M(0) UV(0.17994 0.79436 0.16899 0.79686 0.16697 0.79433)
		3 V(29 34 31) M(0) UV(0.17994 0.79436 0.16697 0.79433 0.18066 0.79120)
		3 V(33 15 14) M(0) UV(0.75495 0.02654 0.76104 0.03919 0.75781 0.03919)
		3 V(33 14 32) M(0) UV(0.75495 0.02654 0.75781 0.03919 0.75293 0.02907)
		3 V(34 16 15) M(0) UV(0.73402 0.26113 0.73402 0.27378 0.73029 0.27378)
		3 V(34 15 33) M(0) UV(0.73402 0.26113 0.73029 0.27378 0.73029 0.26113)
		3 V(32 14 16) M(0) UV(0.16899 0.79686 0.16411 0.80698 0.16088 0.80698)
		3 V(32 16 34) M(0) UV(0.16899 0.79686 0.16088 0.80698 0.16697 0.79433)
	}
}
Eof
