Metasequoia Document
Format Text Ver 1.1

Scene {
	pos -26.6565 0.3702 1586.0706
	lookat 5.7915 59.1758 28.5532
	head -1.0608
	pich 0.2400
	bank 0.0000
	ortho 0
	zoom2 7.5659
	amb 0.250 0.250 0.250
	dirlights 1 {
		light {
			dir 0.293 0.414 0.862
			color 1.000 1.000 1.000
		}
	}
}
Material 1 {
	"mat1" shader(3) col(1.000 1.000 1.000 1.000) dif(0.800) amb(0.600) emi(0.000) spc(0.000) power(5.00)
}
Object "$body" {
	depth 0
	folding 1
	scale 1.000000 1.000000 1.000000
	rotation 0.000000 0.000000 0.000000
	translation 0.000000 0.000000 0.000000
	visible 15
	locking 0
	shading 1
	facet 59.5
	color 0.898 0.498 0.698
	color_type 0
	vertex 8 {
		-17.6165 62.0000 32.1463
		-17.6165 8.1292 32.1463
		17.4645 62.0000 32.1463
		17.4645 8.1292 32.1463
		17.4645 62.0000 -50.9921
		17.4645 8.1292 -50.9921
		-17.6165 62.0000 -50.9921
		-17.6165 8.1292 -50.9921
	}
	face 6 {
		4 V(1 0 2 3) M(0) UV(0.03354 0.09144 0.03354 0.03314 0.09204 0.03314 0.09204 0.09144)
		4 V(3 2 4 5) M(0) UV(0.03354 0.09144 0.03354 0.03314 0.09204 0.03314 0.09204 0.09144)
		4 V(5 4 6 7) M(0) UV(0.03354 0.09144 0.03354 0.03314 0.09204 0.03314 0.09204 0.09144)
		4 V(7 6 0 1) M(0) UV(0.03354 0.09144 0.03354 0.03314 0.09204 0.03314 0.09204 0.09144)
		4 V(0 6 4 2) M(0) UV(0.03354 0.09144 0.03354 0.03314 0.09204 0.03314 0.09204 0.09144)
		4 V(7 1 3 5) M(0) UV(0.03354 0.09144 0.03354 0.03314 0.09204 0.03314 0.09204 0.09144)
	}
}
Object "goat nec" {
	depth 1
	folding 1
	scale 1.000000 1.000000 1.000000
	rotation 0.000000 -0.000000 0.000000
	translation 0.000000 0.000000 0.000000
	visible 15
	locking 0
	shading 1
	facet 59.5
	color 0.898 0.498 0.698
	color_type 0
	vertex 8 {
		-7.8140 73.8317 54.0733
		-7.8140 38.7479 23.0336
		8.0086 73.8317 54.0733
		8.0086 38.7479 23.0336
		8.0086 85.4724 40.9159
		8.0086 50.3885 9.8763
		-7.8140 85.4724 40.9159
		-7.8140 50.3885 9.8763
	}
	face 4 {
		4 V(1 0 2 3) M(0) UV(0.03354 0.09144 0.03354 0.03313 0.09186 0.03313 0.09186 0.09144)
		4 V(3 2 4 5) M(0) UV(0.03354 0.09144 0.03354 0.03313 0.09186 0.03313 0.09186 0.09144)
		4 V(5 4 6 7) M(0) UV(0.03354 0.09144 0.03354 0.03313 0.09186 0.03313 0.09186 0.09144)
		4 V(7 6 0 1) M(0) UV(0.03354 0.09144 0.03354 0.03313 0.09186 0.03313 0.09186 0.09144)
	}
}
Object "goat teel" {
	depth 1
	folding 0
	scale 1.000000 1.000000 1.000000
	rotation 0.000000 -0.000000 0.000000
	translation 0.000000 0.000000 0.000000
	visible 15
	locking 0
	shading 1
	facet 59.5
	color 0.898 0.498 0.698
	color_type 0
	vertex 8 {
		-2.1338 55.5043 -50.9300
		-2.1338 33.3328 -50.9300
		1.9818 55.5043 -50.9300
		1.9818 33.3328 -50.9300
		1.9818 55.5043 -55.0456
		1.9818 33.3328 -55.0456
		-2.1338 55.5043 -55.0456
		-2.1338 33.3328 -55.0456
	}
	face 6 {
		4 V(1 0 2 3) M(0) UV(0.03350 0.09157 0.03350 0.03513 0.09190 0.03513 0.09190 0.09157)
		4 V(3 2 4 5) M(0) UV(0.03350 0.09157 0.03350 0.03513 0.09190 0.03513 0.09190 0.09157)
		4 V(5 4 6 7) M(0) UV(0.03350 0.09157 0.03350 0.03513 0.09190 0.03513 0.09190 0.09157)
		4 V(7 6 0 1) M(0) UV(0.03350 0.09157 0.03350 0.03513 0.09190 0.03513 0.09190 0.09157)
		4 V(0 6 4 2) M(0) UV(0.03350 0.09157 0.03350 0.03513 0.09190 0.03513 0.09190 0.09157)
		4 V(7 1 3 5) M(0) UV(0.03350 0.09157 0.03350 0.03513 0.09190 0.03513 0.09190 0.09157)
	}
}
Object "goat hed" {
	depth 1
	folding 0
	scale 1.000000 1.000000 1.000000
	rotation 0.000000 -0.000000 0.000000
	translation 0.000000 0.000000 0.000000
	visible 15
	locking 0
	shading 1
	facet 59.5
	color 0.898 0.498 0.698
	color_type 0
	vertex 8 {
		-10.6420 99.3618 42.8849
		-10.6575 74.4650 73.9684
		10.4883 99.3618 42.8849
		10.4729 74.4650 73.9684
		10.4883 81.0017 28.2808
		10.4729 56.1048 59.3642
		-10.6420 81.0017 28.2808
		-10.6575 56.1048 59.3642
	}
	face 6 {
		4 V(1 0 2 3) M(0) UV(0.15822 0.11748 0.15822 0.03660 0.21570 0.03660 0.21570 0.11748)
		4 V(3 2 4 5) M(0) UV(0.28616 0.22647 0.36631 0.16272 0.40176 0.20729 0.32162 0.27105)
		4 V(5 4 6 7) M(0) UV(0.21570 0.03681 0.21570 0.11768 0.15822 0.11768 0.15822 0.03681)
		4 V(7 6 0 1) M(0) UV(0.32078 0.27075 0.40197 0.20723 0.36606 0.16281 0.28651 0.22622)
		4 V(0 6 4 2) M(0) UV(0.36197 0.03248 0.36197 0.09134 0.28616 0.09134 0.28616 0.03248)
		4 V(7 1 3 5) M(0) UV(0.28616 0.09140 0.28616 0.03254 0.36197 0.03254 0.36197 0.09140)
	}
}
Object "goat hed2" {
	depth 1
	folding 0
	scale 1.000000 1.000000 1.000000
	rotation 0.000000 -0.000000 0.000000
	translation 0.000000 0.000000 0.000000
	visible 15
	locking 0
	shading 1
	facet 59.5
	color 0.898 0.498 0.698
	color_type 0
	vertex 16 {
		-9.4149 53.3949 63.3089
		9.3919 53.3949 63.3089
		9.4027 69.7387 46.0441
		-9.4040 69.7387 46.0441
		9.3919 60.3076 70.5931
		-9.4149 60.3076 70.5931
		9.4027 76.6515 53.3285
		-9.4040 76.6515 53.3285
		-9.4149 70.3886 78.2973
		9.3919 70.3886 78.2973
		9.4027 84.0069 58.6210
		-9.4040 84.0069 58.6210
		9.3919 61.6774 71.8511
		-9.4149 61.6774 71.8511
		9.4027 75.2954 52.1750
		-9.4040 75.2954 52.1750
	}
	face 10 {
		4 V(3 0 1 2) M(0) UV(0.34090 0.04782 0.34090 0.08964 0.28342 0.08964 0.28342 0.04782)
		4 V(5 4 1 0) M(0) UV(0.59543 0.07207 0.65402 0.07207 0.65402 0.09237 0.59543 0.09237)
		4 V(4 6 2 1) M(0) UV(0.28392 0.06631 0.32585 0.03528 0.34077 0.05545 0.29884 0.08647)
		4 V(7 5 0 3) M(0) UV(0.30313 0.03980 0.33984 0.06696 0.32677 0.08462 0.29006 0.05746)
		4 V(5 7 6 4) M(0) UV(0.15805 0.31119 0.15805 0.26918 0.21696 0.26918 0.21696 0.31119)
		4 V(8 11 10 9) M(0) UV(0.28344 0.08953 0.28344 0.04318 0.34092 0.04318 0.34092 0.08953)
		4 V(13 8 9 12) M(0) UV(0.59574 0.05862 0.59574 0.03375 0.65535 0.03375 0.65535 0.05862)
		4 V(12 9 10 14) M(0) UV(0.29869 0.08650 0.28262 0.06479 0.32445 0.03384 0.34052 0.05555)
		4 V(15 11 8 13) M(0) UV(0.29001 0.05737 0.30411 0.03832 0.34082 0.06548 0.32672 0.08454)
		4 V(12 14 15 13) M(0) UV(0.21670 0.26468 0.21670 0.31123 0.15779 0.31123 0.15779 0.26468)
	}
}
Object "goat tang" {
	depth 1
	folding 0
	scale 1.000000 1.000000 1.000000
	rotation 0.000000 -0.000000 0.000000
	translation 0.000000 0.000000 0.000000
	visible 15
	locking 0
	shading 1
	facet 59.5
	color 0.898 0.498 0.698
	color_type 0
	vertex 24 {
		-3.2849 45.5277 83.3204
		3.5127 45.5277 83.3204
		3.5127 44.5607 82.4948
		-3.2849 44.5607 82.4948
		-0.4159 56.1401 77.2621
		3.3522 56.1401 77.2621
		-3.4454 56.1401 77.2621
		3.3522 55.4242 77.2621
		3.3522 54.4715 77.2621
		0.5869 54.4715 77.2621
		-3.4454 54.4715 77.2621
		-3.4454 55.1778 77.2621
		-3.4454 66.1437 65.4894
		3.3522 66.1437 65.4894
		3.3522 65.1766 64.6636
		-3.4454 65.1766 64.6636
		-0.4159 56.1401 77.2621
		3.3522 56.1401 77.2621
		-3.4454 56.1401 77.2621
		3.3522 55.4242 77.2621
		3.3522 54.4715 77.2621
		0.5869 54.4715 77.2621
		-3.4454 54.4715 77.2621
		-3.4454 55.1778 77.2621
	}
	face 18 {
		3 V(6 4 0) M(0) UV(0.15846 0.28447 0.18478 0.28447 0.15846 0.31067)
		3 V(5 7 1) M(0) UV(0.15846 0.28447 0.18379 0.28545 0.15846 0.31067)
		3 V(8 9 2) M(0) UV(0.15846 0.28676 0.18248 0.28676 0.15846 0.31067)
		3 V(13 17 16) M(0) UV(0.21751 0.25189 0.21751 0.28447 0.18478 0.28447)
		3 V(14 20 19) M(0) UV(0.21751 0.25189 0.21751 0.28676 0.18379 0.28545)
		3 V(15 22 21) M(0) UV(0.21751 0.25189 0.21751 0.28676 0.18248 0.28676)
		3 V(12 18 23) M(0) UV(0.21751 0.25189 0.21751 0.28447 0.18345 0.28579)
		3 V(11 6 0) M(0) UV(0.18345 0.28579 0.21751 0.28447 0.21751 0.31067)
		4 V(3 0 1 2) M(0) UV(0.15846 0.31067 0.15846 0.25189 0.21751 0.25189 0.21751 0.31067)
		4 V(11 0 3 10) M(0) UV(0.18345 0.28579 0.21751 0.31067 0.15846 0.31067 0.15846 0.28676)
		4 V(12 15 14 13) M(0) UV(0.15846 0.31067 0.15846 0.25189 0.21751 0.25189 0.21751 0.31067)
		4 V(0 4 5 1) M(0) UV(0.15846 0.31067 0.18478 0.28447 0.21751 0.28447 0.21751 0.31067)
		4 V(1 7 8 2) M(0) UV(0.15846 0.31067 0.18379 0.28545 0.21751 0.28676 0.21751 0.31067)
		4 V(2 9 10 3) M(0) UV(0.15846 0.31067 0.18248 0.28676 0.21751 0.28676 0.21751 0.31067)
		4 V(18 12 13 16) M(0) UV(0.15846 0.28447 0.15846 0.25189 0.21751 0.25189 0.18478 0.28447)
		4 V(17 13 14 19) M(0) UV(0.15846 0.28447 0.15846 0.25189 0.21751 0.25189 0.18379 0.28545)
		4 V(20 14 15 21) M(0) UV(0.15846 0.28676 0.15846 0.25189 0.21751 0.25189 0.18248 0.28676)
		4 V(22 15 12 23) M(0) UV(0.15846 0.28676 0.15846 0.25189 0.21751 0.25189 0.18345 0.28579)
	}
}
Object "goat hoon" {
	depth 1
	folding 0
	scale 1.000000 1.000000 1.000000
	rotation 0.000000 -0.000000 0.000000
	translation 0.000000 0.000000 0.000000
	visible 15
	locking 0
	shading 1
	facet 59.5
	color 0.898 0.498 0.698
	color_type 0
	vertex 32 {
		14.4662 114.0746 18.9942
		5.3198 97.1836 42.2498
		17.3242 113.4903 19.6940
		8.1779 96.5994 42.9495
		16.9019 110.6010 19.0066
		8.2427 94.4328 40.8758
		14.0438 111.1852 18.3069
		5.3847 95.0170 40.1760
		8.5253 106.0574 36.5659
		11.3833 105.4731 37.2656
		11.2221 102.8828 35.7615
		8.3640 103.4669 35.0618
		11.7671 112.2156 28.4662
		14.6252 111.6314 29.1660
		14.2029 108.7420 28.4785
		11.3449 109.3262 27.7788
		-14.6182 114.0746 18.9942
		-5.4718 97.1836 42.2498
		-17.4762 113.4903 19.6940
		-8.3299 96.5994 42.9495
		-17.0539 110.6010 19.0066
		-8.3947 94.4328 40.8758
		-14.1958 111.1852 18.3069
		-5.5367 95.0170 40.1760
		-8.6773 106.0574 36.5659
		-11.5353 105.4731 37.2656
		-11.3741 102.8828 35.7615
		-8.5160 103.4669 35.0618
		-11.9191 112.2156 28.4662
		-14.7772 111.6314 29.1660
		-14.3549 108.7420 28.4785
		-11.4969 109.3262 27.7788
	}
	face 28 {
		4 V(0 6 4 2) M(0) UV(0.28289 0.43547 0.28289 0.37729 0.34128 0.37729 0.34128 0.43547)
		4 V(7 1 3 5) M(0) UV(0.28289 0.43547 0.28289 0.37729 0.34128 0.37729 0.34128 0.43547)
		4 V(1 8 9 3) M(0) UV(0.28289 0.43547 0.28289 0.41594 0.34128 0.41594 0.34128 0.43547)
		4 V(9 10 5 3) M(0) UV(0.28289 0.41594 0.34128 0.41594 0.34128 0.43547 0.28289 0.43547)
		4 V(10 11 7 5) M(0) UV(0.28289 0.41594 0.34128 0.41594 0.34128 0.43547 0.28289 0.43547)
		4 V(11 8 1 7) M(0) UV(0.28289 0.41594 0.34128 0.41594 0.34128 0.43547 0.28289 0.43547)
		4 V(13 12 0 2) M(0) UV(0.34128 0.39672 0.28289 0.39672 0.28289 0.37729 0.34128 0.37729)
		4 V(12 13 9 8) M(0) UV(0.28289 0.39672 0.34128 0.39672 0.34128 0.41594 0.28289 0.41594)
		4 V(14 13 2 4) M(0) UV(0.34128 0.39672 0.28289 0.39672 0.28289 0.37729 0.34128 0.37729)
		4 V(13 14 10 9) M(0) UV(0.28289 0.39672 0.34128 0.39672 0.34128 0.41594 0.28289 0.41594)
		4 V(15 14 4 6) M(0) UV(0.34128 0.39672 0.28289 0.39672 0.28289 0.37729 0.34128 0.37729)
		4 V(14 15 11 10) M(0) UV(0.28289 0.39672 0.34128 0.39672 0.34128 0.41594 0.28289 0.41594)
		4 V(0 12 15 6) M(0) UV(0.34128 0.37729 0.34128 0.39672 0.28289 0.39672 0.28289 0.37729)
		4 V(15 12 8 11) M(0) UV(0.28289 0.39672 0.34128 0.39672 0.34128 0.41594 0.28289 0.41594)
		4 V(20 22 16 18) M(0) UV(0.34128 0.37729 0.28289 0.37729 0.28289 0.43547 0.34128 0.43547)
		4 V(19 17 23 21) M(0) UV(0.34128 0.37729 0.28289 0.37729 0.28289 0.43547 0.34128 0.43547)
		4 V(17 19 25 24) M(0) UV(0.28289 0.43547 0.34128 0.43547 0.34128 0.41594 0.28289 0.41594)
		4 V(21 26 25 19) M(0) UV(0.34128 0.43547 0.34128 0.41594 0.28289 0.41594 0.28289 0.43547)
		4 V(23 27 26 21) M(0) UV(0.34128 0.43547 0.34128 0.41594 0.28289 0.41594 0.28289 0.43547)
		4 V(17 24 27 23) M(0) UV(0.34128 0.43547 0.34128 0.41594 0.28289 0.41594 0.28289 0.43547)
		4 V(16 28 29 18) M(0) UV(0.28289 0.37729 0.28289 0.39672 0.34128 0.39672 0.34128 0.37729)
		4 V(25 29 28 24) M(0) UV(0.34128 0.41594 0.34128 0.39672 0.28289 0.39672 0.28289 0.41594)
		4 V(18 29 30 20) M(0) UV(0.28289 0.37729 0.28289 0.39672 0.34128 0.39672 0.34128 0.37729)
		4 V(26 30 29 25) M(0) UV(0.34128 0.41594 0.34128 0.39672 0.28289 0.39672 0.28289 0.41594)
		4 V(20 30 31 22) M(0) UV(0.28289 0.37729 0.28289 0.39672 0.34128 0.39672 0.34128 0.37729)
		4 V(27 31 30 26) M(0) UV(0.34128 0.41594 0.34128 0.39672 0.28289 0.39672 0.28289 0.41594)
		4 V(16 22 31 28) M(0) UV(0.34128 0.37729 0.28289 0.37729 0.28289 0.39672 0.34128 0.39672)
		4 V(24 28 31 27) M(0) UV(0.34128 0.41594 0.34128 0.39672 0.28289 0.39672 0.28289 0.41594)
	}
}
Object "goat eyer" {
	depth 1
	folding 0
	scale 1.000000 1.000000 1.000000
	rotation 0.000000 -0.000000 0.000000
	translation 0.000000 0.000000 0.000000
	visible 15
	locking 0
	shading 1
	facet 59.5
	color 0.898 0.498 0.698
	color_type 0
	vertex 16 {
		10.1083 95.0213 43.9028
		10.1083 89.3220 43.9028
		21.8742 95.0213 43.9028
		21.8742 89.3220 43.9028
		21.8742 95.0213 42.6306
		21.8742 89.3220 42.6306
		10.1083 95.0213 42.6306
		10.1083 89.3220 42.6306
		-10.3191 95.0213 43.9028
		-10.3191 89.3220 43.9028
		-22.0850 95.0213 43.9028
		-22.0850 89.3220 43.9028
		-22.0850 95.0213 42.6306
		-22.0850 89.3220 42.6306
		-10.3191 95.0213 42.6306
		-10.3191 89.3220 42.6306
	}
	face 12 {
		4 V(1 0 2 3) M(0) UV(0.03368 0.09155 0.03368 0.03299 0.09217 0.03299 0.09217 0.09155)
		4 V(3 2 4 5) M(0) UV(0.03368 0.09155 0.03368 0.03299 0.09217 0.03299 0.09217 0.09155)
		4 V(5 4 6 7) M(0) UV(0.03368 0.09155 0.03368 0.03299 0.09217 0.03299 0.09217 0.09155)
		4 V(7 6 0 1) M(0) UV(0.03368 0.09155 0.03368 0.03299 0.09217 0.03299 0.09217 0.09155)
		4 V(0 6 4 2) M(0) UV(0.03368 0.09155 0.03368 0.03299 0.09217 0.03299 0.09217 0.09155)
		4 V(7 1 3 5) M(0) UV(0.03368 0.09155 0.03368 0.03299 0.09217 0.03299 0.09217 0.09155)
		4 V(10 8 9 11) M(0) UV(0.09217 0.03299 0.03368 0.03299 0.03368 0.09155 0.09217 0.09155)
		4 V(12 10 11 13) M(0) UV(0.09217 0.03299 0.03368 0.03299 0.03368 0.09155 0.09217 0.09155)
		4 V(14 12 13 15) M(0) UV(0.09217 0.03299 0.03368 0.03299 0.03368 0.09155 0.09217 0.09155)
		4 V(8 14 15 9) M(0) UV(0.09217 0.03299 0.03368 0.03299 0.03368 0.09155 0.09217 0.09155)
		4 V(12 14 8 10) M(0) UV(0.09217 0.03299 0.03368 0.03299 0.03368 0.09155 0.09217 0.09155)
		4 V(11 9 15 13) M(0) UV(0.09217 0.03299 0.03368 0.03299 0.03368 0.09155 0.09217 0.09155)
	}
}
Object "angel ring" {
	depth 1
	folding 0
	scale 1.000000 1.000000 1.000000
	rotation 0.000000 -0.000000 0.000000
	translation 0.000000 0.000000 0.000000
	visible 15
	locking 0
	shading 1
	facet 59.5
	color 0.898 0.498 0.698
	color_type 0
	vertex 32 {
		-13.4751 119.3804 24.1756
		13.3231 119.3804 24.1756
		-13.4751 119.3803 50.9710
		13.3231 119.3803 50.9710
		-13.4751 122.2400 24.1756
		13.3231 122.2400 24.1756
		-13.4751 122.2397 50.9710
		13.3231 122.2397 50.9710
		-13.4751 119.3804 27.2570
		13.3231 119.3804 27.2570
		-13.4751 122.2399 27.2568
		13.3231 122.2399 27.2568
		-13.4751 119.3803 47.8940
		13.3231 119.3803 47.8940
		-13.4751 122.2397 47.8939
		13.3231 122.2397 47.8939
		-10.3652 119.3804 24.1756
		-10.3652 119.3803 50.9710
		-10.3652 122.2400 24.1756
		-10.3652 122.2397 50.9710
		-10.3652 119.3244 27.2570
		-10.3652 122.2399 27.2568
		-10.3652 119.3557 47.8940
		-10.3652 122.2397 47.8939
		10.1518 119.3804 24.1756
		10.1518 119.3803 50.9710
		10.1518 122.2400 24.1756
		10.1518 122.2397 50.9710
		10.1518 119.3720 27.2568
		10.1518 122.2399 27.2568
		10.1518 119.3614 47.8939
		10.1518 122.2397 47.8939
	}
	face 32 {
		4 V(9 11 5 1) M(0) UV(0.52905 0.03938 0.52905 0.03938 0.52905 0.03374 0.52905 0.03374)
		4 V(10 8 0 4) M(0) UV(0.47129 0.03938 0.47129 0.03938 0.47129 0.03374 0.47129 0.03374)
		4 V(15 13 3 7) M(0) UV(0.52905 0.08689 0.52905 0.08689 0.52905 0.09150 0.52905 0.09150)
		4 V(13 15 11 9) M(0) UV(0.52905 0.08689 0.52905 0.08689 0.52905 0.03938 0.52905 0.03938)
		4 V(12 14 6 2) M(0) UV(0.47129 0.08689 0.47129 0.08689 0.47129 0.09150 0.47129 0.09150)
		4 V(14 12 8 10) M(0) UV(0.47129 0.08689 0.47129 0.08689 0.47129 0.03938 0.47129 0.03938)
		4 V(16 18 4 0) M(0) UV(0.48085 0.03374 0.48085 0.03374 0.47129 0.03374 0.47129 0.03374)
		4 V(19 17 2 6) M(0) UV(0.48085 0.09150 0.48085 0.09150 0.47129 0.09150 0.47129 0.09150)
		4 V(8 20 16 0) M(0) UV(0.47129 0.03938 0.48085 0.03938 0.48085 0.03374 0.47129 0.03374)
		4 V(18 21 10 4) M(0) UV(0.48085 0.03374 0.48085 0.03938 0.47129 0.03938 0.47129 0.03374)
		4 V(2 17 22 12) M(0) UV(0.47129 0.09150 0.48085 0.09150 0.48085 0.08689 0.47129 0.08689)
		4 V(22 20 8 12) M(0) UV(0.48085 0.08689 0.48085 0.03938 0.47129 0.03938 0.47129 0.08689)
		4 V(23 19 6 14) M(0) UV(0.48085 0.08689 0.48085 0.09150 0.47129 0.09150 0.47129 0.08689)
		4 V(21 23 14 10) M(0) UV(0.48085 0.03938 0.48085 0.08689 0.47129 0.08689 0.47129 0.03938)
		4 V(26 24 1 5) M(0) UV(0.51916 0.03374 0.51916 0.03374 0.52905 0.03374 0.52905 0.03374)
		4 V(24 26 18 16) M(0) UV(0.51916 0.03374 0.51916 0.03374 0.48085 0.03374 0.48085 0.03374)
		4 V(25 27 7 3) M(0) UV(0.51916 0.09150 0.51916 0.09150 0.52905 0.09150 0.52905 0.09150)
		4 V(27 25 17 19) M(0) UV(0.51916 0.09150 0.51916 0.09150 0.48085 0.09150 0.48085 0.09150)
		4 V(1 24 28 9) M(0) UV(0.52905 0.03374 0.51916 0.03374 0.51916 0.03938 0.52905 0.03938)
		4 V(28 24 16 20) M(0) UV(0.51916 0.03938 0.51916 0.03374 0.48085 0.03374 0.48085 0.03938)
		4 V(29 26 5 11) M(0) UV(0.51916 0.03938 0.51916 0.03374 0.52905 0.03374 0.52905 0.03938)
		4 V(26 29 21 18) M(0) UV(0.51916 0.03374 0.51916 0.03938 0.48085 0.03938 0.48085 0.03374)
		4 V(30 25 3 13) M(0) UV(0.51916 0.08689 0.51916 0.09150 0.52905 0.09150 0.52905 0.08689)
		4 V(25 30 22 17) M(0) UV(0.51916 0.09150 0.51916 0.08689 0.48085 0.08689 0.48085 0.09150)
		4 V(28 30 13 9) M(0) UV(0.51916 0.03938 0.51916 0.08689 0.52905 0.08689 0.52905 0.03938)
		4 V(27 31 15 7) M(0) UV(0.51916 0.09150 0.51916 0.08689 0.52905 0.08689 0.52905 0.09150)
		4 V(31 27 19 23) M(0) UV(0.51916 0.08689 0.51916 0.09150 0.48085 0.09150 0.48085 0.08689)
		4 V(31 29 11 15) M(0) UV(0.51916 0.08689 0.51916 0.03938 0.52905 0.03938 0.52905 0.08689)
		4 V(21 29 28 20) M(0) UV(0.48085 0.03938 0.51916 0.03938 0.51916 0.03938 0.48085 0.03938)
		4 V(23 21 20 22) M(0) UV(0.51916 0.03374 0.48085 0.03938 0.48085 0.03938 0.51916 0.03374)
		4 V(31 23 22 30) M(0) UV(0.51916 0.08689 0.48085 0.08689 0.48085 0.08689 0.51916 0.08689)
		4 V(29 31 30 28) M(0) UV(0.51916 0.03938 0.51916 0.08689 0.51916 0.08689 0.51916 0.03938)
	}
}
Object "jet pack" {
	depth 1
	folding 1
	scale 1.000000 1.000000 1.000000
	rotation 0.000000 -0.000000 0.000000
	translation 0.000000 0.000000 0.000000
	visible 15
	locking 0
	shading 1
	facet 59.5
	color 0.898 0.498 0.698
	color_type 0
	vertex 16 {
		20.9087 62.0050 42.1022
		20.9087 22.0050 42.1022
		60.9087 62.0050 42.1022
		60.9087 22.0050 42.1022
		60.9087 62.0050 -60.9480
		60.9087 22.0050 -60.9480
		20.9087 62.0050 -60.9480
		20.9087 22.0050 -60.9480
		-21.0607 62.0050 42.1022
		-21.0607 22.0050 42.1022
		-61.0607 62.0050 42.1022
		-61.0607 22.0050 42.1022
		-61.0607 62.0050 -60.9480
		-61.0607 22.0050 -60.9480
		-21.0607 62.0050 -60.9480
		-21.0607 22.0050 -60.9480
	}
	face 12 {
		4 V(1 0 2 3) M(0) UV(0.03237 0.65551 0.03237 0.59612 0.09220 0.59612 0.09220 0.65551)
		4 V(3 2 4 5) M(0) UV(0.03325 0.56070 0.03325 0.50334 0.18178 0.50334 0.18214 0.56070)
		4 V(5 4 6 7) M(0) UV(0.03234 0.65554 0.03234 0.59547 0.09271 0.59547 0.09271 0.65554)
		4 V(7 6 0 1) M(0) UV(0.03363 0.56019 0.03363 0.50257 0.18210 0.50257 0.18210 0.56019)
		4 V(0 6 4 2) M(0) UV(0.16403 0.71856 0.16403 0.59600 0.21198 0.59600 0.21198 0.71856)
		4 V(7 1 3 5) M(0) UV(0.16380 0.71870 0.16380 0.59585 0.21186 0.59585 0.21186 0.71870)
		4 V(10 8 9 11) M(0) UV(0.03286 0.59612 0.09269 0.59612 0.09269 0.65551 0.03286 0.65551)
		4 V(12 10 11 13) M(0) UV(0.18204 0.56059 0.03350 0.56059 0.03350 0.50323 0.18204 0.50323)
		4 V(14 12 13 15) M(0) UV(0.03213 0.59547 0.09250 0.59547 0.09250 0.65554 0.03213 0.65554)
		4 V(8 14 15 9) M(0) UV(0.03363 0.50305 0.18210 0.50305 0.18210 0.56067 0.03363 0.56067)
		4 V(12 14 8 10) M(0) UV(0.16403 0.59611 0.21198 0.59611 0.21198 0.71867 0.16403 0.71867)
		4 V(11 9 15 13) M(0) UV(0.16380 0.59561 0.21186 0.59561 0.21186 0.71846 0.16396 0.71846)
	}
}
Object "jet nozle" {
	depth 2
	folding 0
	scale 1.000000 1.000000 1.000000
	rotation 0.000000 -0.000000 0.000000
	translation 0.000000 0.000000 0.000000
	visible 15
	locking 0
	shading 1
	facet 59.5
	color 0.898 0.498 0.698
	color_type 0
	vertex 24 {
		26.9427 55.9710 -59.9928
		26.9427 28.0389 -59.9928
		54.8748 55.9710 -59.9928
		60.4161 61.5124 -75.7307
		54.8748 28.0389 -59.9928
		60.4161 22.4976 -75.7307
		51.0582 52.1544 -67.9022
		51.0582 31.8555 -67.9022
		30.7592 52.1544 -67.9022
		21.4013 61.5124 -75.7307
		30.7592 31.8555 -67.9022
		21.4013 22.4976 -75.7307
		-27.0947 55.9710 -59.9928
		-27.0947 28.0389 -59.9928
		-55.0268 55.9710 -59.9928
		-60.5681 61.5124 -75.7307
		-55.0268 28.0389 -59.9928
		-60.5681 22.4976 -75.7307
		-51.2102 52.1544 -67.9022
		-51.2102 31.8555 -67.9022
		-30.9112 52.1544 -67.9022
		-21.5533 61.5124 -75.7307
		-30.9112 31.8555 -67.9022
		-21.5533 22.4976 -75.7307
	}
	face 18 {
		4 V(4 2 3 5) M(0) UV(0.28259 0.56093 0.28259 0.50104 0.31259 0.50104 0.31259 0.56093)
		4 V(5 3 6 7) M(0) UV(0.31259 0.56093 0.31259 0.50104 0.34259 0.50104 0.34259 0.56093)
		4 V(7 6 8 10) M(0) UV(0.28309 0.68579 0.28309 0.62638 0.34268 0.62638 0.34268 0.68579)
		4 V(10 8 9 11) M(0) UV(0.28259 0.56093 0.28259 0.50104 0.31259 0.50104 0.31259 0.56093)
		4 V(11 9 0 1) M(0) UV(0.31259 0.56093 0.31259 0.50104 0.34259 0.50104 0.34259 0.56093)
		4 V(9 8 6 3) M(0) UV(0.28259 0.53099 0.28259 0.50104 0.34259 0.50104 0.34259 0.53099)
		4 V(0 9 3 2) M(0) UV(0.28259 0.56093 0.28259 0.53099 0.34259 0.53099 0.34259 0.56093)
		4 V(10 11 5 7) M(0) UV(0.28259 0.56093 0.28259 0.53099 0.34259 0.53099 0.34259 0.56093)
		4 V(11 1 4 5) M(0) UV(0.28259 0.53099 0.28259 0.50104 0.34259 0.50104 0.34259 0.53099)
		4 V(15 14 16 17) M(0) UV(0.31259 0.50104 0.28259 0.50104 0.28259 0.56093 0.31259 0.56093)
		4 V(18 15 17 19) M(0) UV(0.34259 0.50104 0.31259 0.50104 0.31259 0.56093 0.34259 0.56093)
		4 V(20 18 19 22) M(0) UV(0.34268 0.62638 0.28309 0.62638 0.28309 0.68579 0.34268 0.68579)
		4 V(21 20 22 23) M(0) UV(0.31259 0.50104 0.28259 0.50104 0.28259 0.56093 0.31259 0.56093)
		4 V(12 21 23 13) M(0) UV(0.34259 0.50104 0.31259 0.50104 0.31259 0.56093 0.34259 0.56093)
		4 V(18 20 21 15) M(0) UV(0.34259 0.50104 0.28259 0.50104 0.28259 0.53099 0.34259 0.53099)
		4 V(15 21 12 14) M(0) UV(0.34259 0.53099 0.28259 0.53099 0.28259 0.56093 0.34259 0.56093)
		4 V(17 23 22 19) M(0) UV(0.34259 0.53099 0.28259 0.53099 0.28259 0.56093 0.34259 0.56093)
		4 V(16 13 23 17) M(0) UV(0.34259 0.50104 0.28259 0.50104 0.28259 0.53099 0.34259 0.53099)
	}
}
Object "jet paip" {
	depth 2
	folding 0
	scale 1.000000 1.000000 1.000000
	rotation 0.000000 -0.000000 0.000000
	translation 0.000000 0.000000 0.000000
	visible 15
	locking 0
	shading 1
	facet 59.5
	color 0.898 0.498 0.698
	color_type 0
	vertex 88 {
		38.6033 67.1495 -7.3929
		38.6033 61.3377 -7.3929
		41.6102 67.1495 -7.3929
		41.6033 61.3377 -7.3929
		41.6102 67.1495 -10.3978
		41.6033 61.3377 -10.3929
		38.6033 67.1495 -10.3978
		38.6033 61.3377 -10.3929
		-45.0345 47.7215 34.6724
		-45.0345 37.7204 34.6724
		-44.9971 47.7215 50.0303
		-44.9971 37.7204 50.0303
		-35.0333 47.7215 50.0303
		-35.0333 37.7204 50.0303
		-35.0333 47.7215 34.6724
		-35.0333 37.7204 34.6724
		44.8825 47.7215 34.6724
		44.8825 37.7204 34.6724
		44.8451 47.7215 50.0303
		44.8451 37.7204 50.0303
		34.8813 47.7215 50.0303
		34.8813 37.7204 50.0303
		34.8813 47.7215 34.6724
		34.8813 37.7204 34.6724
		-44.9971 47.7032 59.7938
		-44.9971 37.7032 59.7938
		44.8451 47.7032 59.7938
		44.8451 37.7032 59.7938
		44.8451 47.7032 49.7938
		44.8451 37.7032 49.7938
		-44.9971 47.7032 49.7938
		-44.9971 37.7032 49.7938
		49.5894 52.4284 40.6153
		49.5894 33.0136 40.6153
		49.5169 52.4284 45.3014
		49.5169 33.0136 45.3014
		30.1744 52.4284 45.3014
		30.1744 33.0136 45.3014
		30.1744 52.4284 40.6153
		30.1744 33.0136 40.6153
		-49.7414 52.4284 40.6153
		-49.7414 33.0136 40.6153
		-49.6689 52.4284 45.3014
		-49.6689 33.0136 45.3014
		-30.3264 52.4284 45.3014
		-30.3264 33.0136 45.3014
		-30.3264 52.4284 40.6153
		-30.3264 33.0136 40.6153
		49.5894 59.3110 -18.6073
		49.5894 59.3110 0.8076
		49.5169 63.9971 -18.6073
		49.5169 63.9971 0.8076
		30.1744 63.9971 -18.6073
		30.1744 63.9971 0.8076
		30.1744 59.3110 -18.6073
		30.1744 59.3110 0.8076
		43.0581 63.5231 -12.0761
		43.0581 63.5231 -5.7237
		43.0344 65.0564 -12.0761
		43.0344 65.0564 -5.7237
		36.7057 65.0564 -12.0761
		36.7057 65.0564 -5.7237
		36.7057 63.5231 -12.0761
		36.7057 63.5231 -5.7237
		38.6033 67.1495 -7.3929
		38.6033 61.3377 -7.3929
		41.6102 67.1495 -7.3929
		41.6033 61.3377 -7.3929
		41.6102 67.1495 -10.3978
		41.6033 61.3377 -10.3929
		38.6033 67.1495 -10.3978
		38.6033 61.3377 -10.3929
		23.2614 70.1046 -10.3978
		23.2614 67.1495 -10.3978
		23.2614 70.1046 -7.4026
		23.2614 67.1495 -7.4026
		41.6102 70.1046 -7.4026
		41.6102 67.1495 -7.4026
		41.6102 70.1046 -10.3978
		41.6102 67.1495 -10.3978
		23.2405 70.1046 5.1883
		23.2405 67.1300 5.1883
		26.2405 70.1046 5.1883
		26.2405 67.1300 5.1883
		26.2405 70.1046 -10.3978
		26.2405 67.1300 -10.3978
		23.2405 70.1046 -10.3978
		23.2405 67.1300 -10.3978
	}
	face 61 {
		4 V(1 0 2 3) M(0) UV(0.40738 0.56186 0.40738 0.50664 0.46299 0.50664 0.46299 0.56186)
		4 V(3 2 4 5) M(0) UV(0.40738 0.56186 0.40738 0.50664 0.46299 0.50664 0.46299 0.56186)
		4 V(5 4 6 7) M(0) UV(0.40738 0.56186 0.40738 0.50664 0.46299 0.50664 0.46299 0.56186)
		4 V(7 6 0 1) M(0) UV(0.40738 0.56186 0.40738 0.50664 0.46299 0.50664 0.46299 0.56186)
		4 V(0 6 4 2) M(0) UV(0.40738 0.56186 0.40738 0.50664 0.46299 0.50664 0.46299 0.56186)
		4 V(7 1 3 5) M(0) UV(0.40738 0.56186 0.40738 0.50664 0.46299 0.50664 0.46299 0.56186)
		4 V(9 8 10 11) M(0) UV(0.40738 0.56186 0.40738 0.50664 0.46299 0.50664 0.46299 0.56186)
		4 V(11 10 12 13) M(0) UV(0.40738 0.56186 0.40738 0.50664 0.46299 0.50664 0.46299 0.56186)
		4 V(13 12 14 15) M(0) UV(0.40738 0.56186 0.40738 0.50664 0.46299 0.50664 0.46299 0.56186)
		4 V(8 14 12 10) M(0) UV(0.40738 0.56186 0.40738 0.50664 0.46299 0.50664 0.46299 0.56186)
		4 V(15 9 11 13) M(0) UV(0.40738 0.56186 0.40738 0.50664 0.46299 0.50664 0.46299 0.56186)
		4 V(18 16 17 19) M(0) UV(0.46299 0.50664 0.40738 0.50664 0.40738 0.56186 0.46299 0.56186)
		4 V(20 18 19 21) M(0) UV(0.46299 0.50664 0.40738 0.50664 0.40738 0.56186 0.46299 0.56186)
		4 V(22 20 21 23) M(0) UV(0.46299 0.50664 0.40738 0.50664 0.40738 0.56186 0.46299 0.56186)
		4 V(20 22 16 18) M(0) UV(0.46299 0.50664 0.40738 0.50664 0.40738 0.56186 0.46299 0.56186)
		4 V(19 17 23 21) M(0) UV(0.46299 0.50664 0.40738 0.50664 0.40738 0.56186 0.46299 0.56186)
		4 V(25 24 26 27) M(0) UV(0.40738 0.56186 0.40738 0.50664 0.46299 0.50664 0.46299 0.56186)
		4 V(27 26 28 29) M(0) UV(0.40738 0.56186 0.40738 0.50664 0.46299 0.50664 0.46299 0.56186)
		4 V(29 28 30 31) M(0) UV(0.40738 0.56186 0.40738 0.50664 0.46299 0.50664 0.46299 0.56186)
		4 V(31 30 24 25) M(0) UV(0.40738 0.56186 0.40738 0.50664 0.46299 0.50664 0.46299 0.56186)
		4 V(24 30 28 26) M(0) UV(0.40738 0.56186 0.40738 0.50664 0.46299 0.50664 0.46299 0.56186)
		4 V(31 25 27 29) M(0) UV(0.40738 0.56186 0.40738 0.50664 0.46299 0.50664 0.46299 0.56186)
		4 V(34 32 33 35) M(0) UV(0.46299 0.50664 0.40738 0.50664 0.40738 0.56186 0.46299 0.56186)
		4 V(36 34 35 37) M(0) UV(0.46299 0.50664 0.40738 0.50664 0.40738 0.56186 0.46299 0.56186)
		4 V(38 36 37 39) M(0) UV(0.46299 0.50664 0.40738 0.50664 0.40738 0.56186 0.46299 0.56186)
		4 V(36 38 32 34) M(0) UV(0.46299 0.50664 0.40738 0.50664 0.40738 0.56186 0.46299 0.56186)
		4 V(35 33 39 37) M(0) UV(0.46299 0.50664 0.40738 0.50664 0.40738 0.56186 0.46299 0.56186)
		4 V(41 40 42 43) M(0) UV(0.40738 0.56186 0.40738 0.50664 0.46299 0.50664 0.46299 0.56186)
		4 V(43 42 44 45) M(0) UV(0.40738 0.56186 0.40738 0.50664 0.46299 0.50664 0.46299 0.56186)
		4 V(45 44 46 47) M(0) UV(0.40738 0.56186 0.40738 0.50664 0.46299 0.50664 0.46299 0.56186)
		4 V(40 46 44 42) M(0) UV(0.40738 0.56186 0.40738 0.50664 0.46299 0.50664 0.46299 0.56186)
		4 V(47 41 43 45) M(0) UV(0.40738 0.56186 0.40738 0.50664 0.46299 0.50664 0.46299 0.56186)
		4 V(50 48 49 51) M(0) UV(0.46299 0.50664 0.40738 0.50664 0.40738 0.56186 0.46299 0.56186)
		4 V(52 50 51 53) M(0) UV(0.46299 0.50664 0.40738 0.50664 0.40738 0.56186 0.46299 0.56186)
		4 V(54 52 53 55) M(0) UV(0.46299 0.50664 0.40738 0.50664 0.40738 0.56186 0.46299 0.56186)
		4 V(52 54 48 50) M(0) UV(0.46299 0.50664 0.40738 0.50664 0.40738 0.56186 0.46299 0.56186)
		4 V(51 49 55 53) M(0) UV(0.46299 0.50664 0.40738 0.50664 0.40738 0.56186 0.46299 0.56186)
		4 V(58 56 57 59) M(0) UV(0.46299 0.50664 0.40738 0.50664 0.40738 0.56186 0.46299 0.56186)
		4 V(60 58 59 61) M(0) UV(0.46299 0.50664 0.40738 0.50664 0.40738 0.56186 0.46299 0.56186)
		4 V(62 60 61 63) M(0) UV(0.46299 0.50664 0.40738 0.50664 0.40738 0.56186 0.46299 0.56186)
		4 V(56 62 63 57) M(0) UV(0.46299 0.50664 0.40738 0.50664 0.40738 0.56186 0.46299 0.56186)
		4 V(60 62 56 58) M(0) UV(0.46299 0.50664 0.40738 0.50664 0.40738 0.56186 0.46299 0.56186)
		4 V(59 57 63 61) M(0) UV(0.46299 0.50664 0.40738 0.50664 0.40738 0.56186 0.46299 0.56186)
		4 V(65 64 66 67) M(0) UV(0.40738 0.56186 0.40738 0.50664 0.46299 0.50664 0.46299 0.56186)
		4 V(67 66 68 69) M(0) UV(0.40738 0.56186 0.40738 0.50664 0.46299 0.50664 0.46299 0.56186)
		4 V(69 68 70 71) M(0) UV(0.40738 0.56186 0.40738 0.50664 0.46299 0.50664 0.46299 0.56186)
		4 V(71 70 64 65) M(0) UV(0.40738 0.56186 0.40738 0.50664 0.46299 0.50664 0.46299 0.56186)
		4 V(64 70 68 66) M(0) UV(0.40738 0.56186 0.40738 0.50664 0.46299 0.50664 0.46299 0.56186)
		4 V(71 65 67 69) M(0) UV(0.40738 0.56186 0.40738 0.50664 0.46299 0.50664 0.46299 0.56186)
		4 V(73 72 74 75) M(0) UV(0.40738 0.56186 0.40738 0.50664 0.46299 0.50664 0.46299 0.56186)
		4 V(75 74 76 77) M(0) UV(0.40738 0.56186 0.40738 0.50664 0.46299 0.50664 0.46299 0.56186)
		4 V(77 76 78 79) M(0) UV(0.40738 0.56186 0.40738 0.50664 0.46299 0.50664 0.46299 0.56186)
		4 V(79 78 72 73) M(0) UV(0.40738 0.56186 0.40738 0.50664 0.46299 0.50664 0.46299 0.56186)
		4 V(72 78 76 74) M(0) UV(0.40738 0.56186 0.40738 0.50664 0.46299 0.50664 0.46299 0.56186)
		4 V(79 73 75 77) M(0) UV(0.40738 0.56186 0.40738 0.50664 0.46299 0.50664 0.46299 0.56186)
		4 V(81 80 82 83) M(0) UV(0.40738 0.56186 0.40738 0.50664 0.46299 0.50664 0.46299 0.56186)
		4 V(83 82 84 85) M(0) UV(0.40738 0.56186 0.40738 0.50664 0.46299 0.50664 0.46299 0.56186)
		4 V(85 84 86 87) M(0) UV(0.40738 0.56186 0.40738 0.50664 0.46299 0.50664 0.46299 0.56186)
		4 V(87 86 80 81) M(0) UV(0.40738 0.56186 0.40738 0.50664 0.46299 0.50664 0.46299 0.56186)
		4 V(80 86 84 82) M(0) UV(0.40738 0.56186 0.40738 0.50664 0.46299 0.50664 0.46299 0.56186)
		4 V(87 81 83 85) M(0) UV(0.40738 0.56186 0.40738 0.50664 0.46299 0.50664 0.46299 0.56186)
	}
}
Object "jet hasira" {
	depth 2
	folding 0
	scale 1.000000 1.000000 1.000000
	rotation 0.000000 -0.000000 0.000000
	translation 0.000000 0.000000 0.000000
	visible 15
	locking 0
	shading 1
	facet 59.5
	color 0.898 0.498 0.698
	color_type 0
	vertex 16 {
		-48.6883 64.5728 15.8027
		-48.6883 61.2015 15.8027
		48.5363 64.5728 15.8027
		48.5363 61.2015 15.8027
		48.5363 64.5728 3.6555
		48.5363 61.2015 3.6555
		-48.6883 64.5728 3.6555
		-48.6883 61.2015 3.6555
		-48.6883 64.5728 -34.6487
		-48.6883 61.2015 -34.6487
		48.5363 64.5728 -34.6487
		48.5363 61.2015 -34.6487
		48.5363 64.5728 -22.5015
		48.5363 61.2015 -22.5015
		-48.6883 64.5728 -22.5015
		-48.6883 61.2015 -22.5015
	}
	face 12 {
		4 V(1 0 2 3) M(0) UV(0.40782 0.68635 0.40782 0.62682 0.46701 0.62682 0.46701 0.68635)
		4 V(3 2 4 5) M(0) UV(0.40782 0.68635 0.40782 0.62682 0.46701 0.62682 0.46701 0.68635)
		4 V(5 4 6 7) M(0) UV(0.40782 0.68635 0.40782 0.62682 0.46701 0.62682 0.46701 0.68635)
		4 V(7 6 0 1) M(0) UV(0.40782 0.68635 0.40782 0.62682 0.46701 0.62682 0.46701 0.68635)
		4 V(0 6 4 2) M(0) UV(0.40782 0.68635 0.40782 0.62682 0.46701 0.62682 0.46701 0.68635)
		4 V(7 1 3 5) M(0) UV(0.40782 0.68635 0.40782 0.62682 0.46701 0.62682 0.46701 0.68635)
		4 V(10 8 9 11) M(0) UV(0.46701 0.62682 0.40782 0.62682 0.40782 0.68635 0.46701 0.68635)
		4 V(12 10 11 13) M(0) UV(0.46701 0.62682 0.40782 0.62682 0.40782 0.68635 0.46701 0.68635)
		4 V(14 12 13 15) M(0) UV(0.46701 0.62682 0.40782 0.62682 0.40782 0.68635 0.46701 0.68635)
		4 V(8 14 15 9) M(0) UV(0.46701 0.62682 0.40782 0.62682 0.40782 0.68635 0.46701 0.68635)
		4 V(12 14 8 10) M(0) UV(0.46701 0.62682 0.40782 0.62682 0.40782 0.68635 0.46701 0.68635)
		4 V(11 9 15 13) M(0) UV(0.46701 0.62682 0.40782 0.62682 0.40782 0.68635 0.46701 0.68635)
	}
}
Object "jet gaze" {
	depth 2
	folding 0
	scale 1.000000 1.000000 1.000000
	rotation 0.000000 -0.000000 0.000000
	translation 0.000000 0.000000 0.000000
	visible 15
	locking 0
	shading 1
	facet 59.5
	color 0.898 0.498 0.698
	color_type 0
	vertex 8 {
		29.7787 66.5394 3.1965
		29.7787 66.5394 13.2979
		29.7410 70.8231 3.1965
		29.7410 70.8231 13.2979
		19.6773 70.8231 3.1965
		19.6773 70.8231 13.2979
		19.6773 66.5394 3.1965
		19.6773 66.5394 13.2979
	}
	face 6 {
		4 V(2 0 1 3) M(0) UV(0.59121 0.53608 0.59121 0.56111 0.53199 0.56111 0.53199 0.53608)
		4 V(4 2 3 5) M(0) UV(0.59695 0.69027 0.53221 0.69027 0.53221 0.62529 0.59695 0.62529)
		4 V(6 4 5 7) M(0) UV(0.53199 0.56114 0.53199 0.53611 0.59121 0.53611 0.59121 0.56114)
		4 V(0 6 7 1) M(0) UV(0.59120 0.56149 0.53209 0.56149 0.53209 0.50257 0.59120 0.50257)
		4 V(4 6 0 2) M(0) UV(0.59131 0.53619 0.59131 0.56123 0.53210 0.56123 0.53231 0.53619)
		4 V(3 1 7 5) M(0) UV(0.59108 0.53611 0.59131 0.56114 0.53209 0.56114 0.53209 0.53611)
	}
}
Object "CAUTION" {
	depth 2
	folding 0
	scale 1.000000 1.000000 1.000000
	rotation 0.000000 -0.000000 0.000000
	translation 0.000000 0.000000 0.000000
	visible 15
	locking 0
	shading 1
	facet 59.5
	color 0.898 0.498 0.698
	color_type 0
	vertex 4 {
		60.9896 57.0525 -29.5030
		60.9896 57.0525 -55.6409
		60.9896 29.0243 -29.5030
		60.9896 29.0243 -55.6409
	}
	face 1 {
		4 V(2 0 1 3) M(0) UV(0.46671 0.43590 0.46671 0.18471 0.71076 0.18471 0.71076 0.43590)
	}
}
Object "CAUTION2" {
	depth 2
	folding 0
	scale 1.000000 1.000000 1.000000
	rotation 0.000000 -0.000000 0.000000
	translation 0.000000 0.000000 0.000000
	visible 15
	locking 0
	shading 1
	facet 59.5
	color 0.898 0.498 0.698
	color_type 0
	vertex 4 {
		-61.3416 57.0525 -29.5030
		-61.3416 57.0525 -55.6409
		-61.3416 29.0243 -29.5030
		-61.3416 29.0243 -55.6409
	}
	face 1 {
		4 V(1 0 2 3) M(0) UV(0.69536 0.43608 0.93942 0.43608 0.93942 0.18490 0.69536 0.18490)
	}
}
Object "$lg0" {
	depth 0
	folding 1
	scale 1.000000 1.000000 1.000000
	rotation 0.000000 0.000000 0.000000
	translation 0.000000 0.000000 0.000000
	visible 15
	locking 0
	shading 1
	facet 59.5
	color 0.898 0.498 0.698
	color_type 0
	vertex 16 {
		-16.5569 48.3493 27.8551
		-16.5569 -34.2641 27.8551
		-6.5569 48.3493 27.8551
		-6.5569 -34.2641 27.8551
		-6.5569 48.3493 17.8550
		-6.5569 -34.2641 17.8550
		-16.5569 48.3493 17.8550
		-16.5569 -34.2641 17.8550
		16.4049 48.3493 27.8551
		16.4049 -34.2641 27.8551
		6.4049 48.3493 27.8551
		6.4049 -34.2641 27.8551
		6.4049 48.3493 17.8550
		6.4049 -34.2641 17.8550
		16.4049 48.3493 17.8550
		16.4049 -34.2641 17.8550
	}
	face 10 {
		4 V(1 0 2 3) M(0) UV(0.03290 0.41668 0.03290 0.15986 0.08057 0.15986 0.08057 0.41668)
		4 V(3 2 4 5) M(0) UV(0.03274 0.41668 0.03274 0.15986 0.08042 0.15986 0.08042 0.41668)
		4 V(5 4 6 7) M(0) UV(0.03259 0.41668 0.03259 0.15986 0.08026 0.15986 0.08026 0.41668)
		4 V(7 6 0 1) M(0) UV(0.03293 0.41668 0.03293 0.15986 0.08060 0.15986 0.08060 0.41668)
		4 V(7 1 3 5) M(0) UV(0.15765 0.43596 0.15765 0.37711 0.21652 0.37711 0.21652 0.43596)
		4 V(10 8 9 11) M(0) UV(0.03576 0.15869 0.08386 0.15869 0.08386 0.41642 0.03576 0.41642)
		4 V(12 10 11 13) M(0) UV(0.03612 0.15869 0.08421 0.15869 0.08421 0.41642 0.03612 0.41642)
		4 V(14 12 13 15) M(0) UV(0.03595 0.15869 0.08406 0.15869 0.08406 0.41642 0.03595 0.41642)
		4 V(8 14 15 9) M(0) UV(0.03631 0.15869 0.08440 0.15869 0.08440 0.41642 0.03631 0.41642)
		4 V(11 9 15 13) M(0) UV(0.15765 0.37753 0.21652 0.37753 0.21652 0.43638 0.15765 0.43638)
	}
}
Object "$lg1" {
	depth 0
	folding 0
	scale 1.000000 1.000000 1.000000
	rotation 0.000000 0.000000 0.000000
	translation 0.000000 0.000000 0.000000
	visible 15
	locking 0
	shading 1
	facet 59.5
	color 0.898 0.498 0.698
	color_type 0
	vertex 16 {
		-16.5569 48.3493 -46.7009
		-16.5569 -34.2641 -46.7009
		-6.5569 48.3493 -46.7009
		-6.5569 -34.2641 -46.7009
		-6.5569 48.3493 -36.7009
		-6.5569 -34.2641 -36.7009
		-16.5569 48.3493 -36.7009
		-16.5569 -34.2641 -36.7009
		16.4049 48.3493 -46.7009
		16.4049 -34.2641 -46.7009
		6.4049 48.3493 -46.7009
		6.4049 -34.2641 -46.7009
		6.4049 48.3493 -36.7009
		6.4049 -34.2641 -36.7009
		16.4049 48.3493 -36.7009
		16.4049 -34.2641 -36.7009
	}
	face 10 {
		4 V(2 0 1 3) M(0) UV(0.03321 0.16137 0.08061 0.16137 0.08061 0.41677 0.03321 0.41677)
		4 V(4 2 3 5) M(0) UV(0.03315 0.16137 0.08056 0.16137 0.08056 0.41677 0.03315 0.41677)
		4 V(6 4 5 7) M(0) UV(0.03309 0.16137 0.08051 0.16137 0.08051 0.41677 0.03309 0.41677)
		4 V(0 6 7 1) M(0) UV(0.03304 0.16137 0.08045 0.16137 0.08045 0.41677 0.03304 0.41677)
		4 V(3 1 7 5) M(0) UV(0.21650 0.43632 0.15782 0.43632 0.15782 0.37749 0.21650 0.37749)
		4 V(9 8 10 11) M(0) UV(0.03348 0.41677 0.03348 0.16137 0.08089 0.16137 0.08089 0.41677)
		4 V(11 10 12 13) M(0) UV(0.03339 0.41677 0.03339 0.16137 0.08080 0.16137 0.08080 0.41677)
		4 V(13 12 14 15) M(0) UV(0.03337 0.41677 0.03337 0.16137 0.08078 0.16137 0.08078 0.41677)
		4 V(15 14 8 9) M(0) UV(0.03331 0.41677 0.03331 0.16137 0.08072 0.16137 0.08072 0.41677)
		4 V(15 9 11 13) M(0) UV(0.21650 0.37731 0.21650 0.43613 0.15782 0.43613 0.15782 0.37731)
	}
}
Eof
