Metasequoia Document
Format Text Ver 1.0

Scene {
	pos 75.6497 7.6933 1511.4907
	lookat 0.0000 -0.0001 -76.9032
	head -1.5708
	pich 0.0000
	bank 0.0000
	ortho 1
	zoom2 5.0000
	zoom_pers 5.0000
	amb 0.250 0.250 0.250
	dirlights 1 {
		light {
			dir 0.408 0.408 0.816
			color 1.000 1.000 1.000
		}
	}
}
Object "obj2" {
	depth 0
	folding 0
	scale 1.000000 1.000000 1.000000
	rotation 0.000000 0.000000 0.000000
	translation 0.000000 0.000000 0.000000
	visible 15
	locking 0
	shading 1
	facet 59.5
	color 0.898 0.498 0.698
	color_type 0
	vertex 90 {
		0.0000 0.0000 76.7025
		0.0000 -20.6077 59.9234
		14.5719 -14.5718 59.9234
		20.6077 0.0000 59.9234
		14.5719 14.5716 59.9234
		0.0000 20.6075 59.9234
		-14.5715 14.5716 59.9234
		-20.6074 0.0000 59.9234
		-14.5715 -14.5718 59.9234
		0.0000 -20.6077 8.9009
		14.5719 -14.5718 8.9009
		20.6077 0.0000 8.9009
		14.5719 14.5716 8.9009
		0.0000 20.6075 8.9009
		-14.5715 14.5716 8.9009
		-20.6074 0.0000 8.9009
		-14.5715 -14.5718 8.9009
		0.0000 0.0000 -70.8101
		0.0000 -4.9938 -70.8101
		3.5310 -3.5313 -70.8101
		4.9939 0.0000 -70.8101
		3.5310 3.5311 -70.8101
		0.0000 4.9936 -70.8101
		-3.5310 3.5311 -70.8101
		-4.9935 0.0000 -70.8101
		-3.5310 -3.5313 -70.8101
		-1.7637 -20.3048 8.9009
		-1.7637 -20.3048 -77.1039
		1.7640 -20.3048 8.9009
		1.7640 -20.3048 -77.1039
		1.7640 -3.0984 8.9009
		1.7640 -3.0984 -70.8101
		-1.7637 -3.0984 8.9009
		-1.7637 -3.0984 -70.8101
		-20.3045 1.7637 8.9009
		-20.3045 1.7637 -77.1039
		-20.3045 -1.7639 8.9009
		-20.3045 -1.7639 -77.1039
		-3.0981 -1.7639 8.9009
		-3.0981 -1.7639 -70.8101
		-3.0981 1.7637 8.9009
		-3.0981 1.7637 -70.8101
		1.7640 20.3045 8.9009
		1.7640 20.3045 -77.1039
		-1.7637 20.3045 8.9009
		-1.7637 20.3045 -77.1039
		-1.7637 3.0981 8.9009
		-1.7637 3.0981 -70.8101
		1.7640 3.0981 8.9009
		1.7640 3.0981 -70.8101
		20.3045 -1.7639 8.9009
		20.3045 -1.7639 -77.1039
		20.3045 1.7637 8.9009
		20.3045 1.7637 -77.1039
		3.0981 1.7637 8.9009
		3.0981 1.7637 -70.8101
		3.0981 -1.7639 8.9009
		3.0981 -1.7639 -70.8101
		0.0000 -22.8860 -48.9758
		16.1829 -16.1829 -48.9758
		22.8858 0.0000 -48.9758
		16.1829 16.1825 -48.9758
		0.0000 22.8858 -48.9758
		-16.1825 16.1825 -48.9758
		-22.8857 0.0000 -48.9758
		-16.1825 -16.1829 -48.9758
		0.0000 -22.8860 -77.1039
		16.1829 -16.1829 -77.1039
		22.8858 0.0000 -77.1039
		16.1829 16.1825 -77.1039
		0.0000 22.8858 -77.1039
		-16.1825 16.1825 -77.1039
		-22.8857 0.0000 -77.1039
		-16.1825 -16.1829 -77.1039
		0.0000 -18.9954 -48.9758
		13.4317 -13.4317 -48.9758
		18.9954 0.0000 -48.9758
		13.4317 13.4316 -48.9758
		0.0000 18.9951 -48.9758
		-13.4316 13.4316 -48.9758
		-18.9952 0.0000 -48.9758
		-13.4316 -13.4317 -48.9758
		0.0000 -18.9954 -77.1039
		13.4317 -13.4317 -77.1039
		18.9954 0.0000 -77.1039
		13.4317 13.4316 -77.1039
		0.0000 18.9951 -77.1039
		-13.4316 13.4316 -77.1039
		-18.9952 0.0000 -77.1039
		-13.4316 -13.4317 -77.1039
	}
	face 84 {
		4 V(1 2 10 9) UV(0.95594 0.78324 0.97271 0.78324 0.97271 0.83205 0.95594 0.83205)
		4 V(2 3 11 10) UV(0.97271 0.78324 0.97965 0.78324 0.97965 0.83205 0.97271 0.83205)
		4 V(3 4 12 11) UV(0.97965 0.78324 0.97271 0.78324 0.97271 0.83205 0.97965 0.83205)
		4 V(4 5 13 12) UV(0.97271 0.78324 0.95594 0.78324 0.95594 0.83205 0.97271 0.83205)
		4 V(5 6 14 13) UV(0.95594 0.78324 0.93918 0.78324 0.93918 0.83205 0.95594 0.83205)
		4 V(6 7 15 14) UV(0.93918 0.78324 0.93223 0.78324 0.93223 0.83205 0.93918 0.83205)
		4 V(7 8 16 15) UV(0.93223 0.78324 0.93918 0.78324 0.93918 0.83205 0.93223 0.83205)
		4 V(8 1 9 16) UV(0.93918 0.78324 0.95594 0.78324 0.95594 0.83205 0.93918 0.83205)
		3 V(0 2 1) UV(0.95594 0.76719 0.97271 0.78324 0.95594 0.78324)
		3 V(0 3 2) UV(0.95594 0.76719 0.97965 0.78324 0.97271 0.78324)
		3 V(0 4 3) UV(0.95594 0.76719 0.97271 0.78324 0.97965 0.78324)
		3 V(0 5 4) UV(0.95594 0.76719 0.95594 0.78324 0.97271 0.78324)
		3 V(0 6 5) UV(0.95594 0.76719 0.93918 0.78324 0.95594 0.78324)
		3 V(0 7 6) UV(0.95594 0.76719 0.93223 0.78324 0.93918 0.78324)
		3 V(0 8 7) UV(0.95594 0.76719 0.93918 0.78324 0.93223 0.78324)
		3 V(0 1 8) UV(0.95594 0.76719 0.95594 0.78324 0.93918 0.78324)
		3 V(19 17 18) UV(0.96000 0.90830 0.95594 0.90830 0.95594 0.90830)
		4 V(19 18 9 10) UV(0.96000 0.90830 0.95594 0.90830 0.95594 0.83205 0.97271 0.83205)
		3 V(20 17 19) UV(0.96169 0.90830 0.95594 0.90830 0.96000 0.90830)
		4 V(20 19 10 11) UV(0.96169 0.90830 0.96000 0.90830 0.97271 0.83205 0.97965 0.83205)
		3 V(21 17 20) UV(0.96000 0.90830 0.95594 0.90830 0.96169 0.90830)
		4 V(21 20 11 12) UV(0.96000 0.90830 0.96169 0.90830 0.97965 0.83205 0.97271 0.83205)
		3 V(22 17 21) UV(0.95594 0.90830 0.95594 0.90830 0.96000 0.90830)
		4 V(22 21 12 13) UV(0.95594 0.90830 0.96000 0.90830 0.97271 0.83205 0.95594 0.83205)
		3 V(23 17 22) UV(0.95188 0.90830 0.95594 0.90830 0.95594 0.90830)
		4 V(23 22 13 14) UV(0.95188 0.90830 0.95594 0.90830 0.95594 0.83205 0.93918 0.83205)
		3 V(24 17 23) UV(0.95020 0.90830 0.95594 0.90830 0.95188 0.90830)
		4 V(24 23 14 15) UV(0.95020 0.90830 0.95188 0.90830 0.93918 0.83205 0.93223 0.83205)
		3 V(25 17 24) UV(0.95188 0.90830 0.95594 0.90830 0.95020 0.90830)
		4 V(25 24 15 16) UV(0.95188 0.90830 0.95020 0.90830 0.93223 0.83205 0.93918 0.83205)
		3 V(18 17 25) UV(0.95594 0.90830 0.95594 0.90830 0.95188 0.90830)
		4 V(18 25 16 9) UV(0.95594 0.90830 0.95188 0.90830 0.93918 0.83205 0.95594 0.83205)
		4 V(28 30 31 29) UV(0.80455 0.78180 0.83622 0.78180 0.83622 0.89670 0.80455 0.90660)
		4 V(30 32 33 31) UV(0.83622 0.78180 0.83622 0.78180 0.83622 0.89670 0.83622 0.89670)
		4 V(32 26 27 33) UV(0.83622 0.78180 0.80455 0.78180 0.80455 0.90660 0.83622 0.89670)
		4 V(27 29 31 33) UV(0.80455 0.90660 0.80455 0.90660 0.83622 0.89670 0.83622 0.89670)
		4 V(29 27 26 28) UV(0.80455 0.90660 0.80455 0.90660 0.80455 0.78180 0.80455 0.78180)
		4 V(36 38 39 37) UV(0.80455 0.78180 0.83622 0.78180 0.83622 0.89670 0.80455 0.90660)
		4 V(38 40 41 39) UV(0.83622 0.78180 0.83622 0.78180 0.83622 0.89670 0.83622 0.89670)
		4 V(40 34 35 41) UV(0.83622 0.78180 0.80455 0.78180 0.80455 0.90660 0.83622 0.89670)
		4 V(35 37 39 41) UV(0.80455 0.90660 0.80455 0.90660 0.83622 0.89670 0.83622 0.89670)
		4 V(37 35 34 36) UV(0.80455 0.90660 0.80455 0.90660 0.80455 0.78180 0.80455 0.78180)
		4 V(44 46 47 45) UV(0.80455 0.78180 0.83622 0.78180 0.83622 0.89670 0.80455 0.90660)
		4 V(46 48 49 47) UV(0.83622 0.78180 0.83622 0.78180 0.83622 0.89670 0.83622 0.89670)
		4 V(48 42 43 49) UV(0.83622 0.78180 0.80455 0.78180 0.80455 0.90660 0.83622 0.89670)
		4 V(43 45 47 49) UV(0.80455 0.90660 0.80455 0.90660 0.83622 0.89670 0.83622 0.89670)
		4 V(45 43 42 44) UV(0.80455 0.90660 0.80455 0.90660 0.80455 0.78180 0.80455 0.78180)
		4 V(52 54 55 53) UV(0.80455 0.78180 0.83622 0.78180 0.83622 0.89670 0.80455 0.90660)
		4 V(54 56 57 55) UV(0.83622 0.78180 0.83622 0.78180 0.83622 0.89670 0.83622 0.89670)
		4 V(56 50 51 57) UV(0.83622 0.78180 0.80455 0.78180 0.80455 0.90660 0.83622 0.89670)
		4 V(51 53 55 57) UV(0.80455 0.90660 0.80455 0.90660 0.83622 0.89670 0.83622 0.89670)
		4 V(53 51 50 52) UV(0.80455 0.90660 0.80455 0.90660 0.80455 0.78180 0.80455 0.78180)
		4 V(58 59 67 66) UV(0.76613 0.89236 0.76613 0.88002 0.79849 0.88002 0.79849 0.89236)
		4 V(75 74 82 83) UV(0.76613 0.87495 0.76613 0.88520 0.79849 0.88520 0.79849 0.87495)
		4 V(59 60 68 67) UV(0.76613 0.88002 0.76613 0.85023 0.79849 0.85023 0.79849 0.88002)
		4 V(76 75 83 84) UV(0.76613 0.85023 0.76613 0.87495 0.79849 0.87495 0.79849 0.85023)
		4 V(60 61 69 68) UV(0.76613 0.85023 0.76613 0.82044 0.79849 0.82044 0.79849 0.85023)
		4 V(77 76 84 85) UV(0.76613 0.82551 0.76613 0.85023 0.79849 0.85023 0.79849 0.82551)
		4 V(61 62 70 69) UV(0.76613 0.82044 0.76613 0.80811 0.79849 0.80811 0.79849 0.82044)
		4 V(78 77 85 86) UV(0.76613 0.81527 0.76613 0.82551 0.79849 0.82551 0.79849 0.81527)
		4 V(62 63 71 70) UV(0.76613 0.80811 0.76613 0.82044 0.79849 0.82044 0.79849 0.80811)
		4 V(79 78 86 87) UV(0.76613 0.82551 0.76613 0.81527 0.79849 0.81527 0.79849 0.82551)
		4 V(63 64 72 71) UV(0.76613 0.82044 0.76613 0.85023 0.79849 0.85023 0.79849 0.82044)
		4 V(80 79 87 88) UV(0.76613 0.85023 0.76613 0.82551 0.79849 0.82551 0.79849 0.85023)
		4 V(64 65 73 72) UV(0.76613 0.85023 0.76613 0.88002 0.79849 0.88002 0.79849 0.85023)
		4 V(81 80 88 89) UV(0.76613 0.87495 0.76613 0.85023 0.79849 0.85023 0.79849 0.87495)
		4 V(65 58 66 73) UV(0.76613 0.88002 0.76613 0.89236 0.79849 0.89236 0.79849 0.88002)
		4 V(74 81 89 82) UV(0.76613 0.88520 0.76613 0.87495 0.79849 0.87495 0.79849 0.88520)
		4 V(58 74 75 59) UV(0.76613 0.89236 0.76613 0.88520 0.76613 0.87495 0.76613 0.88002)
		4 V(66 67 83 82) UV(0.79849 0.89236 0.79849 0.88002 0.79849 0.87495 0.79849 0.88520)
		4 V(59 75 76 60) UV(0.76613 0.88002 0.76613 0.87495 0.76613 0.85023 0.76613 0.85023)
		4 V(67 68 84 83) UV(0.79849 0.88002 0.79849 0.85023 0.79849 0.85023 0.79849 0.87495)
		4 V(60 76 77 61) UV(0.76613 0.85023 0.76613 0.85023 0.76613 0.82551 0.76613 0.82044)
		4 V(68 69 85 84) UV(0.79849 0.85023 0.79849 0.82044 0.79849 0.82551 0.79849 0.85023)
		4 V(61 77 78 62) UV(0.76613 0.82044 0.76613 0.82551 0.76613 0.81527 0.76613 0.80811)
		4 V(69 70 86 85) UV(0.79849 0.82044 0.79849 0.80811 0.79849 0.81527 0.79849 0.82551)
		4 V(62 78 79 63) UV(0.76613 0.80811 0.76613 0.81527 0.76613 0.82551 0.76613 0.82044)
		4 V(70 71 87 86) UV(0.79849 0.80811 0.79849 0.82044 0.79849 0.82551 0.79849 0.81527)
		4 V(63 79 80 64) UV(0.76613 0.82044 0.76613 0.82551 0.76613 0.85023 0.76613 0.85023)
		4 V(71 72 88 87) UV(0.79849 0.82044 0.79849 0.85023 0.79849 0.85023 0.79849 0.82551)
		4 V(64 80 81 65) UV(0.76613 0.85023 0.76613 0.85023 0.76613 0.87495 0.76613 0.88002)
		4 V(72 73 89 88) UV(0.79849 0.85023 0.79849 0.88002 0.79849 0.87495 0.79849 0.85023)
		4 V(65 81 74 58) UV(0.76613 0.88002 0.76613 0.87495 0.76613 0.88520 0.76613 0.89236)
		4 V(73 66 82 89) UV(0.79849 0.88002 0.79849 0.89236 0.79849 0.88520 0.79849 0.87495)
	}
}
Eof
