Metasequoia Document
Format Text Ver 1.1

Scene {
	pos -0.0000 -0.0000 3839.9988
	lookat 23.0255 180.5084 -105.0563
	head -0.3400
	pich 0.2792
	bank 0.0000
	ortho 0
	zoom2 1.9531
	amb 0.250 0.250 0.250
	dirlights 1 {
		light {
			dir 0.455 0.374 0.809
			color 1.000 1.000 1.000
		}
	}
}
Material 1 {
	"mat1" shader(3) col(1.000 1.000 1.000 1.000) dif(0.800) amb(0.600) emi(0.000) spc(0.000) power(5.00)
}
Object "$body" {
	depth 0
	folding 1
	scale 1.000000 1.000000 1.000000
	rotation 0.000000 0.000000 0.000000
	translation 0.000000 0.000000 0.000000
	visible 15
	locking 0
	shading 1
	facet 59.5
	color 0.898 0.498 0.698
	color_type 0
	vertex 8 {
		-150.0000 420.0000 150.0000
		-150.0000 119.9997 150.0000
		150.0000 420.0000 150.0000
		150.0000 119.9997 150.0000
		150.0000 420.0000 -150.0000
		150.0000 119.9997 -150.0000
		-150.0000 420.0000 -150.0000
		-150.0000 119.9997 -150.0000
	}
	face 12 {
		3 V(2 3 1) M(0) UV(0.49819 0.50030 0.49865 0.99991 0.24853 1.00010)
		3 V(2 1 0) M(0) UV(0.49819 0.50030 0.24853 1.00010 0.25000 0.50030)
		3 V(4 5 3) M(0) UV(0.74991 0.49980 0.74991 0.99999 0.49858 0.99999)
		3 V(4 3 2) M(0) UV(0.74991 0.49980 0.49858 0.99999 0.49814 0.50009)
		3 V(6 7 5) M(0) UV(0.99990 0.49988 0.99990 0.99978 0.75003 0.99978)
		3 V(6 5 4) M(0) UV(0.99990 0.49988 0.75003 0.99978 0.75003 0.49988)
		3 V(0 1 7) M(0) UV(0.24996 0.50009 0.24849 1.00000 -0.00001 0.99997)
		3 V(0 7 6) M(0) UV(0.24996 0.50009 -0.00001 0.99997 0.00012 0.50002)
		3 V(4 2 0) M(0) UV(0.49894 -0.00011 0.49808 0.50011 0.24999 0.50023)
		3 V(4 0 6) M(0) UV(0.49894 -0.00011 0.24999 0.50023 0.25002 -0.00008)
		3 V(3 5 7) M(0) UV(0.74999 -0.00001 0.74999 0.49982 0.49804 0.50026)
		3 V(3 7 1) M(0) UV(0.74999 -0.00001 0.49804 0.50026 0.49897 0.00029)
	}
}
Object "obj2" {
	depth 1
	folding 0
	scale 1.000000 1.000000 1.000000
	rotation 0.000000 -0.000000 0.000000
	translation 0.000000 0.000000 0.000000
	visible 15
	locking 0
	shading 1
	facet 59.5
	color 0.898 0.498 0.698
	color_type 0
	vertex 16 {
		-123.2292 150.2941 124.6456
		-116.8422 -40.8048 85.4473
		-79.7567 151.9470 124.9281
		-73.3695 -39.1518 85.7296
		-79.8139 162.6181 81.0090
		-73.4268 -28.4807 41.8105
		-123.2865 160.9655 80.7269
		-116.8994 -30.1334 41.5284
		123.2292 150.2941 124.6456
		116.8422 -40.8048 85.4473
		79.7567 151.9470 124.9281
		73.3695 -39.1518 85.7296
		79.8139 162.6181 81.0090
		73.4268 -28.4807 41.8105
		123.2865 160.9655 80.7269
		116.8994 -30.1334 41.5284
	}
	face 24 {
		3 V(2 3 1) M(0) UV(0.06261 0.06229 0.06291 0.49866 0.03122 0.49827)
		3 V(2 1 0) M(0) UV(0.06261 0.06229 0.03122 0.49827 0.03144 0.06242)
		3 V(4 5 3) M(0) UV(0.09370 0.06278 0.09373 0.50019 0.06291 0.49866)
		3 V(4 3 2) M(0) UV(0.09370 0.06278 0.06291 0.49866 0.06261 0.06229)
		3 V(6 7 5) M(0) UV(0.12461 0.06331 0.12465 0.49969 0.09373 0.50019)
		3 V(6 5 4) M(0) UV(0.12461 0.06331 0.09373 0.50019 0.09370 0.06278)
		3 V(0 1 7) M(0) UV(0.03144 0.06242 0.03122 0.49827 -0.00016 0.50083)
		3 V(0 7 6) M(0) UV(0.03144 0.06242 -0.00016 0.50083 -0.00007 0.06235)
		3 V(4 2 0) M(0) UV(0.09370 0.06278 0.06261 0.06229 0.06280 0.00127)
		3 V(4 0 6) M(0) UV(0.09370 0.06278 0.06280 0.00127 0.09355 0.00027)
		3 V(3 5 7) M(0) UV(0.06274 0.00040 0.06262 0.06229 0.03138 0.06219)
		3 V(3 7 1) M(0) UV(0.06274 0.00040 0.03138 0.06219 0.03166 -0.00002)
		3 V(9 11 10) M(0) UV(0.03122 0.49827 0.06291 0.49866 0.06261 0.06229)
		3 V(8 9 10) M(0) UV(0.03144 0.06242 0.03122 0.49827 0.06261 0.06229)
		3 V(11 13 12) M(0) UV(0.06291 0.49866 0.09373 0.50019 0.09370 0.06278)
		3 V(10 11 12) M(0) UV(0.06261 0.06229 0.06291 0.49866 0.09370 0.06278)
		3 V(13 15 14) M(0) UV(0.09373 0.50019 0.12465 0.49969 0.12461 0.06331)
		3 V(12 13 14) M(0) UV(0.09370 0.06278 0.09373 0.50019 0.12461 0.06331)
		3 V(15 9 8) M(0) UV(-0.00016 0.50083 0.03122 0.49827 0.03144 0.06242)
		3 V(14 15 8) M(0) UV(-0.00007 0.06235 -0.00016 0.50083 0.03144 0.06242)
		3 V(8 10 12) M(0) UV(0.06280 0.00127 0.06261 0.06229 0.09370 0.06278)
		3 V(14 8 12) M(0) UV(0.09355 0.00027 0.06280 0.00127 0.09370 0.06278)
		3 V(15 13 11) M(0) UV(0.03138 0.06219 0.06262 0.06229 0.06274 0.00040)
		3 V(9 15 11) M(0) UV(0.03166 -0.00002 0.03138 0.06219 0.06274 0.00040)
	}
}
Object "obj3" {
	depth 1
	folding 0
	scale 1.000000 1.000000 1.000000
	rotation 0.000000 -0.000000 0.000000
	translation 0.000000 0.000000 0.000000
	visible 15
	locking 0
	shading 1
	facet 59.5
	color 0.898 0.498 0.698
	color_type 0
	vertex 16 {
		-128.8969 141.0905 33.1689
		-110.2788 -33.6002 -6.0294
		-85.6362 145.6378 33.4513
		-67.0181 -29.0529 -5.7473
		-86.3773 155.4137 -10.4679
		-67.7589 -19.2770 -49.6664
		-129.6380 150.8665 -10.7500
		-111.0198 -23.8242 -49.9485
		128.8969 141.0905 33.1689
		110.2788 -33.6002 -6.0294
		85.6362 145.6378 33.4513
		67.0181 -29.0529 -5.7473
		86.3773 155.4137 -10.4679
		67.7589 -19.2770 -49.6664
		129.6380 150.8665 -10.7500
		111.0198 -23.8242 -49.9485
	}
	face 24 {
		3 V(2 3 1) M(0) UV(0.06261 0.06229 0.06291 0.49866 0.03122 0.49827)
		3 V(2 1 0) M(0) UV(0.06261 0.06229 0.03122 0.49827 0.03144 0.06242)
		3 V(4 5 3) M(0) UV(0.09370 0.06278 0.09373 0.50019 0.06291 0.49866)
		3 V(4 3 2) M(0) UV(0.09370 0.06278 0.06291 0.49866 0.06261 0.06229)
		3 V(6 7 5) M(0) UV(0.12461 0.06331 0.12465 0.49969 0.09373 0.50019)
		3 V(6 5 4) M(0) UV(0.12461 0.06331 0.09373 0.50019 0.09370 0.06278)
		3 V(0 1 7) M(0) UV(0.03144 0.06242 0.03122 0.49827 -0.00016 0.50083)
		3 V(0 7 6) M(0) UV(0.03144 0.06242 -0.00016 0.50083 -0.00007 0.06235)
		3 V(4 2 0) M(0) UV(0.09370 0.06278 0.06261 0.06229 0.06280 0.00127)
		3 V(4 0 6) M(0) UV(0.09370 0.06278 0.06280 0.00127 0.09355 0.00027)
		3 V(3 5 7) M(0) UV(0.06274 0.00040 0.06262 0.06229 0.03138 0.06219)
		3 V(3 7 1) M(0) UV(0.06274 0.00040 0.03138 0.06219 0.03166 -0.00002)
		3 V(9 11 10) M(0) UV(0.03122 0.49827 0.06291 0.49866 0.06261 0.06229)
		3 V(8 9 10) M(0) UV(0.03144 0.06242 0.03122 0.49827 0.06261 0.06229)
		3 V(11 13 12) M(0) UV(0.06291 0.49866 0.09373 0.50019 0.09370 0.06278)
		3 V(10 11 12) M(0) UV(0.06261 0.06229 0.06291 0.49866 0.09370 0.06278)
		3 V(13 15 14) M(0) UV(0.09373 0.50019 0.12465 0.49969 0.12461 0.06331)
		3 V(12 13 14) M(0) UV(0.09370 0.06278 0.09373 0.50019 0.12461 0.06331)
		3 V(15 9 8) M(0) UV(-0.00016 0.50083 0.03122 0.49827 0.03144 0.06242)
		3 V(14 15 8) M(0) UV(-0.00007 0.06235 -0.00016 0.50083 0.03144 0.06242)
		3 V(8 10 12) M(0) UV(0.06280 0.00127 0.06261 0.06229 0.09370 0.06278)
		3 V(14 8 12) M(0) UV(0.09355 0.00027 0.06280 0.00127 0.09370 0.06278)
		3 V(15 13 11) M(0) UV(0.03138 0.06219 0.06262 0.06229 0.06274 0.00040)
		3 V(9 15 11) M(0) UV(0.03166 -0.00002 0.03138 0.06219 0.06274 0.00040)
	}
}
Object "obj4" {
	depth 1
	folding 0
	scale 1.000000 1.000000 1.000000
	rotation 0.000000 -0.000000 0.000000
	translation 0.000000 0.000000 0.000000
	visible 15
	locking 0
	shading 1
	facet 59.5
	color 0.898 0.498 0.698
	color_type 0
	vertex 16 {
		-111.7660 144.2130 -52.3839
		-129.6696 -29.0706 -97.6856
		-68.5067 139.6560 -52.0488
		-86.4102 -33.6278 -97.3504
		-66.9865 150.8841 -95.5991
		-84.8900 -22.3995 -140.9005
		-110.2458 155.4414 -95.9338
		-128.1494 -17.8422 -141.2356
		111.7660 144.2130 -52.3839
		129.6696 -29.0706 -97.6856
		68.5067 139.6560 -52.0488
		86.4102 -33.6278 -97.3504
		66.9865 150.8841 -95.5991
		84.8900 -22.3995 -140.9005
		110.2458 155.4414 -95.9338
		128.1494 -17.8422 -141.2356
	}
	face 24 {
		3 V(2 3 1) M(0) UV(0.06261 0.06229 0.06291 0.49866 0.03122 0.49827)
		3 V(2 1 0) M(0) UV(0.06261 0.06229 0.03122 0.49827 0.03144 0.06242)
		3 V(4 5 3) M(0) UV(0.09370 0.06278 0.09373 0.50019 0.06291 0.49866)
		3 V(4 3 2) M(0) UV(0.09370 0.06278 0.06291 0.49866 0.06261 0.06229)
		3 V(6 7 5) M(0) UV(0.12461 0.06331 0.12465 0.49969 0.09373 0.50019)
		3 V(6 5 4) M(0) UV(0.12461 0.06331 0.09373 0.50019 0.09370 0.06278)
		3 V(0 1 7) M(0) UV(0.03144 0.06242 0.03122 0.49827 -0.00016 0.50083)
		3 V(0 7 6) M(0) UV(0.03144 0.06242 -0.00016 0.50083 -0.00007 0.06235)
		3 V(4 2 0) M(0) UV(0.09370 0.06278 0.06261 0.06229 0.06280 0.00127)
		3 V(4 0 6) M(0) UV(0.09370 0.06278 0.06280 0.00127 0.09355 0.00027)
		3 V(3 5 7) M(0) UV(0.06274 0.00040 0.06262 0.06229 0.03138 0.06219)
		3 V(3 7 1) M(0) UV(0.06274 0.00040 0.03138 0.06219 0.03166 -0.00002)
		3 V(9 11 10) M(0) UV(0.03122 0.49827 0.06291 0.49866 0.06261 0.06229)
		3 V(8 9 10) M(0) UV(0.03144 0.06242 0.03122 0.49827 0.06261 0.06229)
		3 V(11 13 12) M(0) UV(0.06291 0.49866 0.09373 0.50019 0.09370 0.06278)
		3 V(10 11 12) M(0) UV(0.06261 0.06229 0.06291 0.49866 0.09370 0.06278)
		3 V(13 15 14) M(0) UV(0.09373 0.50019 0.12465 0.49969 0.12461 0.06331)
		3 V(12 13 14) M(0) UV(0.09370 0.06278 0.09373 0.50019 0.12461 0.06331)
		3 V(15 9 8) M(0) UV(-0.00016 0.50083 0.03122 0.49827 0.03144 0.06242)
		3 V(14 15 8) M(0) UV(-0.00007 0.06235 -0.00016 0.50083 0.03144 0.06242)
		3 V(8 10 12) M(0) UV(0.06280 0.00127 0.06261 0.06229 0.09370 0.06278)
		3 V(14 8 12) M(0) UV(0.09355 0.00027 0.06280 0.00127 0.09370 0.06278)
		3 V(15 13 11) M(0) UV(0.03138 0.06219 0.06262 0.06229 0.06274 0.00040)
		3 V(9 15 11) M(0) UV(0.03166 -0.00002 0.03138 0.06219 0.06274 0.00040)
	}
}
Object "obj5" {
	depth 1
	folding 0
	scale 1.000000 1.000000 1.000000
	rotation 0.000000 -0.000000 0.000000
	translation 0.000000 0.000000 0.000000
	visible 15
	locking 0
	shading 1
	facet 59.5
	color 0.898 0.498 0.698
	color_type 0
	vertex 8 {
		-22.5006 133.6160 -40.3162
		-16.1136 -31.2429 -112.2936
		20.9720 135.0527 -39.7493
		27.3591 -29.8062 -111.7267
		20.9146 153.0564 -80.9910
		27.3018 -11.8025 -152.9682
		-22.5579 151.6199 -81.5575
		-16.1707 -13.2390 -153.5350
	}
	face 12 {
		3 V(2 3 1) M(0) UV(0.06261 0.06229 0.06291 0.49866 0.03122 0.49827)
		3 V(2 1 0) M(0) UV(0.06261 0.06229 0.03122 0.49827 0.03144 0.06242)
		3 V(4 5 3) M(0) UV(0.09370 0.06278 0.09373 0.50019 0.06291 0.49866)
		3 V(4 3 2) M(0) UV(0.09370 0.06278 0.06291 0.49866 0.06261 0.06229)
		3 V(6 7 5) M(0) UV(0.12461 0.06331 0.12465 0.49969 0.09373 0.50019)
		3 V(6 5 4) M(0) UV(0.12461 0.06331 0.09373 0.50019 0.09370 0.06278)
		3 V(0 1 7) M(0) UV(0.03144 0.06242 0.03122 0.49827 -0.00016 0.50083)
		3 V(0 7 6) M(0) UV(0.03144 0.06242 -0.00016 0.50083 -0.00007 0.06235)
		3 V(4 2 0) M(0) UV(0.09370 0.06278 0.06261 0.06229 0.06280 0.00127)
		3 V(4 0 6) M(0) UV(0.09370 0.06278 0.06280 0.00127 0.09355 0.00027)
		3 V(3 5 7) M(0) UV(0.06274 0.00040 0.06262 0.06229 0.03138 0.06219)
		3 V(3 7 1) M(0) UV(0.06274 0.00040 0.03138 0.06219 0.03166 -0.00002)
	}
}
Object "obj6" {
	depth 1
	folding 0
	scale 1.000000 1.000000 1.000000
	rotation 0.000000 -0.000000 0.000000
	translation 0.000000 0.000000 0.000000
	visible 15
	locking 0
	shading 1
	facet 59.5
	color 0.898 0.498 0.698
	color_type 0
	vertex 8 {
		-23.9172 134.7297 32.7729
		-14.4797 -23.0548 -3.3603
		19.5224 136.7739 33.0023
		28.9600 -21.0107 -3.1311
		19.2806 144.8683 -11.0812
		28.7184 -12.9162 -47.2144
		-24.1590 142.8243 -11.3103
		-14.7212 -14.9603 -47.4436
	}
	face 12 {
		3 V(2 3 1) M(0) UV(0.06261 0.06229 0.06291 0.49866 0.03122 0.49827)
		3 V(2 1 0) M(0) UV(0.06261 0.06229 0.03122 0.49827 0.03144 0.06242)
		3 V(4 5 3) M(0) UV(0.09370 0.06278 0.09373 0.50019 0.06291 0.49866)
		3 V(4 3 2) M(0) UV(0.09370 0.06278 0.06291 0.49866 0.06261 0.06229)
		3 V(6 7 5) M(0) UV(0.12461 0.06331 0.12465 0.49969 0.09373 0.50019)
		3 V(6 5 4) M(0) UV(0.12461 0.06331 0.09373 0.50019 0.09370 0.06278)
		3 V(0 1 7) M(0) UV(0.03144 0.06242 0.03122 0.49827 -0.00016 0.50083)
		3 V(0 7 6) M(0) UV(0.03144 0.06242 -0.00016 0.50083 -0.00007 0.06235)
		3 V(4 2 0) M(0) UV(0.09370 0.06278 0.06261 0.06229 0.06280 0.00127)
		3 V(4 0 6) M(0) UV(0.09370 0.06278 0.06280 0.00127 0.09355 0.00027)
		3 V(3 5 7) M(0) UV(0.06274 0.00040 0.06262 0.06229 0.03138 0.06219)
		3 V(3 7 1) M(0) UV(0.06274 0.00040 0.03138 0.06219 0.03166 -0.00002)
	}
}
Object "obj7" {
	depth 1
	folding 0
	scale 1.000000 1.000000 1.000000
	rotation 0.000000 -0.000000 0.000000
	translation 0.000000 0.000000 0.000000
	visible 15
	locking 0
	shading 1
	facet 59.5
	color 0.898 0.498 0.698
	color_type 0
	vertex 8 {
		-24.8745 137.8020 131.9753
		-15.5127 -32.5655 74.6403
		18.5657 140.0412 132.4149
		27.9276 -30.3261 75.0798
		18.2580 154.3786 89.7610
		27.6201 -15.9885 32.4259
		-25.1820 152.1397 89.3219
		-15.8202 -18.2276 31.9866
	}
	face 12 {
		3 V(2 3 1) M(0) UV(0.06261 0.06229 0.06291 0.49866 0.03122 0.49827)
		3 V(2 1 0) M(0) UV(0.06261 0.06229 0.03122 0.49827 0.03144 0.06242)
		3 V(4 5 3) M(0) UV(0.09370 0.06278 0.09373 0.50019 0.06291 0.49866)
		3 V(4 3 2) M(0) UV(0.09370 0.06278 0.06291 0.49866 0.06261 0.06229)
		3 V(6 7 5) M(0) UV(0.12461 0.06331 0.12465 0.49969 0.09373 0.50019)
		3 V(6 5 4) M(0) UV(0.12461 0.06331 0.09373 0.50019 0.09370 0.06278)
		3 V(0 1 7) M(0) UV(0.03144 0.06242 0.03122 0.49827 -0.00016 0.50083)
		3 V(0 7 6) M(0) UV(0.03144 0.06242 -0.00016 0.50083 -0.00007 0.06235)
		3 V(4 2 0) M(0) UV(0.09370 0.06278 0.06261 0.06229 0.06280 0.00127)
		3 V(4 0 6) M(0) UV(0.09370 0.06278 0.06280 0.00127 0.09355 0.00027)
		3 V(3 5 7) M(0) UV(0.06274 0.00040 0.06262 0.06229 0.03138 0.06219)
		3 V(3 7 1) M(0) UV(0.06274 0.00040 0.03138 0.06219 0.03166 -0.00002)
	}
}
Object "$blade0" {
	depth 0
	folding 0
	scale 1.000000 1.000000 1.000000
	rotation 0.000000 0.000000 0.000000
	translation 0.000000 0.000000 0.000000
	visible 15
	locking 0
	shading 1
	facet 59.5
	color 0.898 0.498 0.698
	color_type 0
	vertex 75 {
		0.0000 467.8338 0.0000
		0.0000 467.8338 12.8940
		11.1666 467.8338 6.4470
		11.1666 467.8338 -6.4470
		0.0000 467.8338 -12.8940
		-11.1666 467.8338 -6.4470
		-11.1666 467.8338 6.4470
		0.0000 417.5215 12.8940
		11.1666 417.5215 6.4470
		11.1666 417.5215 -6.4470
		0.0000 417.5215 -12.8940
		-11.1666 417.5215 -6.4470
		-11.1666 417.5215 6.4470
		215.1909 457.3358 0.0000
		208.7276 457.3356 8.4147
		208.7276 453.5817 4.2073
		208.7276 453.5817 -4.2073
		208.7276 457.3356 -8.4147
		208.7278 461.0897 -4.2073
		208.7278 461.0897 4.2073
		165.8554 457.3358 14.5746
		165.8554 450.8337 7.2873
		165.8554 450.8337 -7.2873
		165.8554 457.3358 -14.5746
		165.8556 463.8376 -7.2873
		165.8556 463.8376 7.2873
		107.2908 457.3356 15.5385
		107.2908 449.8280 7.7692
		107.2906 449.8280 -7.7692
		107.2908 457.3356 -15.5385
		107.2908 464.8434 -7.7692
		107.2908 464.8434 7.7692
		48.7260 457.3356 14.2157
		48.7258 450.8337 7.1079
		48.7258 450.8337 -7.1079
		48.7260 457.3358 -14.2157
		48.7260 463.8376 -7.1079
		48.7260 463.8376 7.1079
		5.8537 457.3356 8.2074
		5.8534 453.5817 4.1037
		5.8534 453.5817 -4.1037
		5.8537 457.3356 -8.2074
		5.8537 461.0897 -4.1037
		5.8537 461.0897 4.1037
		-215.1909 457.3358 0.0000
		-208.7276 457.3356 8.4147
		-208.7276 453.5817 4.2073
		-208.7276 453.5817 -4.2073
		-208.7276 457.3356 -8.4147
		-208.7278 461.0897 -4.2073
		-208.7278 461.0897 4.2073
		-165.8554 457.3358 14.5746
		-165.8554 450.8337 7.2873
		-165.8554 450.8337 -7.2873
		-165.8554 457.3358 -14.5746
		-165.8556 463.8376 -7.2873
		-165.8556 463.8376 7.2873
		-107.2908 457.3356 15.5385
		-107.2908 449.8280 7.7692
		-107.2906 449.8280 -7.7692
		-107.2908 457.3356 -15.5385
		-107.2908 464.8434 -7.7692
		-107.2908 464.8434 7.7692
		-48.7260 457.3356 14.2157
		-48.7258 450.8337 7.1079
		-48.7258 450.8337 -7.1079
		-48.7260 457.3358 -14.2157
		-48.7260 463.8376 -7.1079
		-48.7260 463.8376 7.1079
		-5.8537 457.3356 8.2074
		-5.8534 453.5817 4.1037
		-5.8534 453.5817 -4.1037
		-5.8537 457.3356 -8.2074
		-5.8537 461.0897 -4.1037
		-5.8537 461.0897 4.1037
	}
	face 126 {
		3 V(0 2 1) M(0) UV(0.79390 0.36935 0.82665 0.38826 0.79390 0.40716)
		3 V(0 3 2) M(0) UV(0.79390 0.36935 0.82665 0.35044 0.82665 0.38826)
		3 V(0 4 3) M(0) UV(0.79390 0.36935 0.79390 0.33153 0.82665 0.35044)
		3 V(0 5 4) M(0) UV(0.79390 0.36935 0.76114 0.35044 0.79390 0.33153)
		3 V(0 6 5) M(0) UV(0.79390 0.36935 0.76114 0.38826 0.76114 0.35044)
		3 V(0 1 6) M(0) UV(0.79390 0.36935 0.79390 0.40716 0.76114 0.38826)
		3 V(2 8 7) M(0) UV(0.82665 0.17806 0.82665 0.32563 0.79390 0.32563)
		3 V(2 7 1) M(0) UV(0.82665 0.17806 0.79390 0.32563 0.79390 0.17806)
		3 V(3 9 8) M(0) UV(0.87037 0.17806 0.87037 0.32563 0.83255 0.32563)
		3 V(3 8 2) M(0) UV(0.87037 0.17806 0.83255 0.32563 0.83255 0.17806)
		3 V(4 10 9) M(0) UV(0.90902 0.17806 0.90902 0.32563 0.87627 0.32563)
		3 V(4 9 3) M(0) UV(0.90902 0.17806 0.87627 0.32563 0.87627 0.17806)
		3 V(5 11 10) M(0) UV(0.94177 0.17806 0.94177 0.32563 0.90902 0.32563)
		3 V(5 10 4) M(0) UV(0.94177 0.17806 0.90902 0.32563 0.90902 0.17806)
		3 V(6 12 11) M(0) UV(0.98549 0.17806 0.98549 0.32563 0.94767 0.32563)
		3 V(6 11 5) M(0) UV(0.98549 0.17806 0.94767 0.32563 0.94767 0.17806)
		3 V(1 7 12) M(0) UV(0.79390 0.17806 0.79390 0.32563 0.76114 0.32563)
		3 V(1 12 6) M(0) UV(0.79390 0.17806 0.76114 0.32563 0.76114 0.17806)
		3 V(13 15 14) M(0) UV(0.76799 0.13822 0.76329 0.14242 0.75858 0.13822)
		3 V(13 16 15) M(0) UV(0.99283 0.06312 0.98560 0.06783 0.98560 0.05841)
		3 V(13 17 16) M(0) UV(0.77737 0.13822 0.78678 0.13822 0.78207 0.14242)
		3 V(13 18 17) M(0) UV(0.77737 0.13822 0.78207 0.13402 0.78678 0.13822)
		3 V(13 19 18) M(0) UV(0.99283 0.10726 0.98560 0.11197 0.98560 0.10255)
		3 V(13 14 19) M(0) UV(0.76799 0.13822 0.75858 0.13822 0.76329 0.13402)
		3 V(15 21 20) M(0) UV(0.98560 0.05841 0.93762 0.05496 0.93762 0.04681)
		3 V(15 20 14) M(0) UV(0.98560 0.05841 0.93762 0.04681 0.98560 0.05370)
		3 V(16 22 21) M(0) UV(0.98560 0.06783 0.93762 0.07127 0.93762 0.05496)
		3 V(16 21 15) M(0) UV(0.98560 0.06783 0.93762 0.05496 0.98560 0.05841)
		3 V(17 23 22) M(0) UV(0.98560 0.07253 0.93762 0.07943 0.93762 0.07127)
		3 V(17 22 16) M(0) UV(0.98560 0.07253 0.93762 0.07127 0.98560 0.06783)
		3 V(18 24 23) M(0) UV(0.98560 0.10255 0.93762 0.09911 0.93762 0.09095)
		3 V(18 23 17) M(0) UV(0.98560 0.10255 0.93762 0.09095 0.98560 0.09785)
		3 V(19 25 24) M(0) UV(0.98560 0.11197 0.93762 0.11542 0.93762 0.09911)
		3 V(19 24 18) M(0) UV(0.98560 0.11197 0.93762 0.09911 0.98560 0.10255)
		3 V(14 20 25) M(0) UV(0.98560 0.11668 0.93762 0.12357 0.93762 0.11542)
		3 V(14 25 19) M(0) UV(0.98560 0.11668 0.93762 0.11542 0.98560 0.11197)
		3 V(20 21 27) M(0) UV(0.93762 0.04681 0.93762 0.05496 0.87209 0.05442)
		3 V(20 27 26) M(0) UV(0.93762 0.04681 0.87209 0.05442 0.87209 0.04573)
		3 V(22 28 27) M(0) UV(0.93762 0.07127 0.87209 0.07181 0.87209 0.05442)
		3 V(22 27 21) M(0) UV(0.93762 0.07127 0.87209 0.05442 0.93762 0.05496)
		3 V(23 29 28) M(0) UV(0.93762 0.07943 0.87209 0.08050 0.87209 0.07181)
		3 V(23 28 22) M(0) UV(0.93762 0.07943 0.87209 0.07181 0.93762 0.07127)
		3 V(23 24 30) M(0) UV(0.93762 0.09095 0.93762 0.09911 0.87209 0.09857)
		3 V(23 30 29) M(0) UV(0.93762 0.09095 0.87209 0.09857 0.87209 0.08987)
		3 V(25 31 30) M(0) UV(0.93762 0.11542 0.87209 0.11596 0.87209 0.09857)
		3 V(25 30 24) M(0) UV(0.93762 0.11542 0.87209 0.09857 0.93762 0.09911)
		3 V(20 26 31) M(0) UV(0.93762 0.12357 0.87209 0.12465 0.87209 0.11596)
		3 V(20 31 25) M(0) UV(0.93762 0.12357 0.87209 0.11596 0.93762 0.11542)
		3 V(27 33 32) M(0) UV(0.87209 0.05442 0.80655 0.05516 0.80655 0.04721)
		3 V(27 32 26) M(0) UV(0.87209 0.05442 0.80655 0.04721 0.87209 0.04573)
		3 V(28 34 33) M(0) UV(0.87209 0.07181 0.80655 0.07107 0.80655 0.05516)
		3 V(28 33 27) M(0) UV(0.87209 0.07181 0.80655 0.05516 0.87209 0.05442)
		3 V(28 29 35) M(0) UV(0.87209 0.07181 0.87209 0.08050 0.80655 0.07902)
		3 V(28 35 34) M(0) UV(0.87209 0.07181 0.80655 0.07902 0.80655 0.07107)
		3 V(30 36 35) M(0) UV(0.87209 0.09857 0.80655 0.09931 0.80655 0.09136)
		3 V(30 35 29) M(0) UV(0.87209 0.09857 0.80655 0.09136 0.87209 0.08987)
		3 V(31 37 36) M(0) UV(0.87209 0.11596 0.80655 0.11522 0.80655 0.09931)
		3 V(31 36 30) M(0) UV(0.87209 0.11596 0.80655 0.09931 0.87209 0.09857)
		3 V(31 26 32) M(0) UV(0.87209 0.11596 0.87209 0.12465 0.80655 0.12317)
		3 V(31 32 37) M(0) UV(0.87209 0.11596 0.80655 0.12317 0.80655 0.11522)
		3 V(33 39 38) M(0) UV(0.80655 0.05516 0.75858 0.05853 0.75858 0.05393)
		3 V(33 38 32) M(0) UV(0.80655 0.05516 0.75858 0.05393 0.80655 0.04721)
		3 V(34 40 39) M(0) UV(0.80655 0.07107 0.75858 0.06771 0.75858 0.05853)
		3 V(34 39 33) M(0) UV(0.80655 0.07107 0.75858 0.05853 0.80655 0.05516)
		3 V(35 41 40) M(0) UV(0.80655 0.07902 0.75858 0.07230 0.75858 0.06771)
		3 V(35 40 34) M(0) UV(0.80655 0.07902 0.75858 0.06771 0.80655 0.07107)
		3 V(36 42 41) M(0) UV(0.80655 0.09931 0.75858 0.10267 0.75858 0.09808)
		3 V(36 41 35) M(0) UV(0.80655 0.09931 0.75858 0.09808 0.80655 0.09136)
		3 V(37 43 42) M(0) UV(0.80655 0.11522 0.75858 0.11185 0.75858 0.10267)
		3 V(37 42 36) M(0) UV(0.80655 0.11522 0.75858 0.10267 0.80655 0.09931)
		3 V(32 38 43) M(0) UV(0.80655 0.12317 0.75858 0.11645 0.75858 0.11185)
		3 V(32 43 37) M(0) UV(0.80655 0.12317 0.75858 0.11185 0.80655 0.11522)
		3 V(45 46 44) M(0) UV(0.75858 0.13822 0.76329 0.14242 0.76799 0.13822)
		3 V(46 47 44) M(0) UV(0.98560 0.05841 0.98560 0.06783 0.99283 0.06312)
		3 V(47 48 44) M(0) UV(0.78207 0.14242 0.78678 0.13822 0.77737 0.13822)
		3 V(48 49 44) M(0) UV(0.78678 0.13822 0.78207 0.13402 0.77737 0.13822)
		3 V(49 50 44) M(0) UV(0.98560 0.10255 0.98560 0.11197 0.99283 0.10726)
		3 V(50 45 44) M(0) UV(0.76329 0.13402 0.75858 0.13822 0.76799 0.13822)
		3 V(51 52 46) M(0) UV(0.93762 0.04681 0.93762 0.05496 0.98560 0.05841)
		3 V(45 51 46) M(0) UV(0.98560 0.05370 0.93762 0.04681 0.98560 0.05841)
		3 V(52 53 47) M(0) UV(0.93762 0.05496 0.93762 0.07127 0.98560 0.06783)
		3 V(46 52 47) M(0) UV(0.98560 0.05841 0.93762 0.05496 0.98560 0.06783)
		3 V(53 54 48) M(0) UV(0.93762 0.07127 0.93762 0.07943 0.98560 0.07253)
		3 V(47 53 48) M(0) UV(0.98560 0.06783 0.93762 0.07127 0.98560 0.07253)
		3 V(54 55 49) M(0) UV(0.93762 0.09095 0.93762 0.09911 0.98560 0.10255)
		3 V(48 54 49) M(0) UV(0.98560 0.09785 0.93762 0.09095 0.98560 0.10255)
		3 V(55 56 50) M(0) UV(0.93762 0.09911 0.93762 0.11542 0.98560 0.11197)
		3 V(49 55 50) M(0) UV(0.98560 0.10255 0.93762 0.09911 0.98560 0.11197)
		3 V(56 51 45) M(0) UV(0.93762 0.11542 0.93762 0.12357 0.98560 0.11668)
		3 V(50 56 45) M(0) UV(0.98560 0.11197 0.93762 0.11542 0.98560 0.11668)
		3 V(58 52 51) M(0) UV(0.87209 0.05442 0.93762 0.05496 0.93762 0.04681)
		3 V(57 58 51) M(0) UV(0.87209 0.04573 0.87209 0.05442 0.93762 0.04681)
		3 V(58 59 53) M(0) UV(0.87209 0.05442 0.87209 0.07181 0.93762 0.07127)
		3 V(52 58 53) M(0) UV(0.93762 0.05496 0.87209 0.05442 0.93762 0.07127)
		3 V(59 60 54) M(0) UV(0.87209 0.07181 0.87209 0.08050 0.93762 0.07943)
		3 V(53 59 54) M(0) UV(0.93762 0.07127 0.87209 0.07181 0.93762 0.07943)
		3 V(61 55 54) M(0) UV(0.87209 0.09857 0.93762 0.09911 0.93762 0.09095)
		3 V(60 61 54) M(0) UV(0.87209 0.08987 0.87209 0.09857 0.93762 0.09095)
		3 V(61 62 56) M(0) UV(0.87209 0.09857 0.87209 0.11596 0.93762 0.11542)
		3 V(55 61 56) M(0) UV(0.93762 0.09911 0.87209 0.09857 0.93762 0.11542)
		3 V(62 57 51) M(0) UV(0.87209 0.11596 0.87209 0.12465 0.93762 0.12357)
		3 V(56 62 51) M(0) UV(0.93762 0.11542 0.87209 0.11596 0.93762 0.12357)
		3 V(63 64 58) M(0) UV(0.80655 0.04721 0.80655 0.05516 0.87209 0.05442)
		3 V(57 63 58) M(0) UV(0.87209 0.04573 0.80655 0.04721 0.87209 0.05442)
		3 V(64 65 59) M(0) UV(0.80655 0.05516 0.80655 0.07107 0.87209 0.07181)
		3 V(58 64 59) M(0) UV(0.87209 0.05442 0.80655 0.05516 0.87209 0.07181)
		3 V(66 60 59) M(0) UV(0.80655 0.07902 0.87209 0.08050 0.87209 0.07181)
		3 V(65 66 59) M(0) UV(0.80655 0.07107 0.80655 0.07902 0.87209 0.07181)
		3 V(66 67 61) M(0) UV(0.80655 0.09136 0.80655 0.09931 0.87209 0.09857)
		3 V(60 66 61) M(0) UV(0.87209 0.08987 0.80655 0.09136 0.87209 0.09857)
		3 V(67 68 62) M(0) UV(0.80655 0.09931 0.80655 0.11522 0.87209 0.11596)
		3 V(61 67 62) M(0) UV(0.87209 0.09857 0.80655 0.09931 0.87209 0.11596)
		3 V(63 57 62) M(0) UV(0.80655 0.12317 0.87209 0.12465 0.87209 0.11596)
		3 V(68 63 62) M(0) UV(0.80655 0.11522 0.80655 0.12317 0.87209 0.11596)
		3 V(69 70 64) M(0) UV(0.75858 0.05393 0.75858 0.05853 0.80655 0.05516)
		3 V(63 69 64) M(0) UV(0.80655 0.04721 0.75858 0.05393 0.80655 0.05516)
		3 V(70 71 65) M(0) UV(0.75858 0.05853 0.75858 0.06771 0.80655 0.07107)
		3 V(64 70 65) M(0) UV(0.80655 0.05516 0.75858 0.05853 0.80655 0.07107)
		3 V(71 72 66) M(0) UV(0.75858 0.06771 0.75858 0.07230 0.80655 0.07902)
		3 V(65 71 66) M(0) UV(0.80655 0.07107 0.75858 0.06771 0.80655 0.07902)
		3 V(72 73 67) M(0) UV(0.75858 0.09808 0.75858 0.10267 0.80655 0.09931)
		3 V(66 72 67) M(0) UV(0.80655 0.09136 0.75858 0.09808 0.80655 0.09931)
		3 V(73 74 68) M(0) UV(0.75858 0.10267 0.75858 0.11185 0.80655 0.11522)
		3 V(67 73 68) M(0) UV(0.80655 0.09931 0.75858 0.10267 0.80655 0.11522)
		3 V(74 69 63) M(0) UV(0.75858 0.11185 0.75858 0.11645 0.80655 0.12317)
		3 V(68 74 63) M(0) UV(0.80655 0.11522 0.75858 0.11185 0.80655 0.12317)
	}
}
Eof
