Metasequoia Document
Format Text Ver 1.1

Scene {
	pos 30.5200 -12.2079 8949.9502
	lookat -189.9460 122.1027 -332.6622
	head -0.3536
	pich 0.1536
	bank 0.0000
	ortho 0
	zoom2 0.8380
	amb 0.250 0.250 0.250
	dirlights 1 {
		light {
			dir 0.408 0.408 0.816
			color 1.000 1.000 1.000
		}
	}
}
Material 1 {
	"mat1" shader(3) col(1.000 1.000 1.000 1.000) dif(0.800) amb(0.600) emi(0.000) spc(0.000) power(5.00) tex("..\..\textures\vehicles\35_6cm.png")
}
Object "$body" {
	depth 0
	folding 0
	scale 1.000000 1.000000 1.000000
	rotation 0.000000 0.000000 0.000000
	translation 0.000000 0.000000 0.000000
	visible 15
	locking 0
	shading 1
	facet 59.5
	color 0.898 0.498 0.698
	color_type 0
	vertex 59 {
		0.0000 83.3130 1.6129
		0.0000 83.3130 441.4252
		215.7738 83.3130 382.5013
		376.7560 83.3130 221.5188
		435.6799 83.3130 1.6127
		376.7560 83.3130 -218.2932
		215.7738 83.3130 -379.2756
		0.0001 83.3130 -438.1996
		-224.0381 83.3130 -379.2756
		-385.0207 83.3130 -218.2935
		-443.9441 83.3130 1.6127
		-385.0207 83.3130 221.5185
		-224.0383 83.3130 382.5012
		0.0000 -27.1763 441.4252
		215.7738 -27.1763 382.5013
		376.7560 -27.1763 221.5188
		435.6799 -27.1763 1.6127
		376.7560 -27.1763 -218.2932
		215.7738 -27.1763 -379.2756
		0.0001 -27.1763 -438.1996
		-224.0381 -27.1763 -379.2756
		-385.0207 -27.1763 -218.2935
		-443.9441 -27.1763 1.6127
		-385.0207 -27.1763 221.5185
		-224.0383 -27.1763 382.5012
		0.0000 -27.1763 1.6129
		426.2166 82.0302 12.2220
		0.0000 82.0302 -211.6415
		204.7787 82.0302 -211.6415
		0.0000 82.0302 12.2220
		204.7787 82.0302 12.2220
		0.0000 82.0302 236.0861
		204.7787 82.0302 236.0861
		-215.7738 83.3130 382.5013
		-376.7560 83.3130 221.5188
		-435.6799 83.3130 1.6127
		-376.7560 83.3130 -218.2932
		-215.7738 83.3130 -379.2756
		-0.0001 83.3130 -438.1996
		224.0381 83.3130 -379.2756
		385.0207 83.3130 -218.2935
		443.9441 83.3130 1.6127
		385.0207 83.3130 221.5185
		224.0383 83.3130 382.5012
		-215.7738 -27.1763 382.5013
		-376.7560 -27.1763 221.5188
		-435.6799 -27.1763 1.6127
		-376.7560 -27.1763 -218.2932
		-215.7738 -27.1763 -379.2756
		-0.0001 -27.1763 -438.1996
		224.0381 -27.1763 -379.2756
		385.0207 -27.1763 -218.2935
		443.9441 -27.1763 1.6127
		385.0207 -27.1763 221.5185
		224.0383 -27.1763 382.5012
		-426.2166 82.0302 12.2220
		-204.7787 82.0302 -211.6415
		-204.7787 82.0302 12.2220
		-204.7787 82.0302 236.0861
	}
	face 106 {
		3 V(0 2 1) M(0) UV(0.13281 0.73468 0.19084 0.83712 0.13281 0.85297)
		3 V(0 3 2) M(0) UV(0.13281 0.73468 0.23414 0.79382 0.19084 0.83712)
		3 V(0 4 3) M(0) UV(0.13281 0.73468 0.24998 0.73468 0.23414 0.79382)
		3 V(0 5 4) M(0) UV(0.13281 0.73468 0.23414 0.67554 0.24998 0.73468)
		3 V(0 6 5) M(0) UV(0.13281 0.73468 0.19084 0.63224 0.23414 0.67554)
		3 V(0 7 6) M(0) UV(0.13281 0.73468 0.13281 0.61640 0.19084 0.63224)
		3 V(0 8 7) M(0) UV(0.13281 0.73468 0.07256 0.63224 0.13281 0.61640)
		3 V(0 9 8) M(0) UV(0.13281 0.73468 0.02926 0.67554 0.07256 0.63224)
		3 V(0 10 9) M(0) UV(0.13281 0.73468 0.01341 0.73468 0.02926 0.67554)
		3 V(0 11 10) M(0) UV(0.13281 0.73468 0.02926 0.79382 0.01341 0.73468)
		3 V(0 12 11) M(0) UV(0.13281 0.73468 0.07256 0.83712 0.02926 0.79382)
		3 V(0 1 12) M(0) UV(0.13281 0.73468 0.13281 0.85297 0.07256 0.83712)
		3 V(25 13 14) M(0) UV(0.75089 0.48633 0.75089 0.36805 0.80892 0.38389)
		3 V(25 14 15) M(0) UV(0.75089 0.48633 0.80892 0.38389 0.85222 0.42719)
		3 V(25 15 16) M(0) UV(0.75089 0.48633 0.85222 0.42719 0.86807 0.48633)
		3 V(25 16 17) M(0) UV(0.75089 0.48633 0.86807 0.48633 0.85222 0.54547)
		3 V(25 17 18) M(0) UV(0.75089 0.48633 0.85222 0.54547 0.80892 0.58877)
		3 V(25 18 19) M(0) UV(0.75089 0.48633 0.80892 0.58877 0.75089 0.60462)
		3 V(25 19 20) M(0) UV(0.75089 0.48633 0.75089 0.60462 0.69064 0.58877)
		3 V(25 20 21) M(0) UV(0.75089 0.48633 0.69064 0.58877 0.64734 0.54547)
		3 V(25 21 22) M(0) UV(0.75089 0.48633 0.64734 0.54547 0.63150 0.48633)
		3 V(25 22 23) M(0) UV(0.75089 0.48633 0.63150 0.48633 0.64734 0.42719)
		3 V(25 23 24) M(0) UV(0.75089 0.48633 0.64734 0.42719 0.69064 0.38389)
		3 V(25 24 13) M(0) UV(0.75089 0.48633 0.69064 0.38389 0.75089 0.36805)
		3 V(2 14 13) M(0) UV(0.93819 0.89484 0.93819 0.92456 0.88016 0.92456)
		3 V(2 13 1) M(0) UV(0.93819 0.89484 0.88016 0.92456 0.88016 0.89484)
		3 V(3 15 14) M(0) UV(0.53573 0.26479 0.53573 0.29450 0.49244 0.29450)
		3 V(3 14 2) M(0) UV(0.53573 0.26479 0.49244 0.29450 0.49244 0.26479)
		3 V(4 16 15) M(0) UV(0.59488 0.26479 0.59488 0.29450 0.53573 0.29450)
		3 V(4 15 3) M(0) UV(0.59488 0.26479 0.53573 0.29450 0.53573 0.26479)
		3 V(5 17 16) M(0) UV(0.65402 0.26479 0.65402 0.29450 0.59488 0.29450)
		3 V(5 16 4) M(0) UV(0.65402 0.26479 0.59488 0.29450 0.59488 0.26479)
		3 V(6 18 17) M(0) UV(0.69732 0.26479 0.69732 0.29450 0.65402 0.29450)
		3 V(6 17 5) M(0) UV(0.69732 0.26479 0.65402 0.29450 0.65402 0.26479)
		3 V(7 19 18) M(0) UV(0.68953 0.89484 0.68953 0.92456 0.63150 0.92456)
		3 V(7 18 6) M(0) UV(0.68953 0.89484 0.63150 0.92456 0.63150 0.89484)
		3 V(8 20 19) M(0) UV(0.74978 0.89484 0.74978 0.92456 0.68953 0.92456)
		3 V(8 19 7) M(0) UV(0.74978 0.89484 0.68953 0.92456 0.68953 0.89484)
		3 V(9 21 20) M(0) UV(0.79308 0.89484 0.79308 0.92456 0.74978 0.92456)
		3 V(9 20 8) M(0) UV(0.79308 0.89484 0.74978 0.92456 0.74978 0.89484)
		3 V(10 22 21) M(0) UV(0.81539 0.17333 0.81539 0.20305 0.75625 0.20305)
		3 V(10 21 9) M(0) UV(0.81539 0.17333 0.75625 0.20305 0.75625 0.17333)
		3 V(11 23 22) M(0) UV(0.87453 0.17333 0.87453 0.20305 0.81539 0.20305)
		3 V(11 22 10) M(0) UV(0.87453 0.17333 0.81539 0.20305 0.81539 0.17333)
		3 V(12 24 23) M(0) UV(0.91783 0.17333 0.91783 0.20305 0.87453 0.20305)
		3 V(12 23 11) M(0) UV(0.91783 0.17333 0.87453 0.20305 0.87453 0.17333)
		3 V(1 13 24) M(0) UV(0.88016 0.89484 0.88016 0.92456 0.81990 0.92456)
		3 V(1 24 12) M(0) UV(0.88016 0.89484 0.81990 0.92456 0.81990 0.89484)
		3 V(30 28 27) M(0) UV(0.53958 0.48846 0.53958 0.54867 0.48450 0.54867)
		3 V(30 27 29) M(0) UV(0.53958 0.48846 0.48450 0.54867 0.48450 0.48846)
		3 V(26 28 30) M(0) UV(0.59913 0.48846 0.53958 0.54867 0.53958 0.48846)
		3 V(32 30 29) M(0) UV(0.53958 0.42825 0.53958 0.48846 0.48450 0.48846)
		3 V(32 29 31) M(0) UV(0.53958 0.42825 0.48450 0.48846 0.48450 0.42825)
		3 V(1 33 0) M(0) UV(0.74867 0.86801 0.69064 0.85217 0.74867 0.74973)
		3 V(33 34 0) M(0) UV(0.69064 0.85217 0.64734 0.80887 0.74867 0.74973)
		3 V(34 35 0) M(0) UV(0.64734 0.80887 0.63150 0.74973 0.74867 0.74973)
		3 V(35 36 0) M(0) UV(0.63150 0.74973 0.64734 0.69059 0.74867 0.74973)
		3 V(36 37 0) M(0) UV(0.64734 0.69059 0.69064 0.64729 0.74867 0.74973)
		3 V(37 38 0) M(0) UV(0.69064 0.64729 0.74867 0.63144 0.74867 0.74973)
		3 V(38 39 0) M(0) UV(0.74867 0.63144 0.80892 0.64729 0.74867 0.74973)
		3 V(39 40 0) M(0) UV(0.80892 0.64729 0.85222 0.69059 0.74867 0.74973)
		3 V(40 41 0) M(0) UV(0.85222 0.69059 0.86807 0.74973 0.74867 0.74973)
		3 V(41 42 0) M(0) UV(0.86807 0.74973 0.85222 0.80887 0.74867 0.74973)
		3 V(42 43 0) M(0) UV(0.85222 0.80887 0.80892 0.85217 0.74867 0.74973)
		3 V(43 1 0) M(0) UV(0.80892 0.85217 0.74867 0.86801 0.74867 0.74973)
		3 V(44 13 25) M(0) UV(0.42348 0.71176 0.48151 0.69591 0.48151 0.81419)
		3 V(45 44 25) M(0) UV(0.38018 0.75505 0.42348 0.71176 0.48151 0.81419)
		3 V(46 45 25) M(0) UV(0.36433 0.81419 0.38018 0.75505 0.48151 0.81419)
		3 V(47 46 25) M(0) UV(0.38018 0.87334 0.36433 0.81419 0.48151 0.81419)
		3 V(48 47 25) M(0) UV(0.42348 0.91663 0.38018 0.87334 0.48151 0.81419)
		3 V(49 48 25) M(0) UV(0.48151 0.93248 0.42348 0.91663 0.48151 0.81419)
		3 V(50 49 25) M(0) UV(0.54176 0.91663 0.48151 0.93248 0.48151 0.81419)
		3 V(51 50 25) M(0) UV(0.58506 0.87334 0.54176 0.91663 0.48151 0.81419)
		3 V(52 51 25) M(0) UV(0.60091 0.81419 0.58506 0.87334 0.48151 0.81419)
		3 V(53 52 25) M(0) UV(0.58506 0.75505 0.60091 0.81419 0.48151 0.81419)
		3 V(54 53 25) M(0) UV(0.54176 0.71176 0.58506 0.75505 0.48151 0.81419)
		3 V(13 54 25) M(0) UV(0.48151 0.69591 0.54176 0.71176 0.48151 0.81419)
		3 V(13 44 33) M(0) UV(0.25985 0.96605 0.20182 0.96605 0.20182 0.93634)
		3 V(1 13 33) M(0) UV(0.25985 0.93634 0.25985 0.96605 0.20182 0.93634)
		3 V(44 45 34) M(0) UV(0.21829 0.90951 0.17499 0.90951 0.17499 0.87979)
		3 V(33 44 34) M(0) UV(0.21829 0.87979 0.21829 0.90951 0.17499 0.87979)
		3 V(45 46 35) M(0) UV(0.17499 0.90951 0.11585 0.90951 0.11585 0.87979)
		3 V(34 45 35) M(0) UV(0.17499 0.87979 0.17499 0.90951 0.11585 0.87979)
		3 V(46 47 36) M(0) UV(0.11585 0.90951 0.05671 0.90951 0.05671 0.87979)
		3 V(35 46 36) M(0) UV(0.11585 0.87979 0.11585 0.90951 0.05671 0.87979)
		3 V(47 48 37) M(0) UV(0.05671 0.90951 0.01341 0.90951 0.01341 0.87979)
		3 V(36 47 37) M(0) UV(0.05671 0.87979 0.05671 0.90951 0.01341 0.87979)
		3 V(48 49 38) M(0) UV(0.65402 0.35104 0.59599 0.35104 0.59599 0.32133)
		3 V(37 48 38) M(0) UV(0.65402 0.32133 0.65402 0.35104 0.59599 0.32133)
		3 V(49 50 39) M(0) UV(0.59599 0.35104 0.53573 0.35104 0.53573 0.32133)
		3 V(38 49 39) M(0) UV(0.59599 0.32133 0.59599 0.35104 0.53573 0.32133)
		3 V(50 51 40) M(0) UV(0.53573 0.35104 0.49244 0.35104 0.49244 0.32133)
		3 V(39 50 40) M(0) UV(0.53573 0.32133 0.53573 0.35104 0.49244 0.32133)
		3 V(51 52 41) M(0) UV(0.17499 0.96605 0.11585 0.96605 0.11585 0.93634)
		3 V(40 51 41) M(0) UV(0.17499 0.93634 0.17499 0.96605 0.11585 0.93634)
		3 V(52 53 42) M(0) UV(0.11585 0.96605 0.05671 0.96605 0.05671 0.93634)
		3 V(41 52 42) M(0) UV(0.11585 0.93634 0.11585 0.96605 0.05671 0.93634)
		3 V(53 54 43) M(0) UV(0.05671 0.96605 0.01341 0.96605 0.01341 0.93634)
		3 V(42 53 43) M(0) UV(0.05671 0.93634 0.05671 0.96605 0.01341 0.93634)
		3 V(54 13 1) M(0) UV(0.32011 0.96605 0.25985 0.96605 0.25985 0.93634)
		3 V(43 54 1) M(0) UV(0.32011 0.93634 0.32011 0.96605 0.25985 0.93634)
		3 V(27 56 57) M(0) UV(0.48450 0.54867 0.42943 0.54867 0.42943 0.48846)
		3 V(29 27 57) M(0) UV(0.48450 0.48846 0.48450 0.54867 0.42943 0.48846)
		3 V(57 56 55) M(0) UV(0.42943 0.48846 0.42943 0.54867 0.36987 0.48846)
		3 V(29 57 58) M(0) UV(0.48450 0.48846 0.42943 0.48846 0.42943 0.42825)
		3 V(31 29 58) M(0) UV(0.48450 0.42825 0.48450 0.48846 0.42943 0.42825)
	}
}
Object "$part0" {
	depth 0
	folding 0
	scale 1.000000 1.000000 1.000000
	rotation 0.000000 0.000000 0.000000
	translation 0.000000 0.000000 0.000000
	visible 15
	locking 0
	shading 1
	facet 59.5
	color 0.898 0.498 0.698
	color_type 0
	vertex 111 {
		0.0000 83.3130 1.6129
		0.0000 83.3130 441.4252
		215.7738 83.3130 382.5013
		376.7560 83.3130 221.5188
		435.6799 83.3130 1.6127
		376.7560 83.3130 -218.2932
		215.7738 83.3130 -379.2756
		0.0001 83.3130 -438.1996
		-224.0381 83.3130 -379.2756
		-385.0207 83.3130 -218.2935
		-443.9441 83.3130 1.6127
		-385.0207 83.3130 221.5185
		-224.0383 83.3130 382.5012
		0.0000 399.2730 416.5135
		204.7787 389.6915 407.3246
		0.0000 82.0302 459.9507
		204.7787 82.0302 459.9507
		358.1367 361.4357 336.8102
		440.5724 361.4357 188.4604
		398.9440 419.4439 12.2220
		356.1288 425.9006 -211.6415
		323.6387 425.9866 -438.1821
		413.6893 82.0302 382.3833
		446.8106 82.0302 188.4604
		426.2166 82.0302 12.2220
		413.6893 82.0302 -211.6415
		413.6893 110.0062 -435.5062
		309.9690 412.3743 -659.3707
		204.7787 450.2118 -730.9211
		0.0000 450.2118 -756.1614
		377.0067 115.2504 -659.3707
		204.7787 115.2504 -659.3707
		0.0000 115.2504 -659.3707
		0.0000 486.4255 -435.5062
		204.7787 457.4381 -438.9243
		0.0000 486.1744 -211.6415
		0.0000 460.8941 12.2220
		0.0000 435.4907 236.0861
		237.8999 396.4950 203.4459
		0.0000 90.2978 -435.5062
		204.7787 93.0079 -435.5062
		0.0000 82.0302 -211.6415
		204.7787 82.0302 -211.6415
		0.0000 82.0302 12.2220
		204.7787 82.0302 12.2220
		0.0000 82.0302 236.0861
		204.7787 82.0302 236.0861
		101.1802 420.3369 306.8032
		94.3922 155.2446 394.3006
		202.1464 155.2446 394.3006
		86.0079 163.3281 306.8032
		210.5304 163.3281 306.8032
		86.0079 183.3784 206.6124
		210.5304 183.3784 206.6124
		114.5565 412.5324 206.6124
		228.3198 340.5846 306.8032
		228.3198 183.3784 306.8032
		217.5396 356.1721 367.0590
		217.5396 183.9217 394.3006
		68.2188 183.3784 306.8032
		68.2188 340.5846 306.8032
		78.9989 183.9217 394.3006
		78.9989 356.1721 367.0590
		-215.7738 83.3130 382.5013
		-376.7560 83.3130 221.5188
		-435.6799 83.3130 1.6127
		-376.7560 83.3130 -218.2932
		-215.7738 83.3130 -379.2756
		-0.0001 83.3130 -438.1996
		224.0381 83.3130 -379.2756
		385.0207 83.3130 -218.2935
		443.9441 83.3130 1.6127
		385.0207 83.3130 221.5185
		224.0383 83.3130 382.5012
		-204.7787 389.6915 407.3246
		-204.7787 82.0302 459.9507
		-358.1367 361.4357 336.8102
		-440.5724 361.4357 188.4604
		-398.9440 419.4439 12.2220
		-356.1288 425.9006 -211.6415
		-323.6387 425.9866 -438.1821
		-413.6893 82.0302 382.3833
		-446.8106 82.0302 188.4604
		-426.2166 82.0302 12.2220
		-413.6893 82.0302 -211.6415
		-413.6893 110.0062 -435.5062
		-309.9690 412.3743 -659.3707
		-204.7787 450.2118 -730.9211
		-377.0067 115.2504 -659.3707
		-204.7787 115.2504 -659.3707
		-204.7787 457.4381 -438.9243
		-237.8999 396.4950 203.4459
		-204.7787 93.0079 -435.5062
		-204.7787 82.0302 -211.6415
		-204.7787 82.0302 12.2220
		-204.7787 82.0302 236.0861
		-94.3922 155.2446 394.3006
		-202.1464 155.2446 394.3006
		-86.0079 163.3281 306.8032
		-210.5304 163.3281 306.8032
		-86.0079 183.3784 206.6124
		-210.5304 183.3784 206.6124
		-114.5565 412.5324 206.6124
		-228.3198 340.5846 306.8032
		-228.3198 183.3784 306.8032
		-217.5396 356.1721 367.0590
		-217.5396 183.9217 394.3006
		-68.2188 183.3784 306.8032
		-68.2188 340.5846 306.8032
		-78.9989 183.9217 394.3006
		-78.9989 356.1721 367.0590
	}
	face 167 {
		3 V(0 2 1) M(0) UV(0.13281 0.73468 0.19084 0.83712 0.13281 0.85297)
		3 V(0 3 2) M(0) UV(0.13281 0.73468 0.23414 0.79382 0.19084 0.83712)
		3 V(0 4 3) M(0) UV(0.13281 0.73468 0.24998 0.73468 0.23414 0.79382)
		3 V(0 5 4) M(0) UV(0.13281 0.73468 0.23414 0.67554 0.24998 0.73468)
		3 V(0 6 5) M(0) UV(0.13281 0.73468 0.19084 0.63224 0.23414 0.67554)
		3 V(0 7 6) M(0) UV(0.13281 0.73468 0.13281 0.61640 0.19084 0.63224)
		3 V(0 8 7) M(0) UV(0.13281 0.73468 0.07256 0.63224 0.13281 0.61640)
		3 V(0 9 8) M(0) UV(0.13281 0.73468 0.02926 0.67554 0.07256 0.63224)
		3 V(0 10 9) M(0) UV(0.13281 0.73468 0.01341 0.73468 0.02926 0.67554)
		3 V(0 11 10) M(0) UV(0.13281 0.73468 0.02926 0.79382 0.01341 0.73468)
		3 V(0 12 11) M(0) UV(0.13281 0.73468 0.07256 0.83712 0.02926 0.79382)
		3 V(0 1 12) M(0) UV(0.13281 0.73468 0.13281 0.85297 0.07256 0.83712)
		3 V(33 34 21) M(0) UV(0.61093 0.05734 0.66600 0.05642 0.69797 0.05662)
		3 V(51 56 53) M(0) UV(0.95964 0.43717 0.95964 0.43178 0.98659 0.43178)
		3 V(52 59 50) M(0) UV(0.89489 0.69517 0.92184 0.69517 0.92184 0.70056)
		3 V(14 16 15) M(0) UV(0.35177 0.26649 0.35177 0.34923 0.29670 0.34923)
		3 V(14 15 13) M(0) UV(0.35177 0.26649 0.29670 0.34923 0.29670 0.26391)
		3 V(17 22 16) M(0) UV(0.39302 0.27409 0.40796 0.34923 0.35177 0.34923)
		3 V(17 16 14) M(0) UV(0.39302 0.27409 0.35177 0.34923 0.35177 0.26649)
		3 V(17 18 23) M(0) UV(0.02567 0.51443 0.06557 0.51443 0.06557 0.58957)
		3 V(17 23 22) M(0) UV(0.02567 0.51443 0.06557 0.58957 0.01341 0.58957)
		3 V(18 19 24) M(0) UV(0.06557 0.51443 0.11297 0.49882 0.11297 0.58957)
		3 V(18 24 23) M(0) UV(0.06557 0.51443 0.11297 0.58957 0.06557 0.58957)
		3 V(19 20 25) M(0) UV(0.11297 0.49882 0.17317 0.49709 0.17317 0.58957)
		3 V(19 25 24) M(0) UV(0.11297 0.49882 0.17317 0.58957 0.11297 0.58957)
		3 V(20 21 26) M(0) UV(0.17317 0.49709 0.23410 0.49706 0.23338 0.58205)
		3 V(20 26 25) M(0) UV(0.17317 0.49709 0.23338 0.58205 0.17317 0.58957)
		3 V(21 27 30) M(0) UV(0.23410 0.49706 0.29359 0.50073 0.29359 0.58064)
		3 V(21 30 26) M(0) UV(0.23410 0.49706 0.29359 0.58064 0.23338 0.58205)
		3 V(27 28 31) M(0) UV(0.77427 0.06660 0.80257 0.05642 0.80257 0.14651)
		3 V(27 31 30) M(0) UV(0.77427 0.06660 0.80257 0.14651 0.75625 0.14651)
		3 V(28 29 32) M(0) UV(0.80257 0.05642 0.85764 0.05642 0.85764 0.14651)
		3 V(28 32 31) M(0) UV(0.80257 0.05642 0.85764 0.14651 0.80257 0.14651)
		3 V(28 34 33) M(0) UV(0.86626 0.27157 0.86626 0.35011 0.81118 0.35103)
		3 V(28 33 29) M(0) UV(0.86626 0.27157 0.81118 0.35103 0.81118 0.26479)
		3 V(27 21 34) M(0) UV(0.89455 0.29082 0.89822 0.35031 0.86626 0.35011)
		3 V(27 34 28) M(0) UV(0.89455 0.29082 0.86626 0.35011 0.86626 0.27157)
		3 V(37 38 14) M(0) UV(0.30393 0.18856 0.36791 0.17978 0.35900 0.23461)
		3 V(37 14 13) M(0) UV(0.30393 0.18856 0.35900 0.23461 0.30393 0.23708)
		3 V(38 18 17) M(0) UV(0.36791 0.17978 0.42242 0.17575 0.40025 0.21565)
		3 V(38 17 14) M(0) UV(0.36791 0.17978 0.40025 0.21565 0.35900 0.23461)
		3 V(40 31 32) M(0) UV(0.53958 0.60888 0.53958 0.66908 0.48450 0.66908)
		3 V(40 32 39) M(0) UV(0.53958 0.60888 0.48450 0.66908 0.48450 0.60888)
		3 V(40 26 30) M(0) UV(0.53958 0.60888 0.59576 0.60888 0.58590 0.66908)
		3 V(40 30 31) M(0) UV(0.53958 0.60888 0.58590 0.66908 0.53958 0.66908)
		3 V(42 40 39) M(0) UV(0.53958 0.54867 0.53958 0.60888 0.48450 0.60888)
		3 V(42 39 41) M(0) UV(0.53958 0.54867 0.48450 0.60888 0.48450 0.54867)
		3 V(25 26 40) M(0) UV(0.59576 0.54867 0.59576 0.60888 0.53958 0.60888)
		3 V(25 40 42) M(0) UV(0.59576 0.54867 0.53958 0.60888 0.53958 0.54867)
		3 V(44 42 41) M(0) UV(0.53958 0.48846 0.53958 0.54867 0.48450 0.54867)
		3 V(44 41 43) M(0) UV(0.53958 0.48846 0.48450 0.54867 0.48450 0.48846)
		3 V(24 25 42) M(0) UV(0.59913 0.48846 0.59576 0.54867 0.53958 0.54867)
		3 V(24 42 44) M(0) UV(0.59913 0.48846 0.53958 0.54867 0.53958 0.48846)
		3 V(46 44 43) M(0) UV(0.53958 0.42825 0.53958 0.48846 0.48450 0.48846)
		3 V(46 43 45) M(0) UV(0.53958 0.42825 0.48450 0.48846 0.48450 0.42825)
		3 V(23 24 44) M(0) UV(0.60467 0.44106 0.59913 0.48846 0.53958 0.48846)
		3 V(23 44 46) M(0) UV(0.60467 0.44106 0.53958 0.48846 0.53958 0.42825)
		3 V(16 46 45) M(0) UV(0.53958 0.36805 0.53958 0.42825 0.48450 0.42825)
		3 V(16 45 15) M(0) UV(0.53958 0.36805 0.48450 0.42825 0.48450 0.36805)
		3 V(22 23 46) M(0) UV(0.59576 0.38891 0.60467 0.44106 0.53958 0.42825)
		3 V(22 46 16) M(0) UV(0.59576 0.38891 0.53958 0.42825 0.53958 0.36805)
		3 V(36 35 20) M(0) UV(0.61093 0.17775 0.61093 0.11755 0.70671 0.11755)
		3 V(36 20 19) M(0) UV(0.61093 0.17775 0.70671 0.11755 0.71822 0.17775)
		3 V(37 36 19) M(0) UV(0.61093 0.23796 0.61093 0.17775 0.71822 0.17775)
		3 V(37 19 18) M(0) UV(0.61093 0.23796 0.71822 0.17775 0.72942 0.22515)
		3 V(35 33 21) M(0) UV(0.61093 0.11755 0.61093 0.05734 0.69797 0.05662)
		3 V(35 21 20) M(0) UV(0.61093 0.11755 0.69797 0.05662 0.70671 0.11755)
		3 V(49 51 50) M(0) UV(0.30805 0.65761 0.31030 0.68114 0.27681 0.68114)
		3 V(49 50 48) M(0) UV(0.30805 0.65761 0.27681 0.68114 0.27907 0.65761)
		3 V(53 54 52) M(0) UV(0.27681 0.79655 0.30262 0.73492 0.31030 0.79655)
		3 V(55 56 58) M(0) UV(0.95964 0.38950 0.95964 0.43178 0.93611 0.43163)
		3 V(55 58 57) M(0) UV(0.95964 0.38950 0.93611 0.43163 0.94344 0.38530)
		3 V(60 62 61) M(0) UV(0.92184 0.65289 0.93804 0.64870 0.94537 0.69503)
		3 V(60 61 59) M(0) UV(0.92184 0.65289 0.94537 0.69503 0.92184 0.69517)
		3 V(51 53 52) M(0) UV(0.31030 0.68114 0.31030 0.70809 0.27681 0.70809)
		3 V(51 52 50) M(0) UV(0.31030 0.68114 0.27681 0.70809 0.27681 0.68114)
		3 V(51 49 58) M(0) UV(0.95964 0.43717 0.93611 0.43934 0.93611 0.43163)
		3 V(51 58 56) M(0) UV(0.95964 0.43717 0.93611 0.43163 0.95964 0.43178)
		3 V(47 62 60) M(0) UV(0.92184 0.63144 0.93804 0.64870 0.92184 0.65289)
		3 V(50 59 61) M(0) UV(0.92184 0.70056 0.92184 0.69517 0.94537 0.69503)
		3 V(50 61 48) M(0) UV(0.92184 0.70056 0.94537 0.69503 0.94537 0.70274)
		3 V(53 56 55) M(0) UV(0.98659 0.43178 0.95964 0.43178 0.95964 0.38950)
		3 V(52 54 60) M(0) UV(0.89489 0.69517 0.89489 0.63354 0.92184 0.65289)
		3 V(52 60 59) M(0) UV(0.89489 0.69517 0.92184 0.65289 0.92184 0.69517)
		3 V(1 63 0) M(0) UV(0.74867 0.86801 0.69064 0.85217 0.74867 0.74973)
		3 V(63 64 0) M(0) UV(0.69064 0.85217 0.64734 0.80887 0.74867 0.74973)
		3 V(64 65 0) M(0) UV(0.64734 0.80887 0.63150 0.74973 0.74867 0.74973)
		3 V(65 66 0) M(0) UV(0.63150 0.74973 0.64734 0.69059 0.74867 0.74973)
		3 V(66 67 0) M(0) UV(0.64734 0.69059 0.69064 0.64729 0.74867 0.74973)
		3 V(67 68 0) M(0) UV(0.69064 0.64729 0.74867 0.63144 0.74867 0.74973)
		3 V(68 69 0) M(0) UV(0.74867 0.63144 0.80892 0.64729 0.74867 0.74973)
		3 V(69 70 0) M(0) UV(0.80892 0.64729 0.85222 0.69059 0.74867 0.74973)
		3 V(70 71 0) M(0) UV(0.85222 0.69059 0.86807 0.74973 0.74867 0.74973)
		3 V(71 72 0) M(0) UV(0.86807 0.74973 0.85222 0.80887 0.74867 0.74973)
		3 V(72 73 0) M(0) UV(0.85222 0.80887 0.80892 0.85217 0.74867 0.74973)
		3 V(73 1 0) M(0) UV(0.80892 0.85217 0.74867 0.86801 0.74867 0.74973)
		3 V(80 90 33) M(0) UV(0.52389 0.05662 0.55585 0.05642 0.61093 0.05734)
		3 V(101 104 99) M(0) UV(0.89489 0.52990 0.92184 0.52990 0.92184 0.53529)
		3 V(98 107 100) M(0) UV(0.95964 0.79869 0.95964 0.79329 0.98659 0.79329)
		3 V(15 75 74) M(0) UV(0.29670 0.34923 0.24162 0.34923 0.24162 0.26649)
		3 V(13 15 74) M(0) UV(0.29670 0.26391 0.29670 0.34923 0.24162 0.26649)
		3 V(75 81 76) M(0) UV(0.24162 0.34923 0.18544 0.34923 0.20038 0.27409)
		3 V(74 75 76) M(0) UV(0.24162 0.26649 0.24162 0.34923 0.20038 0.27409)
		3 V(82 77 76) M(0) UV(0.41346 0.14892 0.41346 0.07378 0.45336 0.07378)
		3 V(81 82 76) M(0) UV(0.46561 0.14892 0.41346 0.14892 0.45336 0.07378)
		3 V(83 78 77) M(0) UV(0.36606 0.14892 0.36606 0.05818 0.41346 0.07378)
		3 V(82 83 77) M(0) UV(0.41346 0.14892 0.36606 0.14892 0.41346 0.07378)
		3 V(84 79 78) M(0) UV(0.30585 0.14892 0.30585 0.05644 0.36606 0.05818)
		3 V(83 84 78) M(0) UV(0.36606 0.14892 0.30585 0.14892 0.36606 0.05818)
		3 V(85 80 79) M(0) UV(0.24564 0.14140 0.24493 0.05642 0.30585 0.05644)
		3 V(84 85 79) M(0) UV(0.30585 0.14892 0.24564 0.14140 0.30585 0.05644)
		3 V(88 86 80) M(0) UV(0.18544 0.13999 0.18544 0.06008 0.24493 0.05642)
		3 V(85 88 80) M(0) UV(0.24564 0.14140 0.18544 0.13999 0.24493 0.05642)
		3 V(89 87 86) M(0) UV(0.91271 0.14651 0.91271 0.05642 0.94100 0.06660)
		3 V(88 89 86) M(0) UV(0.95903 0.14651 0.91271 0.14651 0.94100 0.06660)
		3 V(32 29 87) M(0) UV(0.85764 0.14651 0.85764 0.05642 0.91271 0.05642)
		3 V(89 32 87) M(0) UV(0.91271 0.14651 0.85764 0.14651 0.91271 0.05642)
		3 V(33 90 87) M(0) UV(0.81118 0.35103 0.75611 0.35011 0.75611 0.27157)
		3 V(29 33 87) M(0) UV(0.81118 0.26479 0.81118 0.35103 0.75611 0.27157)
		3 V(90 80 86) M(0) UV(0.75611 0.35011 0.72414 0.35031 0.72782 0.29082)
		3 V(87 90 86) M(0) UV(0.75611 0.27157 0.75611 0.35011 0.72782 0.29082)
		3 V(74 91 37) M(0) UV(0.24885 0.23461 0.23995 0.17978 0.30393 0.18856)
		3 V(13 74 37) M(0) UV(0.30393 0.23708 0.24885 0.23461 0.30393 0.18856)
		3 V(76 77 91) M(0) UV(0.20761 0.21565 0.18544 0.17575 0.23995 0.17978)
		3 V(74 76 91) M(0) UV(0.24885 0.23461 0.20761 0.21565 0.23995 0.17978)
		3 V(32 89 92) M(0) UV(0.48450 0.66908 0.42943 0.66908 0.42943 0.60888)
		3 V(39 32 92) M(0) UV(0.48450 0.60888 0.48450 0.66908 0.42943 0.60888)
		3 V(88 85 92) M(0) UV(0.38311 0.66908 0.37324 0.60888 0.42943 0.60888)
		3 V(89 88 92) M(0) UV(0.42943 0.66908 0.38311 0.66908 0.42943 0.60888)
		3 V(39 92 93) M(0) UV(0.48450 0.60888 0.42943 0.60888 0.42943 0.54867)
		3 V(41 39 93) M(0) UV(0.48450 0.54867 0.48450 0.60888 0.42943 0.54867)
		3 V(92 85 84) M(0) UV(0.42943 0.60888 0.37324 0.60888 0.37324 0.54867)
		3 V(93 92 84) M(0) UV(0.42943 0.54867 0.42943 0.60888 0.37324 0.54867)
		3 V(41 93 94) M(0) UV(0.48450 0.54867 0.42943 0.54867 0.42943 0.48846)
		3 V(43 41 94) M(0) UV(0.48450 0.48846 0.48450 0.54867 0.42943 0.48846)
		3 V(93 84 83) M(0) UV(0.42943 0.54867 0.37324 0.54867 0.36987 0.48846)
		3 V(94 93 83) M(0) UV(0.42943 0.48846 0.42943 0.54867 0.36987 0.48846)
		3 V(43 94 95) M(0) UV(0.48450 0.48846 0.42943 0.48846 0.42943 0.42825)
		3 V(45 43 95) M(0) UV(0.48450 0.42825 0.48450 0.48846 0.42943 0.42825)
		3 V(94 83 82) M(0) UV(0.42943 0.48846 0.36987 0.48846 0.36433 0.44106)
		3 V(95 94 82) M(0) UV(0.42943 0.42825 0.42943 0.48846 0.36433 0.44106)
		3 V(45 95 75) M(0) UV(0.48450 0.42825 0.42943 0.42825 0.42943 0.36805)
		3 V(15 45 75) M(0) UV(0.48450 0.36805 0.48450 0.42825 0.42943 0.36805)
		3 V(95 82 81) M(0) UV(0.42943 0.42825 0.36433 0.44106 0.37324 0.38891)
		3 V(75 95 81) M(0) UV(0.42943 0.36805 0.42943 0.42825 0.37324 0.38891)
		3 V(79 35 36) M(0) UV(0.51515 0.11755 0.61093 0.11755 0.61093 0.17775)
		3 V(78 79 36) M(0) UV(0.50363 0.17775 0.51515 0.11755 0.61093 0.17775)
		3 V(78 36 37) M(0) UV(0.50363 0.17775 0.61093 0.17775 0.61093 0.23796)
		3 V(77 78 37) M(0) UV(0.49244 0.22515 0.50363 0.17775 0.61093 0.23796)
		3 V(80 33 35) M(0) UV(0.52389 0.05662 0.61093 0.05734 0.61093 0.11755)
		3 V(79 80 35) M(0) UV(0.51515 0.11755 0.52389 0.05662 0.61093 0.11755)
		3 V(98 99 97) M(0) UV(0.97814 0.23808 0.94465 0.23808 0.94691 0.21455)
		3 V(96 98 97) M(0) UV(0.97589 0.21455 0.97814 0.23808 0.94691 0.21455)
		3 V(100 102 101) M(0) UV(0.94465 0.35348 0.95233 0.29185 0.97814 0.35348)
		3 V(106 104 103) M(0) UV(0.94537 0.52975 0.92184 0.52990 0.92184 0.48762)
		3 V(105 106 103) M(0) UV(0.93804 0.48342 0.94537 0.52975 0.92184 0.48762)
		3 V(109 110 108) M(0) UV(0.93611 0.79315 0.94344 0.74682 0.95964 0.75101)
		3 V(107 109 108) M(0) UV(0.95964 0.79329 0.93611 0.79315 0.95964 0.75101)
		3 V(100 101 99) M(0) UV(0.97814 0.26503 0.94465 0.26503 0.94465 0.23808)
		3 V(98 100 99) M(0) UV(0.97814 0.23808 0.97814 0.26503 0.94465 0.23808)
		3 V(106 97 99) M(0) UV(0.94537 0.52975 0.94537 0.53746 0.92184 0.53529)
		3 V(104 106 99) M(0) UV(0.92184 0.52990 0.94537 0.52975 0.92184 0.53529)
		3 V(109 107 98) M(0) UV(0.93611 0.79315 0.95964 0.79329 0.95964 0.79869)
		3 V(96 109 98) M(0) UV(0.93611 0.80086 0.93611 0.79315 0.95964 0.79869)
		3 V(103 104 101) M(0) UV(0.92184 0.48762 0.92184 0.52990 0.89489 0.52990)
		3 V(108 102 100) M(0) UV(0.95964 0.75101 0.98659 0.73166 0.98659 0.79329)
		3 V(107 108 100) M(0) UV(0.95964 0.79329 0.95964 0.75101 0.98659 0.79329)
	}
}
Object "$part1" {
	depth 0
	folding 0
	scale 1.000000 1.000000 1.000000
	rotation 0.000000 0.000000 0.000000
	translation 0.000000 0.000000 0.000000
	visible 15
	locking 0
	shading 1
	facet 59.5
	color 0.898 0.498 0.698
	color_type 0
	vertex 148 {
		101.1802 420.3369 306.8032
		195.3582 420.3369 306.8032
		94.3922 416.0852 394.3006
		202.1464 416.0852 394.3006
		107.5214 401.3116 482.9958
		189.0170 401.3116 482.9958
		112.2984 394.6021 501.8658
		184.2402 394.6021 501.8658
		94.3922 385.9182 535.8849
		202.1464 385.9182 535.8849
		94.3922 209.9934 547.5490
		202.1464 209.9934 547.5490
		94.3922 194.6001 532.1549
		202.1464 194.6001 532.1549
		94.3922 177.7941 482.9962
		202.1464 169.2421 482.9962
		94.3922 155.2446 394.3006
		202.1464 155.2446 394.3006
		86.0079 163.3281 306.8032
		210.5304 163.3281 306.8032
		86.0079 226.9722 -28.8096
		210.5304 226.9722 -28.8096
		114.5565 368.9386 -28.8096
		181.9819 368.9386 -28.8096
		228.3198 340.5846 306.8032
		228.3198 183.3784 306.8032
		217.5396 356.1721 367.0590
		217.5396 183.9217 394.3006
		217.5396 343.4315 482.9958
		217.5396 193.1877 482.9958
		217.5396 345.6103 518.3550
		217.5396 209.9934 532.1549
		68.2188 183.3784 306.8032
		68.2188 340.5846 306.8032
		78.9989 183.9217 394.3006
		78.9989 356.1721 367.0590
		78.9989 193.1877 482.9958
		78.9989 343.4315 482.9958
		78.9989 209.9934 532.1549
		78.9989 345.6103 518.3550
		148.2691 306.2078 1590.1616
		148.2691 277.2330 1590.1616
		168.7569 285.7197 1590.1616
		177.2435 306.2078 1590.1616
		168.7569 326.6954 1590.1616
		148.2691 335.1816 1590.1616
		127.7814 326.6954 1590.1616
		119.2950 306.2078 1590.1616
		127.7814 285.7197 1590.1616
		148.2691 273.2214 707.7036
		171.5940 282.8830 707.7036
		181.2552 306.2075 707.7036
		171.5940 329.5321 707.7036
		148.2691 339.1932 707.7036
		124.9445 329.5321 707.7036
		115.2833 306.2075 707.7036
		124.9445 282.8830 707.7036
		148.2691 263.6677 682.6248
		178.3494 276.1272 682.6248
		190.8091 306.2075 682.6248
		178.3494 336.2880 682.6248
		148.2691 348.7476 682.6248
		118.1889 336.2880 682.6248
		105.7290 306.2075 682.6248
		118.1889 276.1272 682.6248
		148.2691 263.6677 532.4186
		178.3494 276.1272 532.4186
		190.8091 306.2075 532.4186
		178.3494 336.2880 532.4186
		148.2691 344.9854 518.6182
		118.1889 336.2880 532.4186
		105.7290 306.2075 532.4186
		118.1889 276.1272 532.4186
		148.2691 306.2075 532.4186
		-101.1802 420.3369 306.8032
		-195.3582 420.3369 306.8032
		-94.3922 416.0852 394.3006
		-202.1464 416.0852 394.3006
		-107.5214 401.3116 482.9958
		-189.0170 401.3116 482.9958
		-112.2984 394.6021 501.8658
		-184.2402 394.6021 501.8658
		-94.3922 385.9182 535.8849
		-202.1464 385.9182 535.8849
		-94.3922 209.9934 547.5490
		-202.1464 209.9934 547.5490
		-94.3922 194.6001 532.1549
		-202.1464 194.6001 532.1549
		-94.3922 177.7941 482.9962
		-202.1464 169.2421 482.9962
		-94.3922 155.2446 394.3006
		-202.1464 155.2446 394.3006
		-86.0079 163.3281 306.8032
		-210.5304 163.3281 306.8032
		-86.0079 226.9722 -28.8096
		-210.5304 226.9722 -28.8096
		-114.5565 368.9386 -28.8096
		-181.9819 368.9386 -28.8096
		-228.3198 340.5846 306.8032
		-228.3198 183.3784 306.8032
		-217.5396 356.1721 367.0590
		-217.5396 183.9217 394.3006
		-217.5396 343.4315 482.9958
		-217.5396 193.1877 482.9958
		-217.5396 345.6103 518.3550
		-217.5396 209.9934 532.1549
		-68.2188 183.3784 306.8032
		-68.2188 340.5846 306.8032
		-78.9989 183.9217 394.3006
		-78.9989 356.1721 367.0590
		-78.9989 193.1877 482.9958
		-78.9989 343.4315 482.9958
		-78.9989 209.9934 532.1549
		-78.9989 345.6103 518.3550
		-148.2691 306.2078 1590.1616
		-148.2691 277.2330 1590.1616
		-168.7569 285.7197 1590.1616
		-177.2435 306.2078 1590.1616
		-168.7569 326.6954 1590.1616
		-148.2691 335.1816 1590.1616
		-127.7814 326.6954 1590.1616
		-119.2950 306.2078 1590.1616
		-127.7814 285.7197 1590.1616
		-148.2691 273.2214 707.7036
		-171.5940 282.8830 707.7036
		-181.2552 306.2075 707.7036
		-171.5940 329.5321 707.7036
		-148.2691 339.1932 707.7036
		-124.9445 329.5321 707.7036
		-115.2833 306.2075 707.7036
		-124.9445 282.8830 707.7036
		-148.2691 263.6677 682.6248
		-178.3494 276.1272 682.6248
		-190.8091 306.2075 682.6248
		-178.3494 336.2880 682.6248
		-148.2691 348.7476 682.6248
		-118.1889 336.2880 682.6248
		-105.7290 306.2075 682.6248
		-118.1889 276.1272 682.6248
		-148.2691 263.6677 532.4186
		-178.3494 276.1272 532.4186
		-190.8091 306.2075 532.4186
		-178.3494 336.2880 532.4186
		-148.2691 344.9854 518.6182
		-118.1889 336.2880 532.4186
		-105.7290 306.2075 532.4186
		-118.1889 276.1272 532.4186
		-148.2691 306.2075 532.4186
	}
	face 280 {
		3 V(7 30 9) M(0) UV(0.90718 0.37497 0.90275 0.38814 0.89803 0.37730)
		3 V(8 39 6) M(0) UV(0.98345 0.64070 0.97874 0.65154 0.97430 0.63836)
		3 V(11 31 13) M(0) UV(0.89489 0.42462 0.89903 0.42462 0.89903 0.42876)
		3 V(23 24 1) M(0) UV(0.98659 0.37015 0.95964 0.38950 0.95964 0.36805)
		3 V(12 38 10) M(0) UV(0.98245 0.69215 0.98245 0.68801 0.98659 0.68801)
		3 V(19 25 21) M(0) UV(0.95964 0.43717 0.95964 0.43178 0.98659 0.43178)
		3 V(0 33 22) M(0) UV(0.92184 0.63144 0.92184 0.65289 0.89489 0.63354)
		3 V(20 32 18) M(0) UV(0.89489 0.69517 0.92184 0.69517 0.92184 0.70056)
		3 V(40 42 41) M(0) UV(0.68864 0.32912 0.69415 0.33463 0.68864 0.33691)
		3 V(40 43 42) M(0) UV(0.68864 0.32912 0.69643 0.32912 0.69415 0.33463)
		3 V(40 44 43) M(0) UV(0.68864 0.32912 0.69415 0.32361 0.69643 0.32912)
		3 V(40 45 44) M(0) UV(0.68864 0.32912 0.68864 0.32133 0.69415 0.32361)
		3 V(40 46 45) M(0) UV(0.68864 0.32912 0.68313 0.32361 0.68864 0.32133)
		3 V(40 47 46) M(0) UV(0.68864 0.32912 0.68085 0.32912 0.68313 0.32361)
		3 V(40 48 47) M(0) UV(0.68864 0.32912 0.68313 0.33463 0.68085 0.32912)
		3 V(40 41 48) M(0) UV(0.68864 0.32912 0.68864 0.33691 0.68313 0.33463)
		3 V(73 65 66) M(0) UV(0.54780 0.02384 0.54780 0.03528 0.53971 0.03193)
		3 V(73 66 67) M(0) UV(0.54780 0.02384 0.53971 0.03193 0.53636 0.02384)
		3 V(73 67 68) M(0) UV(0.54780 0.02384 0.53636 0.02384 0.53971 0.01575)
		3 V(73 68 69) M(0) UV(0.54780 0.02384 0.53971 0.01575 0.54780 0.01341)
		3 V(73 69 70) M(0) UV(0.54780 0.02384 0.54780 0.01341 0.55589 0.01575)
		3 V(73 70 71) M(0) UV(0.54780 0.02384 0.55589 0.01575 0.55924 0.02384)
		3 V(73 71 72) M(0) UV(0.54780 0.02384 0.55924 0.02384 0.55589 0.03193)
		3 V(73 72 65) M(0) UV(0.54780 0.02384 0.55589 0.03193 0.54780 0.03528)
		3 V(1 3 2) M(0) UV(0.34757 0.52401 0.34939 0.54754 0.32041 0.54754)
		3 V(1 2 0) M(0) UV(0.34757 0.52401 0.32041 0.54754 0.32224 0.52401)
		3 V(3 5 4) M(0) UV(0.34939 0.54754 0.34586 0.57140 0.32395 0.57140)
		3 V(3 4 2) M(0) UV(0.34939 0.54754 0.32395 0.57140 0.32041 0.54754)
		3 V(5 7 6) M(0) UV(0.34586 0.57140 0.34458 0.57647 0.32523 0.57647)
		3 V(5 6 4) M(0) UV(0.34586 0.57140 0.32523 0.57647 0.32395 0.57140)
		3 V(9 11 10) M(0) UV(0.92387 0.56429 0.92387 0.61160 0.89489 0.61160)
		3 V(9 10 8) M(0) UV(0.92387 0.56429 0.89489 0.61160 0.89489 0.56429)
		3 V(13 15 14) M(0) UV(0.30805 0.62054 0.30805 0.63376 0.27907 0.63376)
		3 V(13 14 12) M(0) UV(0.30805 0.62054 0.27907 0.63376 0.27907 0.62054)
		3 V(15 17 16) M(0) UV(0.30805 0.63376 0.30805 0.65761 0.27907 0.65761)
		3 V(15 16 14) M(0) UV(0.30805 0.63376 0.27907 0.65761 0.27907 0.63376)
		3 V(17 19 18) M(0) UV(0.30805 0.65761 0.31030 0.68114 0.27681 0.68114)
		3 V(17 18 16) M(0) UV(0.30805 0.65761 0.27681 0.68114 0.27907 0.65761)
		3 V(21 23 22) M(0) UV(0.27681 0.79655 0.28449 0.73492 0.30262 0.73492)
		3 V(21 22 20) M(0) UV(0.27681 0.79655 0.30262 0.73492 0.31030 0.79655)
		3 V(24 25 27) M(0) UV(0.95964 0.38950 0.95964 0.43178 0.93611 0.43163)
		3 V(24 27 26) M(0) UV(0.95964 0.38950 0.93611 0.43163 0.94344 0.38530)
		3 V(27 29 28) M(0) UV(0.93611 0.43163 0.91225 0.42914 0.91225 0.38873)
		3 V(27 28 26) M(0) UV(0.93611 0.43163 0.91225 0.38873 0.94344 0.38530)
		3 V(29 31 30) M(0) UV(0.91225 0.42914 0.89903 0.42462 0.90275 0.38814)
		3 V(29 30 28) M(0) UV(0.91225 0.42914 0.90275 0.38814 0.91225 0.38873)
		3 V(33 35 34) M(0) UV(0.92184 0.65289 0.93804 0.64870 0.94537 0.69503)
		3 V(33 34 32) M(0) UV(0.92184 0.65289 0.94537 0.69503 0.92184 0.69517)
		3 V(35 37 36) M(0) UV(0.93804 0.64870 0.96923 0.65213 0.96923 0.69253)
		3 V(35 36 34) M(0) UV(0.93804 0.64870 0.96923 0.69253 0.94537 0.69503)
		3 V(37 39 38) M(0) UV(0.96923 0.65213 0.97874 0.65154 0.98245 0.68801)
		3 V(37 38 36) M(0) UV(0.96923 0.65213 0.98245 0.68801 0.96923 0.69253)
		3 V(7 9 8) M(0) UV(0.34458 0.57647 0.34939 0.58562 0.32041 0.58562)
		3 V(7 8 6) M(0) UV(0.34458 0.57647 0.32041 0.58562 0.32523 0.57647)
		3 V(11 13 12) M(0) UV(0.30805 0.61640 0.30805 0.62054 0.27907 0.62054)
		3 V(11 12 10) M(0) UV(0.30805 0.61640 0.27907 0.62054 0.27907 0.61640)
		3 V(23 1 0) M(0) UV(0.34397 0.49706 0.34757 0.52401 0.32224 0.52401)
		3 V(23 0 22) M(0) UV(0.34397 0.49706 0.32224 0.52401 0.32584 0.49706)
		3 V(19 21 20) M(0) UV(0.31030 0.68114 0.31030 0.70809 0.27681 0.70809)
		3 V(19 20 18) M(0) UV(0.31030 0.68114 0.27681 0.70809 0.27681 0.68114)
		3 V(1 24 26) M(0) UV(0.95964 0.36805 0.95964 0.38950 0.94344 0.38530)
		3 V(1 26 3) M(0) UV(0.95964 0.36805 0.94344 0.38530 0.93611 0.36919)
		3 V(3 26 28) M(0) UV(0.93611 0.36919 0.94344 0.38530 0.91225 0.38873)
		3 V(3 28 5) M(0) UV(0.93611 0.36919 0.91225 0.38873 0.91225 0.37316)
		3 V(7 5 28) M(0) UV(0.90718 0.37497 0.91225 0.37316 0.91225 0.38873)
		3 V(7 28 30) M(0) UV(0.90718 0.37497 0.91225 0.38873 0.90275 0.38814)
		3 V(19 17 27) M(0) UV(0.95964 0.43717 0.93611 0.43934 0.93611 0.43163)
		3 V(19 27 25) M(0) UV(0.95964 0.43717 0.93611 0.43163 0.95964 0.43178)
		3 V(15 29 27) M(0) UV(0.91225 0.43558 0.91225 0.42914 0.93611 0.43163)
		3 V(15 27 17) M(0) UV(0.91225 0.43558 0.93611 0.43163 0.93611 0.43934)
		3 V(13 31 29) M(0) UV(0.89903 0.42876 0.89903 0.42462 0.91225 0.42914)
		3 V(13 29 15) M(0) UV(0.89903 0.42876 0.91225 0.42914 0.91225 0.43558)
		3 V(0 2 35) M(0) UV(0.92184 0.63144 0.94537 0.63259 0.93804 0.64870)
		3 V(0 35 33) M(0) UV(0.92184 0.63144 0.93804 0.64870 0.92184 0.65289)
		3 V(2 4 37) M(0) UV(0.94537 0.63259 0.96923 0.63656 0.96923 0.65213)
		3 V(2 37 35) M(0) UV(0.94537 0.63259 0.96923 0.65213 0.93804 0.64870)
		3 V(6 39 37) M(0) UV(0.97430 0.63836 0.97874 0.65154 0.96923 0.65213)
		3 V(6 37 4) M(0) UV(0.97430 0.63836 0.96923 0.65213 0.96923 0.63656)
		3 V(18 32 34) M(0) UV(0.92184 0.70056 0.92184 0.69517 0.94537 0.69503)
		3 V(18 34 16) M(0) UV(0.92184 0.70056 0.94537 0.69503 0.94537 0.70274)
		3 V(14 16 34) M(0) UV(0.96923 0.69667 0.94537 0.70274 0.94537 0.69503)
		3 V(14 34 36) M(0) UV(0.96923 0.69667 0.94537 0.69503 0.96923 0.69253)
		3 V(14 36 38) M(0) UV(0.96923 0.69667 0.96923 0.69253 0.98245 0.68801)
		3 V(14 38 12) M(0) UV(0.96923 0.69667 0.98245 0.68801 0.98245 0.69215)
		3 V(9 30 31) M(0) UV(0.89803 0.37730 0.90275 0.38814 0.89903 0.42462)
		3 V(9 31 11) M(0) UV(0.89803 0.37730 0.89903 0.42462 0.89489 0.42462)
		3 V(21 25 24) M(0) UV(0.98659 0.43178 0.95964 0.43178 0.95964 0.38950)
		3 V(21 24 23) M(0) UV(0.98659 0.43178 0.95964 0.38950 0.98659 0.37015)
		3 V(10 38 39) M(0) UV(0.98659 0.68801 0.98245 0.68801 0.97874 0.65154)
		3 V(10 39 8) M(0) UV(0.98659 0.68801 0.97874 0.65154 0.98345 0.64070)
		3 V(20 22 33) M(0) UV(0.89489 0.69517 0.89489 0.63354 0.92184 0.65289)
		3 V(20 33 32) M(0) UV(0.89489 0.69517 0.92184 0.65289 0.92184 0.69517)
		3 V(42 50 49) M(0) UV(0.11303 0.01341 0.11379 0.29037 0.10752 0.29037)
		3 V(42 49 41) M(0) UV(0.11303 0.01341 0.10752 0.29037 0.10752 0.01341)
		3 V(43 51 50) M(0) UV(0.01341 0.37614 0.29037 0.37614 0.29037 0.38241)
		3 V(43 50 42) M(0) UV(0.01341 0.37614 0.29037 0.38241 0.01341 0.38165)
		3 V(44 52 51) M(0) UV(0.01341 0.37063 0.29037 0.36986 0.29037 0.37614)
		3 V(44 51 43) M(0) UV(0.01341 0.37063 0.29037 0.37614 0.01341 0.37614)
		3 V(45 53 52) M(0) UV(0.02150 0.34122 0.02150 0.06427 0.02778 0.06427)
		3 V(45 52 44) M(0) UV(0.02150 0.34122 0.02778 0.06427 0.02701 0.34122)
		3 V(46 54 53) M(0) UV(0.01599 0.34122 0.01523 0.06427 0.02150 0.06427)
		3 V(46 53 45) M(0) UV(0.01599 0.34122 0.02150 0.06427 0.02150 0.34122)
		3 V(47 55 54) M(0) UV(0.33751 0.41914 0.06056 0.41914 0.06056 0.41287)
		3 V(47 54 46) M(0) UV(0.33751 0.41914 0.06056 0.41287 0.33751 0.41363)
		3 V(48 56 55) M(0) UV(0.33751 0.42465 0.06056 0.42542 0.06056 0.41914)
		3 V(48 55 47) M(0) UV(0.33751 0.42465 0.06056 0.41914 0.33751 0.41914)
		3 V(41 49 56) M(0) UV(0.10752 0.01341 0.10752 0.29037 0.10124 0.29037)
		3 V(41 56 48) M(0) UV(0.10752 0.01341 0.10124 0.29037 0.10201 0.01341)
		3 V(50 58 57) M(0) UV(0.11379 0.29037 0.11561 0.29711 0.10752 0.29711)
		3 V(50 57 49) M(0) UV(0.11379 0.29037 0.10752 0.29711 0.10752 0.29037)
		3 V(51 59 58) M(0) UV(0.29037 0.37614 0.29711 0.37614 0.29711 0.38423)
		3 V(51 58 50) M(0) UV(0.29037 0.37614 0.29711 0.38423 0.29037 0.38241)
		3 V(52 60 59) M(0) UV(0.29037 0.36986 0.29711 0.36805 0.29711 0.37614)
		3 V(52 59 51) M(0) UV(0.29037 0.36986 0.29711 0.37614 0.29037 0.37614)
		3 V(53 61 60) M(0) UV(0.02150 0.06427 0.02150 0.05752 0.02959 0.05752)
		3 V(53 60 52) M(0) UV(0.02150 0.06427 0.02959 0.05752 0.02778 0.06427)
		3 V(54 62 61) M(0) UV(0.01523 0.06427 0.01341 0.05752 0.02150 0.05752)
		3 V(54 61 53) M(0) UV(0.01523 0.06427 0.02150 0.05752 0.02150 0.06427)
		3 V(55 63 62) M(0) UV(0.06056 0.41914 0.05381 0.41914 0.05381 0.41105)
		3 V(55 62 54) M(0) UV(0.06056 0.41914 0.05381 0.41105 0.06056 0.41287)
		3 V(56 64 63) M(0) UV(0.06056 0.42542 0.05381 0.42723 0.05381 0.41914)
		3 V(56 63 55) M(0) UV(0.06056 0.42542 0.05381 0.41914 0.06056 0.41914)
		3 V(49 57 64) M(0) UV(0.10752 0.29037 0.10752 0.29711 0.09943 0.29711)
		3 V(49 64 56) M(0) UV(0.10752 0.29037 0.09943 0.29711 0.10124 0.29037)
		3 V(58 66 65) M(0) UV(0.11561 0.29711 0.11561 0.33751 0.10752 0.33751)
		3 V(58 65 57) M(0) UV(0.11561 0.29711 0.10752 0.33751 0.10752 0.29711)
		3 V(59 67 66) M(0) UV(0.29711 0.37614 0.33751 0.37614 0.33751 0.38423)
		3 V(59 66 58) M(0) UV(0.29711 0.37614 0.33751 0.38423 0.29711 0.38423)
		3 V(60 68 67) M(0) UV(0.29711 0.36805 0.33751 0.36805 0.33751 0.37614)
		3 V(60 67 59) M(0) UV(0.29711 0.36805 0.33751 0.37614 0.29711 0.37614)
		3 V(61 69 68) M(0) UV(0.02150 0.05752 0.02150 0.01341 0.02959 0.01712)
		3 V(61 68 60) M(0) UV(0.02150 0.05752 0.02959 0.01712 0.02959 0.05752)
		3 V(62 70 69) M(0) UV(0.01341 0.05752 0.01341 0.01712 0.02150 0.01341)
		3 V(62 69 61) M(0) UV(0.01341 0.05752 0.02150 0.01341 0.02150 0.05752)
		3 V(63 71 70) M(0) UV(0.05381 0.41914 0.01341 0.41914 0.01341 0.41105)
		3 V(63 70 62) M(0) UV(0.05381 0.41914 0.01341 0.41105 0.05381 0.41105)
		3 V(64 72 71) M(0) UV(0.05381 0.42723 0.01341 0.42723 0.01341 0.41914)
		3 V(64 71 63) M(0) UV(0.05381 0.42723 0.01341 0.41914 0.05381 0.41914)
		3 V(57 65 72) M(0) UV(0.10752 0.29711 0.10752 0.33751 0.09943 0.33751)
		3 V(57 72 64) M(0) UV(0.10752 0.29711 0.09943 0.33751 0.09943 0.29711)
		3 V(83 104 81) M(0) UV(0.98345 0.47542 0.97874 0.48626 0.97430 0.47309)
		3 V(80 113 82) M(0) UV(0.90718 0.73649 0.90275 0.74966 0.89803 0.73882)
		3 V(87 105 85) M(0) UV(0.98245 0.52688 0.98245 0.52274 0.98659 0.52274)
		3 V(75 98 97) M(0) UV(0.92184 0.46617 0.92184 0.48762 0.89489 0.46827)
		3 V(84 112 86) M(0) UV(0.89489 0.78614 0.89903 0.78614 0.89903 0.79028)
		3 V(95 99 93) M(0) UV(0.89489 0.52990 0.92184 0.52990 0.92184 0.53529)
		3 V(96 107 74) M(0) UV(0.98659 0.73166 0.95964 0.75101 0.95964 0.72957)
		3 V(92 106 94) M(0) UV(0.95964 0.79869 0.95964 0.79329 0.98659 0.79329)
		3 V(115 116 114) M(0) UV(0.76404 0.24546 0.75853 0.24318 0.76404 0.23767)
		3 V(116 117 114) M(0) UV(0.75853 0.24318 0.75625 0.23767 0.76404 0.23767)
		3 V(117 118 114) M(0) UV(0.75625 0.23767 0.75853 0.23216 0.76404 0.23767)
		3 V(118 119 114) M(0) UV(0.75853 0.23216 0.76404 0.22987 0.76404 0.23767)
		3 V(119 120 114) M(0) UV(0.76404 0.22987 0.76955 0.23216 0.76404 0.23767)
		3 V(120 121 114) M(0) UV(0.76955 0.23216 0.77183 0.23767 0.76404 0.23767)
		3 V(121 122 114) M(0) UV(0.77183 0.23767 0.76955 0.24318 0.76404 0.23767)
		3 V(122 115 114) M(0) UV(0.76955 0.24318 0.76404 0.24546 0.76404 0.23767)
		3 V(140 139 147) M(0) UV(0.26465 0.89831 0.25656 0.90166 0.25656 0.89022)
		3 V(141 140 147) M(0) UV(0.26800 0.89022 0.26465 0.89831 0.25656 0.89022)
		3 V(142 141 147) M(0) UV(0.26465 0.88213 0.26800 0.89022 0.25656 0.89022)
		3 V(143 142 147) M(0) UV(0.25656 0.87979 0.26465 0.88213 0.25656 0.89022)
		3 V(144 143 147) M(0) UV(0.24847 0.88213 0.25656 0.87979 0.25656 0.89022)
		3 V(145 144 147) M(0) UV(0.24512 0.89022 0.24847 0.88213 0.25656 0.89022)
		3 V(146 145 147) M(0) UV(0.24847 0.89831 0.24512 0.89022 0.25656 0.89022)
		3 V(139 146 147) M(0) UV(0.25656 0.90166 0.24847 0.89831 0.25656 0.89022)
		3 V(76 77 75) M(0) UV(0.47822 0.22623 0.44924 0.22623 0.45107 0.20270)
		3 V(74 76 75) M(0) UV(0.47640 0.20270 0.47822 0.22623 0.45107 0.20270)
		3 V(78 79 77) M(0) UV(0.47469 0.25008 0.45277 0.25008 0.44924 0.22623)
		3 V(76 78 77) M(0) UV(0.47822 0.22623 0.47469 0.25008 0.44924 0.22623)
		3 V(80 81 79) M(0) UV(0.47341 0.25516 0.45406 0.25516 0.45277 0.25008)
		3 V(78 80 79) M(0) UV(0.47469 0.25008 0.47341 0.25516 0.45277 0.25008)
		3 V(84 85 83) M(0) UV(0.92387 0.87500 0.89489 0.87500 0.89489 0.82769)
		3 V(82 84 83) M(0) UV(0.92387 0.82769 0.92387 0.87500 0.89489 0.82769)
		3 V(88 89 87) M(0) UV(0.97589 0.19069 0.94691 0.19069 0.94691 0.17747)
		3 V(86 88 87) M(0) UV(0.97589 0.17747 0.97589 0.19069 0.94691 0.17747)
		3 V(90 91 89) M(0) UV(0.97589 0.21455 0.94691 0.21455 0.94691 0.19069)
		3 V(88 90 89) M(0) UV(0.97589 0.19069 0.97589 0.21455 0.94691 0.19069)
		3 V(92 93 91) M(0) UV(0.97814 0.23808 0.94465 0.23808 0.94691 0.21455)
		3 V(90 92 91) M(0) UV(0.97589 0.21455 0.97814 0.23808 0.94691 0.21455)
		3 V(96 97 95) M(0) UV(0.95233 0.29185 0.97046 0.29185 0.97814 0.35348)
		3 V(94 96 95) M(0) UV(0.94465 0.35348 0.95233 0.29185 0.97814 0.35348)
		3 V(101 99 98) M(0) UV(0.94537 0.52975 0.92184 0.52990 0.92184 0.48762)
		3 V(100 101 98) M(0) UV(0.93804 0.48342 0.94537 0.52975 0.92184 0.48762)
		3 V(102 103 101) M(0) UV(0.96923 0.48685 0.96923 0.52726 0.94537 0.52975)
		3 V(100 102 101) M(0) UV(0.93804 0.48342 0.96923 0.48685 0.94537 0.52975)
		3 V(104 105 103) M(0) UV(0.97874 0.48626 0.98245 0.52274 0.96923 0.52726)
		3 V(102 104 103) M(0) UV(0.96923 0.48685 0.97874 0.48626 0.96923 0.52726)
		3 V(108 109 107) M(0) UV(0.93611 0.79315 0.94344 0.74682 0.95964 0.75101)
		3 V(106 108 107) M(0) UV(0.95964 0.79329 0.93611 0.79315 0.95964 0.75101)
		3 V(110 111 109) M(0) UV(0.91225 0.79066 0.91225 0.75025 0.94344 0.74682)
		3 V(108 110 109) M(0) UV(0.93611 0.79315 0.91225 0.79066 0.94344 0.74682)
		3 V(112 113 111) M(0) UV(0.89903 0.78614 0.90275 0.74966 0.91225 0.75025)
		3 V(110 112 111) M(0) UV(0.91225 0.79066 0.89903 0.78614 0.91225 0.75025)
		3 V(82 83 81) M(0) UV(0.47822 0.26431 0.44924 0.26431 0.45406 0.25516)
		3 V(80 82 81) M(0) UV(0.47341 0.25516 0.47822 0.26431 0.45406 0.25516)
		3 V(86 87 85) M(0) UV(0.97589 0.17747 0.94691 0.17747 0.94691 0.17333)
		3 V(84 86 85) M(0) UV(0.97589 0.17333 0.97589 0.17747 0.94691 0.17333)
		3 V(74 75 97) M(0) UV(0.47640 0.20270 0.45107 0.20270 0.45467 0.17575)
		3 V(96 74 97) M(0) UV(0.47280 0.17575 0.47640 0.20270 0.45467 0.17575)
		3 V(94 95 93) M(0) UV(0.97814 0.26503 0.94465 0.26503 0.94465 0.23808)
		3 V(92 94 93) M(0) UV(0.97814 0.23808 0.97814 0.26503 0.94465 0.23808)
		3 V(100 98 75) M(0) UV(0.93804 0.48342 0.92184 0.48762 0.92184 0.46617)
		3 V(77 100 75) M(0) UV(0.94537 0.46731 0.93804 0.48342 0.92184 0.46617)
		3 V(102 100 77) M(0) UV(0.96923 0.48685 0.93804 0.48342 0.94537 0.46731)
		3 V(79 102 77) M(0) UV(0.96923 0.47128 0.96923 0.48685 0.94537 0.46731)
		3 V(102 79 81) M(0) UV(0.96923 0.48685 0.96923 0.47128 0.97430 0.47309)
		3 V(104 102 81) M(0) UV(0.97874 0.48626 0.96923 0.48685 0.97430 0.47309)
		3 V(101 91 93) M(0) UV(0.94537 0.52975 0.94537 0.53746 0.92184 0.53529)
		3 V(99 101 93) M(0) UV(0.92184 0.52990 0.94537 0.52975 0.92184 0.53529)
		3 V(101 103 89) M(0) UV(0.94537 0.52975 0.96923 0.52726 0.96923 0.53370)
		3 V(91 101 89) M(0) UV(0.94537 0.53746 0.94537 0.52975 0.96923 0.53370)
		3 V(103 105 87) M(0) UV(0.96923 0.52726 0.98245 0.52274 0.98245 0.52688)
		3 V(89 103 87) M(0) UV(0.96923 0.53370 0.96923 0.52726 0.98245 0.52688)
		3 V(109 76 74) M(0) UV(0.94344 0.74682 0.93611 0.73071 0.95964 0.72957)
		3 V(107 109 74) M(0) UV(0.95964 0.75101 0.94344 0.74682 0.95964 0.72957)
		3 V(111 78 76) M(0) UV(0.91225 0.75025 0.91225 0.73468 0.93611 0.73071)
		3 V(109 111 76) M(0) UV(0.94344 0.74682 0.91225 0.75025 0.93611 0.73071)
		3 V(111 113 80) M(0) UV(0.91225 0.75025 0.90275 0.74966 0.90718 0.73649)
		3 V(78 111 80) M(0) UV(0.91225 0.73468 0.91225 0.75025 0.90718 0.73649)
		3 V(108 106 92) M(0) UV(0.93611 0.79315 0.95964 0.79329 0.95964 0.79869)
		3 V(90 108 92) M(0) UV(0.93611 0.80086 0.93611 0.79315 0.95964 0.79869)
		3 V(108 90 88) M(0) UV(0.93611 0.79315 0.93611 0.80086 0.91225 0.79480)
		3 V(110 108 88) M(0) UV(0.91225 0.79066 0.93611 0.79315 0.91225 0.79480)
		3 V(112 110 88) M(0) UV(0.89903 0.78614 0.91225 0.79066 0.91225 0.79480)
		3 V(86 112 88) M(0) UV(0.89903 0.79028 0.89903 0.78614 0.91225 0.79480)
		3 V(105 104 83) M(0) UV(0.98245 0.52274 0.97874 0.48626 0.98345 0.47542)
		3 V(85 105 83) M(0) UV(0.98659 0.52274 0.98245 0.52274 0.98345 0.47542)
		3 V(98 99 95) M(0) UV(0.92184 0.48762 0.92184 0.52990 0.89489 0.52990)
		3 V(97 98 95) M(0) UV(0.89489 0.46827 0.92184 0.48762 0.89489 0.52990)
		3 V(113 112 84) M(0) UV(0.90275 0.74966 0.89903 0.78614 0.89489 0.78614)
		3 V(82 113 84) M(0) UV(0.89803 0.73882 0.90275 0.74966 0.89489 0.78614)
		3 V(107 96 94) M(0) UV(0.95964 0.75101 0.98659 0.73166 0.98659 0.79329)
		3 V(106 107 94) M(0) UV(0.95964 0.79329 0.95964 0.75101 0.98659 0.79329)
		3 V(123 124 116) M(0) UV(0.15052 0.29037 0.14425 0.29037 0.14501 0.01341)
		3 V(115 123 116) M(0) UV(0.15052 0.01341 0.15052 0.29037 0.14501 0.01341)
		3 V(124 125 117) M(0) UV(0.06056 0.46842 0.06056 0.46215 0.33751 0.46215)
		3 V(116 124 117) M(0) UV(0.33751 0.46766 0.06056 0.46842 0.33751 0.46215)
		3 V(125 126 118) M(0) UV(0.06056 0.46215 0.06056 0.45588 0.33751 0.45664)
		3 V(117 125 118) M(0) UV(0.33751 0.46215 0.06056 0.46215 0.33751 0.45664)
		3 V(126 127 119) M(0) UV(0.05824 0.06427 0.06451 0.06427 0.06451 0.34122)
		3 V(118 126 119) M(0) UV(0.05900 0.34122 0.05824 0.06427 0.06451 0.34122)
		3 V(127 128 120) M(0) UV(0.06451 0.06427 0.07078 0.06427 0.07002 0.34122)
		3 V(119 127 120) M(0) UV(0.06451 0.34122 0.06451 0.06427 0.07002 0.34122)
		3 V(128 129 121) M(0) UV(0.46239 0.01523 0.46239 0.02150 0.18544 0.02150)
		3 V(120 128 121) M(0) UV(0.18544 0.01599 0.46239 0.01523 0.18544 0.02150)
		3 V(129 130 122) M(0) UV(0.46239 0.02150 0.46239 0.02778 0.18544 0.02701)
		3 V(121 129 122) M(0) UV(0.18544 0.02150 0.46239 0.02150 0.18544 0.02701)
		3 V(130 123 115) M(0) UV(0.15679 0.29037 0.15052 0.29037 0.15052 0.01341)
		3 V(122 130 115) M(0) UV(0.15603 0.01341 0.15679 0.29037 0.15052 0.01341)
		3 V(131 132 124) M(0) UV(0.15052 0.29711 0.14243 0.29711 0.14425 0.29037)
		3 V(123 131 124) M(0) UV(0.15052 0.29037 0.15052 0.29711 0.14425 0.29037)
		3 V(132 133 125) M(0) UV(0.05381 0.47024 0.05381 0.46215 0.06056 0.46215)
		3 V(124 132 125) M(0) UV(0.06056 0.46842 0.05381 0.47024 0.06056 0.46215)
		3 V(133 134 126) M(0) UV(0.05381 0.46215 0.05381 0.45406 0.06056 0.45588)
		3 V(125 133 126) M(0) UV(0.06056 0.46215 0.05381 0.46215 0.06056 0.45588)
		3 V(134 135 127) M(0) UV(0.05642 0.05752 0.06451 0.05752 0.06451 0.06427)
		3 V(126 134 127) M(0) UV(0.05824 0.06427 0.05642 0.05752 0.06451 0.06427)
		3 V(135 136 128) M(0) UV(0.06451 0.05752 0.07260 0.05752 0.07078 0.06427)
		3 V(127 135 128) M(0) UV(0.06451 0.06427 0.06451 0.05752 0.07078 0.06427)
		3 V(136 137 129) M(0) UV(0.46914 0.01341 0.46914 0.02150 0.46239 0.02150)
		3 V(128 136 129) M(0) UV(0.46239 0.01523 0.46914 0.01341 0.46239 0.02150)
		3 V(137 138 130) M(0) UV(0.46914 0.02150 0.46914 0.02959 0.46239 0.02778)
		3 V(129 137 130) M(0) UV(0.46239 0.02150 0.46914 0.02150 0.46239 0.02778)
		3 V(138 131 123) M(0) UV(0.15861 0.29711 0.15052 0.29711 0.15052 0.29037)
		3 V(130 138 123) M(0) UV(0.15679 0.29037 0.15861 0.29711 0.15052 0.29037)
		3 V(139 140 132) M(0) UV(0.15052 0.33751 0.14243 0.33751 0.14243 0.29711)
		3 V(131 139 132) M(0) UV(0.15052 0.29711 0.15052 0.33751 0.14243 0.29711)
		3 V(140 141 133) M(0) UV(0.01341 0.47024 0.01341 0.46215 0.05381 0.46215)
		3 V(132 140 133) M(0) UV(0.05381 0.47024 0.01341 0.47024 0.05381 0.46215)
		3 V(141 142 134) M(0) UV(0.01341 0.46215 0.01341 0.45406 0.05381 0.45406)
		3 V(133 141 134) M(0) UV(0.05381 0.46215 0.01341 0.46215 0.05381 0.45406)
		3 V(142 143 135) M(0) UV(0.05642 0.01712 0.06451 0.01341 0.06451 0.05752)
		3 V(134 142 135) M(0) UV(0.05642 0.05752 0.05642 0.01712 0.06451 0.05752)
		3 V(143 144 136) M(0) UV(0.06451 0.01341 0.07260 0.01712 0.07260 0.05752)
		3 V(135 143 136) M(0) UV(0.06451 0.05752 0.06451 0.01341 0.07260 0.05752)
		3 V(144 145 137) M(0) UV(0.50953 0.01341 0.50953 0.02150 0.46914 0.02150)
		3 V(136 144 137) M(0) UV(0.46914 0.01341 0.50953 0.01341 0.46914 0.02150)
		3 V(145 146 138) M(0) UV(0.50953 0.02150 0.50953 0.02959 0.46914 0.02959)
		3 V(137 145 138) M(0) UV(0.46914 0.02150 0.50953 0.02150 0.46914 0.02959)
		3 V(146 139 131) M(0) UV(0.15861 0.33751 0.15052 0.33751 0.15052 0.29711)
		3 V(138 146 131) M(0) UV(0.15861 0.29711 0.15861 0.33751 0.15052 0.29711)
	}
}
Eof
