Metasequoia Document
Format Text Ver 1.0

Scene {
	pos 0.0000 0.0000 1500.0012
	lookat -50.5526 1.1576 25.3131
	head -0.9308
	pich 0.4300
	bank 0.0000
	ortho 1
	zoom2 3.1250
	zoom_pers 5.0000
	amb 0.250 0.250 0.250
	dirlights 1 {
		light {
			dir 0.408 0.408 0.816
			color 1.000 1.000 1.000
		}
	}
}
Material 1 {
	"mat1" shader(3) col(1.000 1.000 1.000 1.000) dif(0.600) amb(0.250) emi(0.400) spc(0.000) power(5.00) tex("C:\Users\akihiro\Desktop\MinecraftŠÖ˜A\Model\late298\26da-torpedo.png")
}
Object "obj2" {
	depth 0
	folding 0
	scale 1.000000 1.000000 1.000000
	rotation 0.000000 0.000000 0.000000
	translation 0.000000 0.000000 0.000000
	visible 15
	locking 1
	shading 1
	facet 59.5
	color 0.898 0.498 0.698
	color_type 0
	vertex 147 {
		0.0000 20.7457 -210.5384
		15.0403 14.5156 -210.5384
		21.2701 -0.5244 -210.5384
		15.0403 -15.5646 -210.5384
		0.0000 -21.7944 -210.5384
		-15.0403 -15.5646 -210.5384
		-21.2701 -0.5244 -210.5384
		-15.0403 14.5156 -210.5384
		0.0000 20.7457 328.2142
		15.0403 14.5156 328.2142
		21.2701 -0.5244 328.2142
		15.0403 -15.5646 328.2142
		0.0000 -21.7944 328.2142
		-15.0403 -15.5646 328.2142
		-21.2701 -0.5244 328.2142
		-15.0403 14.5156 328.2142
		0.0000 -0.5244 351.2057
		0.0000 16.5923 341.1148
		12.1037 11.5790 341.1148
		17.1170 -0.5244 341.1148
		12.1037 -12.6280 341.1148
		0.0000 -17.6413 341.1148
		-12.1033 -12.6276 341.1151
		-17.1170 -0.5244 341.1148
		-12.1033 11.5790 341.1151
		0.0000 3.4963 -295.1431
		2.8429 2.3187 -295.1431
		4.0206 -0.5247 -295.1431
		2.8429 -3.3676 -295.1431
		0.0000 -4.5453 -295.1431
		-2.8429 -3.3676 -295.1431
		-4.0206 -0.5247 -295.1431
		-2.8429 2.3187 -295.1431
		0.0000 -0.5247 -318.7761
		0.0000 2.9718 -316.7285
		2.4726 1.9479 -316.7285
		3.4965 -0.5247 -316.7285
		2.4726 -2.9969 -316.7285
		0.0000 -4.0212 -316.7285
		-2.4726 -2.9969 -316.7285
		-3.4965 -0.5247 -316.7285
		-2.4726 1.9479 -316.7285
		0.0000 3.4959 -314.9316
		2.8433 2.3182 -314.9316
		4.0206 -0.5247 -314.9316
		2.8429 -3.3676 -314.9316
		0.0000 -4.5453 -314.9316
		-2.8429 -3.3676 -314.9316
		-4.0206 -0.5247 -314.9316
		-2.8433 2.3182 -314.9316
		0.7997 -13.0437 -251.9667
		0.7997 -20.8751 -263.4712
		0.7997 -20.8751 -301.1728
		0.7997 -16.9862 -301.1728
		0.7997 -20.8751 -346.6370
		0.7997 -16.9862 -314.7569
		0.7997 -12.3419 -323.1577
		0.7997 11.8587 -251.9667
		0.7997 19.6898 -263.4712
		0.7997 19.6898 -301.1728
		0.7997 15.8014 -301.1728
		0.7997 19.6898 -346.6370
		0.7997 15.8014 -314.7569
		0.7997 11.1569 -323.1577
		-0.7997 -13.0437 -251.9667
		-0.7997 -20.8751 -263.4712
		-0.7997 -20.8751 -301.1728
		-0.7997 -16.9862 -301.1728
		-0.7997 -20.8751 -346.6370
		-0.7997 -16.9862 -314.7569
		-0.7997 -12.3419 -323.1577
		-0.7997 11.8587 -251.9667
		-0.7997 19.6898 -263.4712
		-0.7997 19.6898 -301.1728
		-0.7997 15.8014 -301.1728
		-0.7997 19.6898 -346.6370
		-0.7997 15.8014 -314.7569
		-0.7997 11.1569 -323.1577
		-0.7373 1.4150 -309.9354
		-3.0721 10.6499 -308.7458
		3.0721 6.3404 -311.8766
		3.0721 6.3404 -311.8766
		2.4577 13.2663 -311.5635
		-0.8602 14.4977 -309.8730
		1.9568 0.1955 -309.9354
		11.1917 2.5302 -308.7458
		6.8822 -3.6138 -311.8766
		6.8822 -3.6138 -311.8766
		13.8082 -2.9996 -311.5635
		15.0395 0.3184 -309.8730
		0.7373 -2.4986 -309.9354
		3.0721 -11.7335 -308.7458
		-3.0721 -7.4240 -311.8766
		-3.0721 -7.4240 -311.8766
		-2.4577 -14.3500 -311.5635
		0.8602 -15.5813 -309.8730
		-1.9568 -1.2791 -309.9354
		-11.1917 -3.6138 -308.7458
		-6.8822 2.5302 -311.8766
		-6.8822 2.5302 -311.8766
		-13.8082 1.9159 -311.5635
		-15.0395 -1.4020 -309.8730
		-0.0004 5.6184 345.8014
		4.3936 3.7985 345.8014
		6.2134 -0.5954 345.8014
		4.3936 -4.9895 345.8014
		-0.0004 -6.8093 345.8014
		-4.3944 -4.9895 345.8014
		-6.2142 -0.5954 345.8014
		-4.3944 3.7985 345.8014
		-0.0004 5.6184 364.7427
		4.3936 3.7985 364.7427
		6.2134 -0.5954 364.7427
		4.3936 -4.9895 364.7427
		-0.0004 -6.8093 364.7427
		-4.3944 -4.9895 364.7427
		-6.2142 -0.5954 364.7427
		-4.3944 3.7985 364.7427
		-0.0004 -0.5954 370.2598
		-12.4512 -1.3922 -251.9667
		-20.2827 -1.3922 -263.4712
		-20.2827 -1.3922 -301.1728
		-16.3938 -1.3922 -301.1728
		-20.2827 -1.3922 -346.6370
		-16.3938 -1.3922 -314.7569
		-11.7493 -1.3922 -323.1577
		12.4512 -1.3922 -251.9667
		20.2827 -1.3922 -263.4712
		20.2827 -1.3922 -301.1728
		16.3938 -1.3922 -301.1728
		20.2827 -1.3922 -346.6370
		16.3938 -1.3922 -314.7569
		11.7493 -1.3922 -323.1577
		-12.4512 0.2073 -251.9667
		-20.2827 0.2073 -263.4712
		-20.2827 0.2073 -301.1728
		-16.3938 0.2073 -301.1728
		-20.2827 0.2073 -346.6370
		-16.3938 0.2073 -314.7569
		-11.7493 0.2073 -323.1577
		12.4512 0.2073 -251.9667
		20.2827 0.2073 -263.4712
		20.2827 0.2073 -301.1728
		16.3938 0.2073 -301.1728
		20.2827 0.2073 -346.6370
		16.3938 0.2073 -314.7569
		11.7493 0.2073 -323.1577
	}
	face 154 {
		4 V(0 1 9 8) M(0) UV(0.49206 0.43370 0.49206 0.50210 0.14607 0.50210 0.14607 0.43370)
		4 V(1 2 10 9) M(0) UV(0.49206 0.50210 0.49206 0.66734 0.14607 0.66734 0.14607 0.50210)
		4 V(2 3 11 10) M(0) UV(0.49206 0.66734 0.49206 0.83258 0.14607 0.83258 0.14607 0.66734)
		4 V(3 4 12 11) M(0) UV(0.49206 0.83258 0.49206 0.90098 0.14607 0.90098 0.14607 0.83258)
		4 V(4 5 13 12) M(0) UV(0.49206 0.90098 0.49206 0.83258 0.14607 0.83258 0.14607 0.90098)
		4 V(5 6 14 13) M(0) UV(0.49206 0.83258 0.49206 0.66734 0.14607 0.66734 0.14607 0.83258)
		4 V(6 7 15 14) M(0) UV(0.49206 0.66734 0.49206 0.50210 0.14607 0.50210 0.14607 0.66734)
		4 V(7 0 8 15) M(0) UV(0.49206 0.50210 0.49206 0.43370 0.14607 0.43370 0.14607 0.50210)
		3 V(18 16 17) M(0) UV(0.12686 0.53432 0.11183 0.66734 0.12686 0.47924)
		4 V(18 17 8 9) M(0) UV(0.12686 0.53432 0.12686 0.47924 0.14607 0.43370 0.14607 0.50210)
		3 V(19 16 18) M(0) UV(0.12686 0.66734 0.11183 0.66734 0.12686 0.53432)
		4 V(19 18 9 10) M(0) UV(0.12686 0.66734 0.12686 0.53432 0.14607 0.50210 0.14607 0.66734)
		3 V(20 16 19) M(0) UV(0.12686 0.80018 0.11183 0.66734 0.12686 0.66734)
		4 V(20 19 10 11) M(0) UV(0.12686 0.80018 0.12686 0.66734 0.14607 0.66734 0.14607 0.83258)
		3 V(21 16 20) M(0) UV(0.12686 0.85526 0.11183 0.66734 0.12686 0.80018)
		4 V(21 20 11 12) M(0) UV(0.12686 0.85526 0.12686 0.80018 0.14607 0.83258 0.14607 0.90098)
		3 V(22 16 21) M(0) UV(0.12686 0.80018 0.11183 0.66734 0.12686 0.85526)
		4 V(22 21 12 13) M(0) UV(0.12686 0.80018 0.12686 0.85526 0.14607 0.90098 0.14607 0.83258)
		3 V(23 16 22) M(0) UV(0.12686 0.66734 0.11183 0.66734 0.12686 0.80018)
		4 V(23 22 13 14) M(0) UV(0.12686 0.66734 0.12686 0.80018 0.14607 0.83258 0.14607 0.66734)
		3 V(24 16 23) M(0) UV(0.12686 0.53432 0.11183 0.66734 0.12686 0.66734)
		4 V(24 23 14 15) M(0) UV(0.12686 0.53432 0.12686 0.66734 0.14607 0.66734 0.14607 0.50210)
		3 V(17 16 24) M(0) UV(0.12686 0.47924 0.11183 0.66734 0.12686 0.53432)
		4 V(17 24 15 8) M(0) UV(0.12686 0.47924 0.12686 0.53432 0.14607 0.50210 0.14607 0.43370)
		4 V(25 26 1 0) M(0) UV(0.62065 0.62306 0.62065 0.63602 0.49206 0.50210 0.49206 0.43370)
		4 V(26 27 2 1) M(0) UV(0.62065 0.63602 0.62065 0.66734 0.49206 0.66734 0.49206 0.50210)
		4 V(27 28 3 2) M(0) UV(0.62065 0.66734 0.62065 0.69848 0.49206 0.83258 0.49206 0.66734)
		4 V(28 29 4 3) M(0) UV(0.62065 0.69848 0.62065 0.71144 0.49206 0.90098 0.49206 0.83258)
		4 V(29 30 5 4) M(0) UV(0.62065 0.71144 0.62065 0.69848 0.49206 0.83258 0.49206 0.90098)
		4 V(30 31 6 5) M(0) UV(0.62065 0.69848 0.62065 0.66734 0.49206 0.66734 0.49206 0.83258)
		4 V(31 32 7 6) M(0) UV(0.62065 0.66734 0.62065 0.63602 0.49206 0.50210 0.49206 0.66734)
		4 V(32 25 0 7) M(0) UV(0.62065 0.63602 0.62065 0.62306 0.49206 0.43370 0.49206 0.50210)
		3 V(33 35 34) M(0) UV(0.65902 0.66734 0.65597 0.64016 0.65597 0.62882)
		3 V(33 36 35) M(0) UV(0.65902 0.66734 0.65597 0.66734 0.65597 0.64016)
		3 V(33 37 36) M(0) UV(0.65902 0.66734 0.65597 0.69452 0.65597 0.66734)
		3 V(33 38 37) M(0) UV(0.65902 0.66734 0.65597 0.70568 0.65597 0.69452)
		3 V(33 39 38) M(0) UV(0.65902 0.66734 0.65597 0.69452 0.65597 0.70568)
		3 V(33 40 39) M(0) UV(0.65902 0.66734 0.65597 0.66734 0.65597 0.69452)
		3 V(33 41 40) M(0) UV(0.65902 0.66734 0.65597 0.64016 0.65597 0.66734)
		3 V(33 34 41) M(0) UV(0.65902 0.66734 0.65597 0.62882 0.65597 0.64016)
		4 V(43 26 25 42) M(0) UV(0.65331 0.63602 0.62065 0.63602 0.62065 0.62306 0.65331 0.62306)
		4 V(43 42 34 35) M(0) UV(0.65331 0.63602 0.65331 0.62306 0.65597 0.62882 0.65597 0.64016)
		4 V(44 27 26 43) M(0) UV(0.65331 0.66734 0.62065 0.66734 0.62065 0.63602 0.65331 0.63602)
		4 V(44 43 35 36) M(0) UV(0.65331 0.66734 0.65331 0.63602 0.65597 0.64016 0.65597 0.66734)
		4 V(45 28 27 44) M(0) UV(0.65331 0.69848 0.62065 0.69848 0.62065 0.66734 0.65331 0.66734)
		4 V(45 44 36 37) M(0) UV(0.65331 0.69848 0.65331 0.66734 0.65597 0.66734 0.65597 0.69452)
		4 V(46 29 28 45) M(0) UV(0.65331 0.71144 0.62065 0.71144 0.62065 0.69848 0.65331 0.69848)
		4 V(46 45 37 38) M(0) UV(0.65331 0.71144 0.65331 0.69848 0.65597 0.69452 0.65597 0.70568)
		4 V(47 30 29 46) M(0) UV(0.65331 0.69848 0.62065 0.69848 0.62065 0.71144 0.65331 0.71144)
		4 V(47 46 38 39) M(0) UV(0.65331 0.69848 0.65331 0.71144 0.65597 0.70568 0.65597 0.69452)
		4 V(48 31 30 47) M(0) UV(0.65331 0.66734 0.62065 0.66734 0.62065 0.69848 0.65331 0.69848)
		4 V(48 47 39 40) M(0) UV(0.65331 0.66734 0.65331 0.69848 0.65597 0.69452 0.65597 0.66734)
		4 V(49 32 31 48) M(0) UV(0.65331 0.63602 0.62065 0.63602 0.62065 0.66734 0.65331 0.66734)
		4 V(49 48 40 41) M(0) UV(0.65331 0.63602 0.65331 0.66734 0.65597 0.66734 0.65597 0.64016)
		4 V(42 25 32 49) M(0) UV(0.65331 0.62306 0.62065 0.62306 0.62065 0.63602 0.65331 0.63602)
		4 V(42 49 41 34) M(0) UV(0.65331 0.62306 0.65331 0.63602 0.65597 0.64016 0.65597 0.62882)
		4 V(53 52 51 50) M(0) UV(0.87801 0.79316 0.87801 0.86138 0.78818 0.86138 0.76076 0.72386)
		4 V(55 54 52 53) M(0) UV(0.91036 0.79316 0.98633 0.86138 0.87801 0.86138 0.87801 0.79316)
		3 V(55 56 54) M(0) UV(0.91036 0.79316 0.93040 0.71144 0.98633 0.86138)
		4 V(60 57 58 59) M(0) UV(0.87801 0.21680 0.76076 0.28610 0.78818 0.14858 0.87801 0.14858)
		4 V(62 60 59 61) M(0) UV(0.91036 0.21680 0.87801 0.21680 0.87801 0.14858 0.98633 0.14858)
		3 V(62 61 63) M(0) UV(0.91036 0.21680 0.98633 0.14858 0.93040 0.29852)
		4 V(50 57 60 53) M(0) UV(0.76076 0.72386 0.76076 0.28610 0.87801 0.21680 0.87801 0.79316)
		4 V(67 64 65 66) M(0) UV(0.87801 0.79316 0.76076 0.72386 0.78818 0.86138 0.87801 0.86138)
		4 V(69 67 66 68) M(0) UV(0.91036 0.79316 0.87801 0.79316 0.87801 0.86138 0.98633 0.86138)
		3 V(69 68 70) M(0) UV(0.91036 0.79316 0.98633 0.86138 0.93040 0.71144)
		4 V(74 73 72 71) M(0) UV(0.87801 0.21680 0.87801 0.14858 0.78818 0.14858 0.76076 0.28610)
		4 V(76 75 73 74) M(0) UV(0.91036 0.21680 0.98633 0.14858 0.87801 0.14858 0.87801 0.21680)
		3 V(76 77 75) M(0) UV(0.91036 0.21680 0.93040 0.29852 0.98633 0.14858)
		4 V(64 67 74 71) M(0) UV(0.76076 0.72386 0.87801 0.79316 0.87801 0.21680 0.76076 0.28610)
		4 V(61 75 68 54) M(0) UV(0.98633 0.14858 0.98633 0.14858 0.98633 0.86138 0.98633 0.86138)
		4 V(61 54 56 63) M(0) UV(0.98633 0.14858 0.98633 0.86138 0.93040 0.71144 0.93040 0.29852)
		4 V(77 70 68 75) M(0) UV(0.93040 0.29852 0.93040 0.71144 0.98633 0.86138 0.98633 0.14858)
		4 V(54 68 66 52) M(0) UV(0.98633 0.86138 0.98633 0.86138 0.87801 0.86138 0.87801 0.86138)
		4 V(52 66 65 51) M(0) UV(0.87801 0.86138 0.87801 0.86138 0.78818 0.86138 0.78818 0.86138)
		4 V(51 65 64 50) M(0) UV(0.78818 0.86138 0.78818 0.86138 0.76076 0.72386 0.76076 0.72386)
		4 V(57 71 72 58) M(0) UV(0.76076 0.28610 0.76076 0.28610 0.78818 0.14858 0.78818 0.14858)
		4 V(72 73 59 58) M(0) UV(0.78818 0.14858 0.87801 0.14858 0.87801 0.14858 0.78818 0.14858)
		4 V(73 75 61 59) M(0) UV(0.87801 0.14858 0.98633 0.14858 0.98633 0.14858 0.87801 0.14858)
		4 V(53 67 69 55) M(0) UV(0.87801 0.79316 0.87801 0.79316 0.91036 0.79316 0.91036 0.79316)
		4 V(69 70 56 55) M(0) UV(0.91036 0.79316 0.93040 0.71144 0.93040 0.71144 0.91036 0.79316)
		4 V(56 70 77 63) M(0) UV(0.93040 0.71144 0.93040 0.71144 0.93040 0.29852 0.93040 0.29852)
		4 V(63 77 76 62) M(0) UV(0.93040 0.29852 0.93040 0.29852 0.91036 0.21680 0.91036 0.21680)
		4 V(62 76 74 60) M(0) UV(0.91036 0.21680 0.91036 0.21680 0.87801 0.21680 0.87801 0.21680)
		4 V(60 74 67 53) M(0) UV(0.87801 0.21680 0.87801 0.21680 0.87801 0.79316 0.87801 0.79316)
		4 V(78 79 80 81) M(0) UV(0.69641 0.93140 0.67083 0.33560 0.73814 0.61370 0.73814 0.61370)
		3 V(79 82 80) M(0) UV(0.67083 0.33560 0.73140 0.16694 0.73814 0.61370)
		3 V(79 83 82) M(0) UV(0.67083 0.33560 0.69507 0.08738 0.73140 0.16694)
		4 V(81 80 79 78) M(0) UV(0.73814 0.61370 0.73814 0.61370 0.67083 0.33560 0.69641 0.93140)
		3 V(80 82 79) M(0) UV(0.73814 0.61370 0.73140 0.16694 0.67083 0.33560)
		3 V(82 83 79) M(0) UV(0.73140 0.16694 0.69507 0.08738 0.67083 0.33560)
		4 V(84 85 86 87) M(0) UV(0.69641 0.93140 0.67083 0.33560 0.73814 0.61370 0.73814 0.61370)
		3 V(85 88 86) M(0) UV(0.67083 0.33560 0.73140 0.16694 0.73814 0.61370)
		3 V(85 89 88) M(0) UV(0.67083 0.33560 0.69507 0.08738 0.73140 0.16694)
		4 V(87 86 85 84) M(0) UV(0.73814 0.61370 0.73814 0.61370 0.67083 0.33560 0.69641 0.93140)
		3 V(86 88 85) M(0) UV(0.73814 0.61370 0.73140 0.16694 0.67083 0.33560)
		3 V(88 89 85) M(0) UV(0.73140 0.16694 0.69507 0.08738 0.67083 0.33560)
		4 V(90 91 92 93) M(0) UV(0.69641 0.93140 0.67083 0.33560 0.73814 0.61370 0.73814 0.61370)
		3 V(91 94 92) M(0) UV(0.67083 0.33560 0.73140 0.16694 0.73814 0.61370)
		3 V(91 95 94) M(0) UV(0.67083 0.33560 0.69507 0.08738 0.73140 0.16694)
		4 V(93 92 91 90) M(0) UV(0.73814 0.61370 0.73814 0.61370 0.67083 0.33560 0.69641 0.93140)
		3 V(92 94 91) M(0) UV(0.73814 0.61370 0.73140 0.16694 0.67083 0.33560)
		3 V(94 95 91) M(0) UV(0.73140 0.16694 0.69507 0.08738 0.67083 0.33560)
		4 V(96 97 98 99) M(0) UV(0.69641 0.93140 0.67083 0.33560 0.73814 0.61370 0.73814 0.61370)
		3 V(97 100 98) M(0) UV(0.67083 0.33560 0.73140 0.16694 0.73814 0.61370)
		3 V(97 101 100) M(0) UV(0.67083 0.33560 0.69507 0.08738 0.73140 0.16694)
		4 V(99 98 97 96) M(0) UV(0.73814 0.61370 0.73814 0.61370 0.67083 0.33560 0.69641 0.93140)
		3 V(98 100 97) M(0) UV(0.73814 0.61370 0.73140 0.16694 0.67083 0.33560)
		3 V(100 101 97) M(0) UV(0.73140 0.16694 0.69507 0.08738 0.67083 0.33560)
		4 V(102 103 111 110) M(0) UV(0.11988 0.59984 0.11988 0.61982 0.09167 0.61982 0.09167 0.59984)
		4 V(103 104 112 111) M(0) UV(0.11988 0.61982 0.11988 0.66806 0.09167 0.66806 0.09167 0.61982)
		4 V(104 105 113 112) M(0) UV(0.11988 0.66806 0.11988 0.71630 0.09167 0.71630 0.09167 0.66806)
		4 V(105 106 114 113) M(0) UV(0.11988 0.71630 0.11988 0.73628 0.09167 0.73628 0.09167 0.71630)
		4 V(106 107 115 114) M(0) UV(0.11988 0.73628 0.11988 0.71630 0.09167 0.71630 0.09167 0.73628)
		4 V(107 108 116 115) M(0) UV(0.11988 0.71630 0.11988 0.66806 0.09167 0.66806 0.09167 0.71630)
		4 V(108 109 117 116) M(0) UV(0.11988 0.66806 0.11988 0.61982 0.09167 0.61982 0.09167 0.66806)
		4 V(109 102 110 117) M(0) UV(0.11988 0.61982 0.11988 0.59984 0.09167 0.59984 0.09167 0.61982)
		3 V(118 110 111) M(0) UV(0.08345 0.66806 0.09167 0.59984 0.09167 0.61982)
		3 V(118 111 112) M(0) UV(0.08345 0.66806 0.09167 0.61982 0.09167 0.66806)
		3 V(118 112 113) M(0) UV(0.08345 0.66806 0.09167 0.66806 0.09167 0.71630)
		3 V(118 113 114) M(0) UV(0.08345 0.66806 0.09167 0.71630 0.09167 0.73628)
		3 V(118 114 115) M(0) UV(0.08345 0.66806 0.09167 0.73628 0.09167 0.71630)
		3 V(118 115 116) M(0) UV(0.08345 0.66806 0.09167 0.71630 0.09167 0.66806)
		3 V(118 116 117) M(0) UV(0.08345 0.66806 0.09167 0.66806 0.09167 0.61982)
		3 V(118 117 110) M(0) UV(0.08345 0.66806 0.09167 0.61982 0.09167 0.59984)
		4 V(122 121 120 119) M(0) UV(0.87801 0.79316 0.87801 0.86138 0.78818 0.86138 0.76076 0.72386)
		4 V(124 123 121 122) M(0) UV(0.91036 0.79316 0.98633 0.86138 0.87801 0.86138 0.87801 0.79316)
		3 V(124 125 123) M(0) UV(0.91036 0.79316 0.93040 0.71144 0.98633 0.86138)
		4 V(129 126 127 128) M(0) UV(0.87801 0.21680 0.76076 0.28610 0.78818 0.14858 0.87801 0.14858)
		4 V(131 129 128 130) M(0) UV(0.91036 0.21680 0.87801 0.21680 0.87801 0.14858 0.98633 0.14858)
		3 V(131 130 132) M(0) UV(0.91036 0.21680 0.98633 0.14858 0.93040 0.29852)
		4 V(119 126 129 122) M(0) UV(0.76076 0.72386 0.76076 0.28610 0.87801 0.21680 0.87801 0.79316)
		4 V(136 133 134 135) M(0) UV(0.87801 0.79316 0.76076 0.72386 0.78818 0.86138 0.87801 0.86138)
		4 V(138 136 135 137) M(0) UV(0.91036 0.79316 0.87801 0.79316 0.87801 0.86138 0.98633 0.86138)
		3 V(138 137 139) M(0) UV(0.91036 0.79316 0.98633 0.86138 0.93040 0.71144)
		4 V(143 142 141 140) M(0) UV(0.87801 0.21680 0.87801 0.14858 0.78818 0.14858 0.76076 0.28610)
		4 V(145 144 142 143) M(0) UV(0.91036 0.21680 0.98633 0.14858 0.87801 0.14858 0.87801 0.21680)
		3 V(145 146 144) M(0) UV(0.91036 0.21680 0.93040 0.29852 0.98633 0.14858)
		4 V(133 136 143 140) M(0) UV(0.76076 0.72386 0.87801 0.79316 0.87801 0.21680 0.76076 0.28610)
		4 V(130 144 137 123) M(0) UV(0.98633 0.14858 0.98633 0.14858 0.98633 0.86138 0.98633 0.86138)
		4 V(130 123 125 132) M(0) UV(0.98633 0.14858 0.98633 0.86138 0.93040 0.71144 0.93040 0.29852)
		4 V(146 139 137 144) M(0) UV(0.93040 0.29852 0.93040 0.71144 0.98633 0.86138 0.98633 0.14858)
		4 V(123 137 135 121) M(0) UV(0.98633 0.86138 0.98633 0.86138 0.87801 0.86138 0.87801 0.86138)
		4 V(121 135 134 120) M(0) UV(0.87801 0.86138 0.87801 0.86138 0.78818 0.86138 0.78818 0.86138)
		4 V(120 134 133 119) M(0) UV(0.78818 0.86138 0.78818 0.86138 0.76076 0.72386 0.76076 0.72386)
		4 V(126 140 141 127) M(0) UV(0.76076 0.28610 0.76076 0.28610 0.78818 0.14858 0.78818 0.14858)
		4 V(141 142 128 127) M(0) UV(0.78818 0.14858 0.87801 0.14858 0.87801 0.14858 0.78818 0.14858)
		4 V(142 144 130 128) M(0) UV(0.87801 0.14858 0.98633 0.14858 0.98633 0.14858 0.87801 0.14858)
		4 V(122 136 138 124) M(0) UV(0.87801 0.79316 0.87801 0.79316 0.91036 0.79316 0.91036 0.79316)
		4 V(138 139 125 124) M(0) UV(0.91036 0.79316 0.93040 0.71144 0.93040 0.71144 0.91036 0.79316)
		4 V(125 139 146 132) M(0) UV(0.93040 0.71144 0.93040 0.71144 0.93040 0.29852 0.93040 0.29852)
		4 V(132 146 145 131) M(0) UV(0.93040 0.29852 0.93040 0.29852 0.91036 0.21680 0.91036 0.21680)
		4 V(131 145 143 129) M(0) UV(0.91036 0.21680 0.91036 0.21680 0.87801 0.21680 0.87801 0.21680)
		4 V(129 143 136 122) M(0) UV(0.87801 0.21680 0.87801 0.21680 0.87801 0.79316 0.87801 0.79316)
	}
}
Eof
