Metasequoia Document
Format Text Ver 1.1

Scene {
	pos 76.3037 26.1929 585.9341
	lookat 87.4004 47.5394 33.3549
	head -5.4800
	pich 0.2400
	bank 0.0000
	ortho 0
	zoom2 5.7373
	amb 0.250 0.250 0.250
	dirlights 1 {
		light {
			dir 0.408 0.408 0.816
			color 1.000 1.000 1.000
		}
	}
}
Material 1 {
	"mat1" shader(3) col(1.000 1.000 1.000 1.000) dif(0.800) amb(0.600) emi(0.000) spc(0.000) power(5.00)
}
Object "$body" {
	depth 0
	folding 0
	scale 1.000000 1.000000 1.000000
	rotation 0.000000 0.000000 0.000000
	translation 0.000000 0.000000 0.000000
	visible 15
	locking 0
	shading 1
	facet 59.5
	color 0.898 0.498 0.698
	color_type 0
	vertex 460 {
		-33.3151 33.6932 18.1712
		-42.9372 34.6932 18.1712
		-66.9924 34.6932 18.1712
		-66.9924 14.6932 18.1712
		-42.9372 14.6932 18.1712
		-33.3151 14.6932 18.1712
		-18.8820 22.3932 18.1712
		-33.3151 22.3932 29.5410
		-42.9372 22.3932 29.5410
		-22.4048 29.4642 18.1712
		-22.4048 15.3221 18.1712
		-33.3151 29.4642 26.2109
		-42.9372 29.4642 26.2109
		-33.3151 15.3221 26.2109
		-42.9372 15.3221 26.2109
		-16.9924 22.3932 31.3273
		-33.3151 33.6932 -15.9384
		-42.9372 34.6932 -15.9384
		-66.9924 34.6932 -15.9384
		-66.9924 14.6932 -15.9384
		-42.9372 14.6932 -15.9384
		-33.3151 14.6932 -15.9384
		-18.8820 22.3932 -15.9384
		-33.3151 22.3932 -27.3082
		-42.9372 22.3932 -27.3082
		-22.4048 29.4642 -15.9384
		-22.4048 15.3221 -15.9384
		-33.3151 29.4642 -23.9781
		-42.9372 29.4642 -23.9781
		-33.3151 15.3221 -23.9781
		-42.9372 15.3221 -23.9781
		-16.9924 22.3932 -29.0945
		-100.6697 33.6932 18.1712
		-91.0476 34.6932 18.1712
		-91.0476 14.6932 18.1712
		-100.6697 14.6932 18.1712
		-115.1028 22.3932 18.1712
		-100.6697 22.3932 29.5410
		-91.0476 22.3932 29.5410
		-66.9924 22.3932 29.5410
		-111.5800 29.4642 18.1712
		-111.5800 15.3221 18.1712
		-100.6697 29.4642 26.2109
		-91.0476 29.4642 26.2109
		-66.9924 29.4642 26.2109
		-100.6697 15.3221 26.2109
		-91.0476 15.3221 26.2109
		-66.9924 15.3221 26.2109
		-116.9924 22.3932 31.3273
		-100.6697 33.6932 -15.9384
		-91.0476 34.6932 -15.9384
		-91.0476 14.6932 -15.9384
		-100.6697 14.6932 -15.9384
		-115.1028 22.3932 -15.9384
		-100.6697 22.3932 -27.3082
		-91.0476 22.3932 -27.3082
		-66.9924 22.3932 -27.3082
		-111.5800 29.4642 -15.9384
		-111.5800 15.3221 -15.9384
		-100.6697 29.4642 -23.9781
		-91.0476 29.4642 -23.9781
		-66.9924 29.4642 -23.9781
		-100.6697 15.3221 -23.9781
		-91.0476 15.3221 -23.9781
		-66.9924 15.3221 -23.9781
		-116.9924 22.3932 -29.0945
		36.3036 -5.8393 18.1712
		26.6815 -4.8393 18.1712
		2.6263 -4.8393 18.1712
		2.6263 -24.8393 18.1712
		26.6815 -24.8393 18.1712
		36.3036 -24.8393 18.1712
		50.7367 -17.1393 18.1712
		36.3036 -17.1393 29.5410
		26.6815 -17.1393 29.5410
		47.2139 -10.0682 18.1712
		47.2139 -24.2103 18.1712
		36.3036 -10.0682 26.2109
		26.6815 -10.0682 26.2109
		36.3036 -24.2103 26.2109
		26.6815 -24.2103 26.2109
		52.6263 -17.1393 31.3273
		36.3036 -5.8393 -15.9384
		26.6815 -4.8393 -15.9384
		2.6263 -4.8393 -15.9384
		2.6263 -24.8393 -15.9384
		26.6815 -24.8393 -15.9384
		36.3036 -24.8393 -15.9384
		50.7367 -17.1393 -15.9384
		36.3036 -17.1393 -27.3082
		26.6815 -17.1393 -27.3082
		47.2139 -10.0682 -15.9384
		47.2139 -24.2103 -15.9384
		36.3036 -10.0682 -23.9781
		26.6815 -10.0682 -23.9781
		36.3036 -24.2103 -23.9781
		26.6815 -24.2103 -23.9781
		52.6263 -17.1393 -29.0945
		-31.0510 -5.8393 18.1712
		-21.4289 -4.8393 18.1712
		-21.4289 -24.8393 18.1712
		-31.0510 -24.8393 18.1712
		-45.4841 -17.1393 18.1712
		-31.0510 -17.1393 29.5410
		-21.4289 -17.1393 29.5410
		2.6263 -17.1393 29.5410
		-41.9613 -10.0682 18.1712
		-41.9613 -24.2103 18.1712
		-31.0510 -10.0682 26.2109
		-21.4289 -10.0682 26.2109
		2.6263 -10.0682 26.2109
		-31.0510 -24.2103 26.2109
		-21.4289 -24.2103 26.2109
		2.6263 -24.2103 26.2109
		-47.3737 -17.1393 31.3273
		-31.0510 -5.8393 -15.9384
		-21.4289 -4.8393 -15.9384
		-21.4289 -24.8393 -15.9384
		-31.0510 -24.8393 -15.9384
		-45.4841 -17.1393 -15.9384
		-31.0510 -17.1393 -27.3082
		-21.4289 -17.1393 -27.3082
		2.6263 -17.1393 -27.3082
		-41.9613 -10.0682 -15.9384
		-41.9613 -24.2103 -15.9384
		-31.0510 -10.0682 -23.9781
		-21.4289 -10.0682 -23.9781
		2.6263 -10.0682 -23.9781
		-31.0510 -24.2103 -23.9781
		-21.4289 -24.2103 -23.9781
		2.6263 -24.2103 -23.9781
		-47.3737 -17.1393 -29.0945
		51.5144 1.5677 42.7241
		49.9410 7.6353 35.3524
		43.8297 14.9566 4.8087
		43.8297 -5.0434 4.8087
		49.6466 -9.0781 24.3717
		51.2347 -14.3100 32.2924
		53.7302 -15.7233 48.4013
		40.1322 -8.7679 38.1793
		38.5441 -3.5360 30.2585
		53.2529 -7.8987 49.3836
		53.0447 -19.7169 41.6191
		43.5213 -2.5974 41.5755
		41.9332 2.6345 33.6548
		43.3131 -14.4156 33.8110
		41.7250 -9.1837 25.8902
		41.0642 -17.7836 51.8767
		85.1617 4.2453 37.7464
		82.3477 14.9566 20.9155
		77.1397 14.9566 -2.5760
		77.1397 -5.0434 -2.5760
		82.3477 -5.0434 20.9155
		84.8820 -11.6325 27.3148
		87.3776 -13.0457 43.4235
		96.2112 -4.3053 29.8831
		93.4511 2.6566 18.4539
		86.9003 -5.2211 44.4058
		86.6921 -17.0393 36.6413
		93.0303 1.3424 34.2514
		90.1990 9.7276 19.1749
		92.8221 -10.4758 26.4868
		90.1990 -4.4145 19.1749
		100.6674 -13.0404 43.0591
		36.5386 7.3435 -33.2243
		38.6218 14.9566 -18.6827
		38.6218 -5.0434 -18.6827
		36.5386 -9.7340 -24.8950
		33.4138 -8.9921 -40.9393
		25.4352 -1.7340 -26.0581
		27.5184 2.6566 -16.2212
		32.7264 2.6566 7.2702
		34.1765 -1.1283 -40.9470
		34.1765 -13.8396 -34.7473
		28.6873 4.3055 -29.8059
		30.7705 9.7276 -16.9421
		35.9785 9.7276 6.5492
		28.6873 -8.4057 -23.6062
		30.7705 -4.4145 -16.9421
		35.9785 -4.4145 6.5492
		20.1570 -8.5524 -40.0378
		69.8487 4.1062 -39.8619
		71.9319 9.1243 -31.8545
		71.9319 -8.8521 -23.0868
		69.8487 -12.9714 -31.5326
		66.7239 -12.2294 -47.5768
		80.9522 -7.1296 -37.1206
		83.0353 -3.0103 -28.6748
		88.2433 2.6566 -5.0376
		67.4867 -4.3657 -47.5846
		67.4867 -17.0770 -41.3849
		77.7001 -0.4579 -39.5724
		79.7832 3.6614 -31.1266
		84.9911 9.7276 -4.3166
		77.7001 -13.1692 -33.3728
		79.7832 -9.0498 -24.9269
		84.9911 -4.4145 -4.3166
		79.1626 -14.2870 -51.7955
		-2.4616 13.9566 -7.4675
		-9.8336 14.9566 -1.2816
		-28.2637 14.9566 14.1830
		-28.2637 -5.0434 14.1830
		-9.8336 -5.0434 -1.2816
		-2.4616 -5.0434 -7.4675
		9.6387 -1.8056 -18.2851
		4.8480 2.6566 1.2436
		-2.5241 2.6566 7.4295
		7.6694 5.6127 -20.1576
		6.6702 -6.1781 -12.4126
		2.7071 9.7276 -1.3078
		-4.6650 9.7276 4.8780
		2.7071 -4.4145 -1.3078
		-4.6650 -4.4145 4.8780
		20.3045 1.8991 -11.2691
		-23.8975 2.1320 -37.2512
		-30.5700 7.1254 -32.3363
		-50.1922 14.9566 -11.9503
		-50.1922 -5.0434 -11.9503
		-31.9831 -9.5492 -21.3832
		-25.2399 -13.7089 -26.8458
		-14.5811 -13.5287 -39.2565
		-32.7691 -11.1968 -38.0531
		-39.5123 -7.0371 -32.5906
		-16.5503 -6.1104 -41.1291
		-17.5495 -17.9011 -33.3840
		-29.9049 -4.1569 -39.8782
		-36.6481 0.0028 -34.4157
		-30.9041 -15.9476 -32.1332
		-37.6474 -11.7879 -26.6707
		-22.5984 -18.8671 -48.4180
		-56.7958 3.7128 35.1405
		-50.9382 9.0146 29.6477
		-46.6939 -5.0434 29.6477
		-55.8870 -13.4561 27.0533
		-64.9141 -11.7919 40.5961
		-47.1729 -9.0148 36.6938
		-41.4004 -5.4857 29.8502
		-20.9542 2.6566 22.8941
		-63.1388 -4.1102 41.1003
		-62.4625 -16.8895 35.0809
		-50.1713 -1.8881 37.8399
		-44.3988 1.6411 30.9962
		-23.0952 9.7276 20.3427
		-49.4949 -14.6673 31.8204
		-43.7224 -11.1382 24.9767
		-23.0952 -4.4145 20.3427
		-55.5383 -15.3969 49.3029
		-75.9944 12.0113 9.7003
		-68.6224 14.0724 3.5144
		-68.6224 -5.0434 3.5144
		-75.9944 -5.0434 9.7003
		-87.0524 2.6566 18.9791
		-83.3039 2.6566 0.9892
		-75.9318 2.6566 -5.1968
		-57.5017 2.6566 -20.6615
		-84.3535 9.7276 16.7144
		-84.3535 -4.4145 16.7144
		-81.1630 9.7276 3.5406
		-73.7910 9.7276 -2.6453
		-55.3609 9.7276 -18.1101
		-81.1630 -4.4145 3.5406
		-73.7910 -4.4145 -2.6453
		-55.3609 -4.4145 -18.1101
		-96.9581 2.6566 10.1142
		126.9962 33.6932 18.1712
		117.3741 34.6932 18.1712
		93.3189 34.6932 18.1712
		93.3189 14.6932 18.1712
		117.3741 14.6932 18.1712
		126.9962 14.6932 18.1712
		141.4293 22.3932 18.1712
		126.9962 22.3932 29.5410
		117.3741 22.3932 29.5410
		137.9065 29.4642 18.1712
		137.9065 15.3221 18.1712
		126.9962 29.4642 26.2109
		117.3741 29.4642 26.2109
		126.9962 15.3221 26.2109
		117.3741 15.3221 26.2109
		143.3190 22.3932 31.3273
		126.9962 33.6932 -15.9384
		117.3741 34.6932 -15.9384
		93.3189 34.6932 -15.9384
		93.3189 14.6932 -15.9384
		117.3741 14.6932 -15.9384
		126.9962 14.6932 -15.9384
		141.4293 22.3932 -15.9384
		126.9962 22.3932 -27.3082
		117.3741 22.3932 -27.3082
		137.9065 29.4642 -15.9384
		137.9065 15.3221 -15.9384
		126.9962 29.4642 -23.9781
		117.3741 29.4642 -23.9781
		126.9962 15.3221 -23.9781
		117.3741 15.3221 -23.9781
		143.3190 22.3932 -29.0945
		59.6417 33.6932 18.1712
		69.2637 34.6932 18.1712
		69.2637 14.6932 18.1712
		59.6417 14.6932 18.1712
		45.2086 22.3932 18.1712
		59.6417 22.3932 29.5410
		69.2637 22.3932 29.5410
		93.3189 22.3932 29.5410
		48.7314 29.4642 18.1712
		48.7314 15.3221 18.1712
		59.6417 29.4642 26.2109
		69.2637 29.4642 26.2109
		93.3189 29.4642 26.2109
		59.6417 15.3221 26.2109
		69.2637 15.3221 26.2109
		93.3189 15.3221 26.2109
		43.3190 22.3932 31.3273
		59.6417 33.6932 -15.9384
		69.2637 34.6932 -15.9384
		69.2637 14.6932 -15.9384
		59.6417 14.6932 -15.9384
		45.2086 22.3932 -15.9384
		59.6417 22.3932 -27.3082
		69.2637 22.3932 -27.3082
		93.3189 22.3932 -27.3082
		48.7314 29.4642 -15.9384
		48.7314 15.3221 -15.9384
		59.6417 29.4642 -23.9781
		69.2637 29.4642 -23.9781
		93.3189 29.4642 -23.9781
		59.6417 15.3221 -23.9781
		69.2637 15.3221 -23.9781
		93.3189 15.3221 -23.9781
		43.3190 22.3932 -29.0945
		78.2108 53.8374 18.1712
		68.5492 54.3265 18.1712
		43.7812 51.4710 18.1712
		54.1597 34.3746 18.1712
		79.2169 34.8640 18.1712
		93.2220 43.3175 18.1712
		78.8091 42.5532 29.5410
		69.2006 42.0437 29.5410
		89.3297 50.1921 18.1712
		90.0785 36.0698 18.1712
		78.4347 49.6144 26.2109
		68.8261 49.1048 26.2109
		79.1836 35.4921 26.2109
		69.5750 34.9826 26.2109
		95.1090 43.4176 31.3273
		78.2108 53.8374 -15.9384
		68.5492 54.3265 -15.9384
		43.7812 51.4710 -15.9384
		54.1597 34.3746 -15.9384
		79.2169 34.8640 -15.9384
		93.2220 43.3175 -15.9384
		78.8091 42.5532 -27.3082
		69.2006 42.0437 -27.3082
		89.3297 50.1921 -15.9384
		90.0785 36.0698 -15.9384
		78.4347 49.6144 -23.9781
		68.8261 49.1048 -23.9781
		79.1836 35.4921 -23.9781
		69.5750 34.9826 -23.9781
		95.1090 43.4176 -29.0945
		17.1739 26.2174 18.1712
		23.9197 33.1513 18.1712
		36.7366 17.7979 18.1712
		29.3500 11.6317 18.1712
		13.3356 8.2933 18.1712
		24.4155 17.5428 29.5410
		31.8020 23.7090 29.5410
		50.1640 40.9567 29.5410
		11.5085 15.9792 18.1712
		20.5714 5.1227 18.1712
		19.8840 22.9710 26.2109
		27.2706 29.1373 26.2109
		46.4946 47.0012 26.2109
		28.9470 12.1145 26.2109
		36.3335 18.2808 26.2109
		53.8333 34.9122 26.2109
		11.8850 7.0824 31.3273
		17.1739 26.2174 -15.9384
		23.9197 33.1513 -15.9384
		33.5968 21.8917 -15.9384
		29.3500 11.6317 -15.9384
		13.3356 8.2933 -15.9384
		24.4155 17.5428 -27.3082
		31.8020 23.7090 -27.3082
		50.1640 40.9567 -27.3082
		11.5085 15.9792 -15.9384
		20.5714 5.1227 -15.9384
		19.8840 22.9710 -23.9781
		27.2706 29.1373 -23.9781
		46.4946 47.0012 -23.9781
		28.9470 12.1145 -23.9781
		33.2704 22.4294 -23.9781
		53.8333 34.9122 -23.9781
		11.8850 7.0824 -29.0945
		14.6746 51.9399 17.6862
		5.6496 48.4567 17.6619
		-10.5331 44.3194 18.1712
		-10.5331 24.3194 18.1712
		14.7289 30.6671 18.7092
		23.2999 35.0398 18.6811
		32.6610 48.4479 18.2358
		19.5633 42.4342 29.6321
		10.9923 38.0615 29.6602
		26.3129 53.1366 17.8758
		32.7330 40.5574 18.6163
		16.4240 48.5640 25.9363
		7.8529 44.1913 25.9644
		22.8440 35.9849 26.6768
		14.2729 31.6122 26.7049
		34.0653 49.9377 31.3683
		15.3977 50.3038 -16.3764
		6.3727 46.8206 -16.4007
		-10.5331 44.3194 -15.9384
		-10.5331 24.3194 -15.9384
		15.4520 29.0309 -15.3534
		24.0230 33.4037 -15.3815
		33.3841 46.8118 -15.8268
		20.7685 39.7073 -27.1389
		12.1975 35.3346 -27.1108
		27.0361 51.5004 -16.1868
		33.4561 38.9213 -15.4463
		17.4879 46.1566 -24.1836
		8.9169 41.7839 -24.1555
		23.9080 33.5774 -23.4431
		15.3369 29.2047 -23.4150
		35.3462 47.0394 -28.9704
		-44.2104 53.6473 18.1712
		-34.5883 54.6473 18.1712
		-34.5883 34.6473 18.1712
		-44.2104 34.6473 18.1712
		-58.6435 42.3473 18.1712
		-44.2104 42.3473 29.5410
		-34.5883 42.3473 29.5410
		-10.5331 32.0194 29.5410
		-55.1207 49.4184 18.1712
		-55.1207 35.2763 18.1712
		-44.2104 49.4184 26.2109
		-34.5883 49.4184 26.2109
		-10.5331 39.0904 26.2109
		-44.2104 35.2763 26.2109
		-34.5883 35.2763 26.2109
		-10.5331 24.9483 26.2109
		-60.5331 42.3473 31.3273
		-44.2104 53.6473 -15.9384
		-34.5883 54.6473 -15.9384
		-34.5883 34.6473 -15.9384
		-44.2104 34.6473 -15.9384
		-58.6435 42.3473 -15.9384
		-44.2104 42.3473 -27.3082
		-34.5883 42.3473 -27.3082
		-10.5331 32.0194 -27.3082
		-55.1207 49.4184 -15.9384
		-55.1207 35.2763 -15.9384
		-44.2104 49.4184 -23.9781
		-34.5883 49.4184 -23.9781
		-10.5331 39.0904 -23.9781
		-44.2104 35.2763 -23.9781
		-34.5883 35.2763 -23.9781
		-10.5331 24.9483 -23.9781
		-60.5331 42.3473 -29.0945
	}
	face 896 {
		3 V(9 11 0) M(0) UV(0.76785 0.04260 0.89457 0.09260 0.76785 0.09260)
		3 V(15 7 11) M(0) UV(0.97521 0.01779 0.94706 0.09260 0.89457 0.09260)
		3 V(11 9 15) M(0) UV(0.89457 0.09260 0.76785 0.04260 0.97521 0.01779)
		3 V(6 15 9) M(0) UV(0.76785 0.02645 0.97521 0.01779 0.76785 0.04260)
		3 V(5 13 10) M(0) UV(0.76785 0.09260 0.89457 0.09260 0.76785 0.04260)
		3 V(13 7 15) M(0) UV(0.89457 0.09260 0.94706 0.09260 0.97521 0.01779)
		3 V(15 10 13) M(0) UV(0.97521 0.01779 0.76785 0.04260 0.89457 0.09260)
		3 V(10 15 6) M(0) UV(0.76785 0.04260 0.97521 0.01779 0.76785 0.02645)
		3 V(25 16 27) M(0) UV(0.23021 0.04260 0.23021 0.09260 0.10349 0.09260)
		3 V(31 27 23) M(0) UV(0.02285 0.01779 0.10349 0.09260 0.05100 0.09260)
		3 V(27 31 25) M(0) UV(0.10349 0.09260 0.02285 0.01779 0.23021 0.04260)
		3 V(22 25 31) M(0) UV(0.23021 0.02645 0.23021 0.04260 0.02285 0.01779)
		3 V(21 26 29) M(0) UV(0.23021 0.09260 0.23021 0.04260 0.10349 0.09260)
		3 V(29 31 23) M(0) UV(0.10349 0.09260 0.02285 0.01779 0.05100 0.09260)
		3 V(31 29 26) M(0) UV(0.02285 0.01779 0.10349 0.09260 0.23021 0.04260)
		3 V(26 22 31) M(0) UV(0.23021 0.04260 0.23021 0.02645 0.02285 0.01779)
		3 V(40 32 42) M(0) UV(0.76785 0.45128 0.76785 0.40128 0.89457 0.40128)
		3 V(48 42 37) M(0) UV(0.97521 0.47609 0.89457 0.40128 0.94706 0.40128)
		3 V(42 48 40) M(0) UV(0.89457 0.40128 0.97521 0.47609 0.76785 0.45128)
		3 V(36 40 48) M(0) UV(0.76785 0.46742 0.76785 0.45128 0.97521 0.47609)
		3 V(35 41 45) M(0) UV(0.76785 0.40128 0.76785 0.45128 0.89457 0.40128)
		3 V(45 48 37) M(0) UV(0.89457 0.40128 0.97521 0.47609 0.94706 0.40128)
		3 V(48 45 41) M(0) UV(0.97521 0.47609 0.89457 0.40128 0.76785 0.45128)
		3 V(41 36 48) M(0) UV(0.76785 0.45128 0.76785 0.46742 0.97521 0.47609)
		3 V(57 59 49) M(0) UV(0.23021 0.45128 0.10349 0.40128 0.23021 0.40128)
		3 V(65 54 59) M(0) UV(0.02285 0.47609 0.05100 0.40128 0.10349 0.40128)
		3 V(59 57 65) M(0) UV(0.10349 0.40128 0.23021 0.45128 0.02285 0.47609)
		3 V(53 65 57) M(0) UV(0.23021 0.46742 0.02285 0.47609 0.23021 0.45128)
		3 V(52 62 58) M(0) UV(0.23021 0.40128 0.10349 0.40128 0.23021 0.45128)
		3 V(62 54 65) M(0) UV(0.10349 0.40128 0.05100 0.40128 0.02285 0.47609)
		3 V(65 58 62) M(0) UV(0.02285 0.47609 0.23021 0.45128 0.10349 0.40128)
		3 V(58 65 53) M(0) UV(0.23021 0.45128 0.02285 0.47609 0.23021 0.46742)
		3 V(0 11 12) M(0) UV(0.76785 0.09260 0.89457 0.09260 0.89457 0.13670)
		3 V(0 12 1) M(0) UV(0.76785 0.09260 0.89457 0.13670 0.76785 0.13670)
		3 V(11 7 8) M(0) UV(0.89457 0.09260 0.94706 0.09260 0.94706 0.13670)
		3 V(11 8 12) M(0) UV(0.89457 0.09260 0.94706 0.13670 0.89457 0.13670)
		3 V(4 14 13) M(0) UV(0.76785 0.13670 0.89457 0.13670 0.89457 0.09260)
		3 V(4 13 5) M(0) UV(0.76785 0.13670 0.89457 0.09260 0.76785 0.09260)
		3 V(14 8 7) M(0) UV(0.89457 0.13670 0.94706 0.13670 0.94706 0.09260)
		3 V(14 7 13) M(0) UV(0.89457 0.13670 0.94706 0.09260 0.89457 0.09260)
		3 V(28 27 16) M(0) UV(0.10349 0.13670 0.10349 0.09260 0.23021 0.09260)
		3 V(28 16 17) M(0) UV(0.10349 0.13670 0.23021 0.09260 0.23021 0.13670)
		3 V(24 23 27) M(0) UV(0.05100 0.13670 0.05100 0.09260 0.10349 0.09260)
		3 V(24 27 28) M(0) UV(0.05100 0.13670 0.10349 0.09260 0.10349 0.13670)
		3 V(29 30 20) M(0) UV(0.10349 0.09260 0.10349 0.13670 0.23021 0.13670)
		3 V(29 20 21) M(0) UV(0.10349 0.09260 0.23021 0.13670 0.23021 0.09260)
		3 V(23 24 30) M(0) UV(0.05100 0.09260 0.05100 0.13670 0.10349 0.13670)
		3 V(23 30 29) M(0) UV(0.05100 0.09260 0.10349 0.13670 0.10349 0.09260)
		3 V(43 42 32) M(0) UV(0.89457 0.35718 0.89457 0.40128 0.76785 0.40128)
		3 V(43 32 33) M(0) UV(0.89457 0.35718 0.76785 0.40128 0.76785 0.35718)
		3 V(38 37 42) M(0) UV(0.94706 0.35718 0.94706 0.40128 0.89457 0.40128)
		3 V(38 42 43) M(0) UV(0.94706 0.35718 0.89457 0.40128 0.89457 0.35718)
		3 V(45 46 34) M(0) UV(0.89457 0.40128 0.89457 0.35718 0.76785 0.35718)
		3 V(45 34 35) M(0) UV(0.89457 0.40128 0.76785 0.35718 0.76785 0.40128)
		3 V(37 38 46) M(0) UV(0.94706 0.40128 0.94706 0.35718 0.89457 0.35718)
		3 V(37 46 45) M(0) UV(0.94706 0.40128 0.89457 0.35718 0.89457 0.40128)
		3 V(47 46 38) M(0) UV(0.89457 0.24694 0.89457 0.35718 0.94706 0.35718)
		3 V(47 38 39) M(0) UV(0.89457 0.24694 0.94706 0.35718 0.94706 0.24694)
		3 V(44 39 38) M(0) UV(0.89457 0.24694 0.94706 0.24694 0.94706 0.35718)
		3 V(44 38 43) M(0) UV(0.89457 0.24694 0.94706 0.35718 0.89457 0.35718)
		3 V(2 44 43) M(0) UV(0.76785 0.24694 0.89457 0.24694 0.89457 0.35718)
		3 V(2 43 33) M(0) UV(0.76785 0.24694 0.89457 0.35718 0.76785 0.35718)
		3 V(47 3 34) M(0) UV(0.89457 0.24694 0.76785 0.24694 0.76785 0.35718)
		3 V(47 34 46) M(0) UV(0.89457 0.24694 0.76785 0.35718 0.89457 0.35718)
		3 V(49 59 60) M(0) UV(0.23021 0.40128 0.10349 0.40128 0.10349 0.35718)
		3 V(49 60 50) M(0) UV(0.23021 0.40128 0.10349 0.35718 0.23021 0.35718)
		3 V(59 54 55) M(0) UV(0.10349 0.40128 0.05100 0.40128 0.05100 0.35718)
		3 V(59 55 60) M(0) UV(0.10349 0.40128 0.05100 0.35718 0.10349 0.35718)
		3 V(51 63 62) M(0) UV(0.23021 0.35718 0.10349 0.35718 0.10349 0.40128)
		3 V(51 62 52) M(0) UV(0.23021 0.35718 0.10349 0.40128 0.23021 0.40128)
		3 V(63 55 54) M(0) UV(0.10349 0.35718 0.05100 0.35718 0.05100 0.40128)
		3 V(63 54 62) M(0) UV(0.10349 0.35718 0.05100 0.40128 0.10349 0.40128)
		3 V(55 63 64) M(0) UV(0.05100 0.35718 0.10349 0.35718 0.10349 0.24694)
		3 V(55 64 56) M(0) UV(0.05100 0.35718 0.10349 0.24694 0.05100 0.24694)
		3 V(55 56 61) M(0) UV(0.05100 0.35718 0.05100 0.24694 0.10349 0.24694)
		3 V(55 61 60) M(0) UV(0.05100 0.35718 0.10349 0.24694 0.10349 0.35718)
		3 V(60 61 18) M(0) UV(0.10349 0.35718 0.10349 0.24694 0.23021 0.24694)
		3 V(60 18 50) M(0) UV(0.10349 0.35718 0.23021 0.24694 0.23021 0.35718)
		3 V(51 19 64) M(0) UV(0.23021 0.35718 0.23021 0.24694 0.10349 0.24694)
		3 V(51 64 63) M(0) UV(0.23021 0.35718 0.10349 0.24694 0.10349 0.35718)
		3 V(2 18 17) M(0) UV(0.76785 0.24694 0.23021 0.24694 0.23021 0.13670)
		3 V(2 17 1) M(0) UV(0.76785 0.24694 0.23021 0.13670 0.76785 0.13670)
		3 V(33 50 18) M(0) UV(0.76785 0.35718 0.23021 0.35718 0.23021 0.24694)
		3 V(33 18 2) M(0) UV(0.76785 0.35718 0.23021 0.24694 0.76785 0.24694)
		3 V(32 49 50) M(0) UV(0.76785 0.40128 0.23021 0.40128 0.23021 0.35718)
		3 V(32 50 33) M(0) UV(0.76785 0.40128 0.23021 0.35718 0.76785 0.35718)
		3 V(40 57 49) M(0) UV(0.76785 0.45128 0.23021 0.45128 0.23021 0.40128)
		3 V(40 49 32) M(0) UV(0.76785 0.45128 0.23021 0.40128 0.76785 0.40128)
		3 V(16 0 1) M(0) UV(0.23021 0.09260 0.76785 0.09260 0.76785 0.13670)
		3 V(16 1 17) M(0) UV(0.23021 0.09260 0.76785 0.13670 0.23021 0.13670)
		3 V(25 9 0) M(0) UV(0.23021 0.04260 0.76785 0.04260 0.76785 0.09260)
		3 V(25 0 16) M(0) UV(0.23021 0.04260 0.76785 0.09260 0.23021 0.09260)
		3 V(22 6 9) M(0) UV(0.23021 0.02645 0.76785 0.02645 0.76785 0.04260)
		3 V(22 9 25) M(0) UV(0.23021 0.02645 0.76785 0.04260 0.23021 0.04260)
		3 V(36 53 57) M(0) UV(0.76785 0.46742 0.23021 0.46742 0.23021 0.45128)
		3 V(36 57 40) M(0) UV(0.76785 0.46742 0.23021 0.45128 0.76785 0.45128)
		3 V(41 58 53) M(0) UV(0.76785 0.45128 0.23021 0.45128 0.23021 0.46742)
		3 V(41 53 36) M(0) UV(0.76785 0.45128 0.23021 0.46742 0.76785 0.46742)
		3 V(26 10 6) M(0) UV(0.23021 0.04260 0.76785 0.04260 0.76785 0.02645)
		3 V(26 6 22) M(0) UV(0.23021 0.04260 0.76785 0.02645 0.23021 0.02645)
		3 V(21 5 10) M(0) UV(0.23021 0.09260 0.76785 0.09260 0.76785 0.04260)
		3 V(21 10 26) M(0) UV(0.23021 0.09260 0.76785 0.04260 0.23021 0.04260)
		3 V(20 4 5) M(0) UV(0.23021 0.13670 0.76785 0.13670 0.76785 0.09260)
		3 V(20 5 21) M(0) UV(0.23021 0.13670 0.76785 0.09260 0.23021 0.09260)
		3 V(19 3 4) M(0) UV(0.23021 0.24694 0.76785 0.24694 0.76785 0.13670)
		3 V(19 4 20) M(0) UV(0.23021 0.24694 0.76785 0.13670 0.23021 0.13670)
		3 V(51 34 3) M(0) UV(0.23021 0.35718 0.76785 0.35718 0.76785 0.24694)
		3 V(51 3 19) M(0) UV(0.23021 0.35718 0.76785 0.24694 0.23021 0.24694)
		3 V(52 35 34) M(0) UV(0.23021 0.40128 0.76785 0.40128 0.76785 0.35718)
		3 V(52 34 51) M(0) UV(0.23021 0.40128 0.76785 0.35718 0.23021 0.35718)
		3 V(35 52 58) M(0) UV(0.76785 0.40128 0.23021 0.40128 0.23021 0.45128)
		3 V(35 58 41) M(0) UV(0.76785 0.40128 0.23021 0.45128 0.76785 0.45128)
		3 V(61 28 17) M(0) UV(0.10349 0.24694 0.10349 0.13670 0.23021 0.13670)
		3 V(61 17 18) M(0) UV(0.10349 0.24694 0.23021 0.13670 0.23021 0.24694)
		3 V(56 24 28) M(0) UV(0.05100 0.24694 0.05100 0.13670 0.10349 0.13670)
		3 V(56 28 61) M(0) UV(0.05100 0.24694 0.10349 0.13670 0.10349 0.24694)
		3 V(64 30 24) M(0) UV(0.10349 0.24694 0.10349 0.13670 0.05100 0.13670)
		3 V(64 24 56) M(0) UV(0.10349 0.24694 0.05100 0.13670 0.05100 0.24694)
		3 V(19 20 30) M(0) UV(0.23021 0.24694 0.23021 0.13670 0.10349 0.13670)
		3 V(19 30 64) M(0) UV(0.23021 0.24694 0.10349 0.13670 0.10349 0.24694)
		3 V(12 44 2) M(0) UV(0.89457 0.13670 0.89457 0.24694 0.76785 0.24694)
		3 V(12 2 1) M(0) UV(0.89457 0.13670 0.76785 0.24694 0.76785 0.13670)
		3 V(8 39 44) M(0) UV(0.94706 0.13670 0.94706 0.24694 0.89457 0.24694)
		3 V(8 44 12) M(0) UV(0.94706 0.13670 0.89457 0.24694 0.89457 0.13670)
		3 V(14 47 39) M(0) UV(0.89457 0.13670 0.89457 0.24694 0.94706 0.24694)
		3 V(14 39 8) M(0) UV(0.89457 0.13670 0.94706 0.24694 0.94706 0.13670)
		3 V(4 3 47) M(0) UV(0.76785 0.13670 0.76785 0.24694 0.89457 0.24694)
		3 V(4 47 14) M(0) UV(0.76785 0.13670 0.89457 0.24694 0.89457 0.13670)
		3 V(75 77 66) M(0) UV(0.76785 0.04260 0.89457 0.09260 0.76785 0.09260)
		3 V(81 73 77) M(0) UV(0.97521 0.01779 0.94706 0.09260 0.89457 0.09260)
		3 V(77 75 81) M(0) UV(0.89457 0.09260 0.76785 0.04260 0.97521 0.01779)
		3 V(72 81 75) M(0) UV(0.76785 0.02645 0.97521 0.01779 0.76785 0.04260)
		3 V(71 79 76) M(0) UV(0.76785 0.09260 0.89457 0.09260 0.76785 0.04260)
		3 V(79 73 81) M(0) UV(0.89457 0.09260 0.94706 0.09260 0.97521 0.01779)
		3 V(81 76 79) M(0) UV(0.97521 0.01779 0.76785 0.04260 0.89457 0.09260)
		3 V(76 81 72) M(0) UV(0.76785 0.04260 0.97521 0.01779 0.76785 0.02645)
		3 V(91 82 93) M(0) UV(0.23021 0.04260 0.23021 0.09260 0.10349 0.09260)
		3 V(97 93 89) M(0) UV(0.02285 0.01779 0.10349 0.09260 0.05100 0.09260)
		3 V(93 97 91) M(0) UV(0.10349 0.09260 0.02285 0.01779 0.23021 0.04260)
		3 V(88 91 97) M(0) UV(0.23021 0.02645 0.23021 0.04260 0.02285 0.01779)
		3 V(87 92 95) M(0) UV(0.23021 0.09260 0.23021 0.04260 0.10349 0.09260)
		3 V(95 97 89) M(0) UV(0.10349 0.09260 0.02285 0.01779 0.05100 0.09260)
		3 V(97 95 92) M(0) UV(0.02285 0.01779 0.10349 0.09260 0.23021 0.04260)
		3 V(92 88 97) M(0) UV(0.23021 0.04260 0.23021 0.02645 0.02285 0.01779)
		3 V(106 98 108) M(0) UV(0.76785 0.45128 0.76785 0.40128 0.89457 0.40128)
		3 V(114 108 103) M(0) UV(0.97521 0.47609 0.89457 0.40128 0.94706 0.40128)
		3 V(108 114 106) M(0) UV(0.89457 0.40128 0.97521 0.47609 0.76785 0.45128)
		3 V(102 106 114) M(0) UV(0.76785 0.46742 0.76785 0.45128 0.97521 0.47609)
		3 V(101 107 111) M(0) UV(0.76785 0.40128 0.76785 0.45128 0.89457 0.40128)
		3 V(111 114 103) M(0) UV(0.89457 0.40128 0.97521 0.47609 0.94706 0.40128)
		3 V(114 111 107) M(0) UV(0.97521 0.47609 0.89457 0.40128 0.76785 0.45128)
		3 V(107 102 114) M(0) UV(0.76785 0.45128 0.76785 0.46742 0.97521 0.47609)
		3 V(123 125 115) M(0) UV(0.23021 0.45128 0.10349 0.40128 0.23021 0.40128)
		3 V(131 120 125) M(0) UV(0.02285 0.47609 0.05100 0.40128 0.10349 0.40128)
		3 V(125 123 131) M(0) UV(0.10349 0.40128 0.23021 0.45128 0.02285 0.47609)
		3 V(119 131 123) M(0) UV(0.23021 0.46742 0.02285 0.47609 0.23021 0.45128)
		3 V(118 128 124) M(0) UV(0.23021 0.40128 0.10349 0.40128 0.23021 0.45128)
		3 V(128 120 131) M(0) UV(0.10349 0.40128 0.05100 0.40128 0.02285 0.47609)
		3 V(131 124 128) M(0) UV(0.02285 0.47609 0.23021 0.45128 0.10349 0.40128)
		3 V(124 131 119) M(0) UV(0.23021 0.45128 0.02285 0.47609 0.23021 0.46742)
		3 V(66 77 78) M(0) UV(0.76785 0.09260 0.89457 0.09260 0.89457 0.13670)
		3 V(66 78 67) M(0) UV(0.76785 0.09260 0.89457 0.13670 0.76785 0.13670)
		3 V(77 73 74) M(0) UV(0.89457 0.09260 0.94706 0.09260 0.94706 0.13670)
		3 V(77 74 78) M(0) UV(0.89457 0.09260 0.94706 0.13670 0.89457 0.13670)
		3 V(70 80 79) M(0) UV(0.76785 0.13670 0.89457 0.13670 0.89457 0.09260)
		3 V(70 79 71) M(0) UV(0.76785 0.13670 0.89457 0.09260 0.76785 0.09260)
		3 V(80 74 73) M(0) UV(0.89457 0.13670 0.94706 0.13670 0.94706 0.09260)
		3 V(80 73 79) M(0) UV(0.89457 0.13670 0.94706 0.09260 0.89457 0.09260)
		3 V(94 93 82) M(0) UV(0.10349 0.13670 0.10349 0.09260 0.23021 0.09260)
		3 V(94 82 83) M(0) UV(0.10349 0.13670 0.23021 0.09260 0.23021 0.13670)
		3 V(90 89 93) M(0) UV(0.05100 0.13670 0.05100 0.09260 0.10349 0.09260)
		3 V(90 93 94) M(0) UV(0.05100 0.13670 0.10349 0.09260 0.10349 0.13670)
		3 V(95 96 86) M(0) UV(0.10349 0.09260 0.10349 0.13670 0.23021 0.13670)
		3 V(95 86 87) M(0) UV(0.10349 0.09260 0.23021 0.13670 0.23021 0.09260)
		3 V(89 90 96) M(0) UV(0.05100 0.09260 0.05100 0.13670 0.10349 0.13670)
		3 V(89 96 95) M(0) UV(0.05100 0.09260 0.10349 0.13670 0.10349 0.09260)
		3 V(109 108 98) M(0) UV(0.89457 0.35718 0.89457 0.40128 0.76785 0.40128)
		3 V(109 98 99) M(0) UV(0.89457 0.35718 0.76785 0.40128 0.76785 0.35718)
		3 V(104 103 108) M(0) UV(0.94706 0.35718 0.94706 0.40128 0.89457 0.40128)
		3 V(104 108 109) M(0) UV(0.94706 0.35718 0.89457 0.40128 0.89457 0.35718)
		3 V(111 112 100) M(0) UV(0.89457 0.40128 0.89457 0.35718 0.76785 0.35718)
		3 V(111 100 101) M(0) UV(0.89457 0.40128 0.76785 0.35718 0.76785 0.40128)
		3 V(103 104 112) M(0) UV(0.94706 0.40128 0.94706 0.35718 0.89457 0.35718)
		3 V(103 112 111) M(0) UV(0.94706 0.40128 0.89457 0.35718 0.89457 0.40128)
		3 V(113 112 104) M(0) UV(0.89457 0.24694 0.89457 0.35718 0.94706 0.35718)
		3 V(113 104 105) M(0) UV(0.89457 0.24694 0.94706 0.35718 0.94706 0.24694)
		3 V(110 105 104) M(0) UV(0.89457 0.24694 0.94706 0.24694 0.94706 0.35718)
		3 V(110 104 109) M(0) UV(0.89457 0.24694 0.94706 0.35718 0.89457 0.35718)
		3 V(68 110 109) M(0) UV(0.76785 0.24694 0.89457 0.24694 0.89457 0.35718)
		3 V(68 109 99) M(0) UV(0.76785 0.24694 0.89457 0.35718 0.76785 0.35718)
		3 V(113 69 100) M(0) UV(0.89457 0.24694 0.76785 0.24694 0.76785 0.35718)
		3 V(113 100 112) M(0) UV(0.89457 0.24694 0.76785 0.35718 0.89457 0.35718)
		3 V(115 125 126) M(0) UV(0.23021 0.40128 0.10349 0.40128 0.10349 0.35718)
		3 V(115 126 116) M(0) UV(0.23021 0.40128 0.10349 0.35718 0.23021 0.35718)
		3 V(125 120 121) M(0) UV(0.10349 0.40128 0.05100 0.40128 0.05100 0.35718)
		3 V(125 121 126) M(0) UV(0.10349 0.40128 0.05100 0.35718 0.10349 0.35718)
		3 V(117 129 128) M(0) UV(0.23021 0.35718 0.10349 0.35718 0.10349 0.40128)
		3 V(117 128 118) M(0) UV(0.23021 0.35718 0.10349 0.40128 0.23021 0.40128)
		3 V(129 121 120) M(0) UV(0.10349 0.35718 0.05100 0.35718 0.05100 0.40128)
		3 V(129 120 128) M(0) UV(0.10349 0.35718 0.05100 0.40128 0.10349 0.40128)
		3 V(121 129 130) M(0) UV(0.05100 0.35718 0.10349 0.35718 0.10349 0.24694)
		3 V(121 130 122) M(0) UV(0.05100 0.35718 0.10349 0.24694 0.05100 0.24694)
		3 V(121 122 127) M(0) UV(0.05100 0.35718 0.05100 0.24694 0.10349 0.24694)
		3 V(121 127 126) M(0) UV(0.05100 0.35718 0.10349 0.24694 0.10349 0.35718)
		3 V(126 127 84) M(0) UV(0.10349 0.35718 0.10349 0.24694 0.23021 0.24694)
		3 V(126 84 116) M(0) UV(0.10349 0.35718 0.23021 0.24694 0.23021 0.35718)
		3 V(117 85 130) M(0) UV(0.23021 0.35718 0.23021 0.24694 0.10349 0.24694)
		3 V(117 130 129) M(0) UV(0.23021 0.35718 0.10349 0.24694 0.10349 0.35718)
		3 V(68 84 83) M(0) UV(0.76785 0.24694 0.23021 0.24694 0.23021 0.13670)
		3 V(68 83 67) M(0) UV(0.76785 0.24694 0.23021 0.13670 0.76785 0.13670)
		3 V(99 116 84) M(0) UV(0.76785 0.35718 0.23021 0.35718 0.23021 0.24694)
		3 V(99 84 68) M(0) UV(0.76785 0.35718 0.23021 0.24694 0.76785 0.24694)
		3 V(98 115 116) M(0) UV(0.76785 0.40128 0.23021 0.40128 0.23021 0.35718)
		3 V(98 116 99) M(0) UV(0.76785 0.40128 0.23021 0.35718 0.76785 0.35718)
		3 V(106 123 115) M(0) UV(0.76785 0.45128 0.23021 0.45128 0.23021 0.40128)
		3 V(106 115 98) M(0) UV(0.76785 0.45128 0.23021 0.40128 0.76785 0.40128)
		3 V(82 66 67) M(0) UV(0.23021 0.09260 0.76785 0.09260 0.76785 0.13670)
		3 V(82 67 83) M(0) UV(0.23021 0.09260 0.76785 0.13670 0.23021 0.13670)
		3 V(91 75 66) M(0) UV(0.23021 0.04260 0.76785 0.04260 0.76785 0.09260)
		3 V(91 66 82) M(0) UV(0.23021 0.04260 0.76785 0.09260 0.23021 0.09260)
		3 V(88 72 75) M(0) UV(0.23021 0.02645 0.76785 0.02645 0.76785 0.04260)
		3 V(88 75 91) M(0) UV(0.23021 0.02645 0.76785 0.04260 0.23021 0.04260)
		3 V(102 119 123) M(0) UV(0.76785 0.46742 0.23021 0.46742 0.23021 0.45128)
		3 V(102 123 106) M(0) UV(0.76785 0.46742 0.23021 0.45128 0.76785 0.45128)
		3 V(107 124 119) M(0) UV(0.76785 0.45128 0.23021 0.45128 0.23021 0.46742)
		3 V(107 119 102) M(0) UV(0.76785 0.45128 0.23021 0.46742 0.76785 0.46742)
		3 V(92 76 72) M(0) UV(0.23021 0.04260 0.76785 0.04260 0.76785 0.02645)
		3 V(92 72 88) M(0) UV(0.23021 0.04260 0.76785 0.02645 0.23021 0.02645)
		3 V(87 71 76) M(0) UV(0.23021 0.09260 0.76785 0.09260 0.76785 0.04260)
		3 V(87 76 92) M(0) UV(0.23021 0.09260 0.76785 0.04260 0.23021 0.04260)
		3 V(86 70 71) M(0) UV(0.23021 0.13670 0.76785 0.13670 0.76785 0.09260)
		3 V(86 71 87) M(0) UV(0.23021 0.13670 0.76785 0.09260 0.23021 0.09260)
		3 V(85 69 70) M(0) UV(0.23021 0.24694 0.76785 0.24694 0.76785 0.13670)
		3 V(85 70 86) M(0) UV(0.23021 0.24694 0.76785 0.13670 0.23021 0.13670)
		3 V(117 100 69) M(0) UV(0.23021 0.35718 0.76785 0.35718 0.76785 0.24694)
		3 V(117 69 85) M(0) UV(0.23021 0.35718 0.76785 0.24694 0.23021 0.24694)
		3 V(118 101 100) M(0) UV(0.23021 0.40128 0.76785 0.40128 0.76785 0.35718)
		3 V(118 100 117) M(0) UV(0.23021 0.40128 0.76785 0.35718 0.23021 0.35718)
		3 V(101 118 124) M(0) UV(0.76785 0.40128 0.23021 0.40128 0.23021 0.45128)
		3 V(101 124 107) M(0) UV(0.76785 0.40128 0.23021 0.45128 0.76785 0.45128)
		3 V(127 94 83) M(0) UV(0.10349 0.24694 0.10349 0.13670 0.23021 0.13670)
		3 V(127 83 84) M(0) UV(0.10349 0.24694 0.23021 0.13670 0.23021 0.24694)
		3 V(122 90 94) M(0) UV(0.05100 0.24694 0.05100 0.13670 0.10349 0.13670)
		3 V(122 94 127) M(0) UV(0.05100 0.24694 0.10349 0.13670 0.10349 0.24694)
		3 V(130 96 90) M(0) UV(0.10349 0.24694 0.10349 0.13670 0.05100 0.13670)
		3 V(130 90 122) M(0) UV(0.10349 0.24694 0.05100 0.13670 0.05100 0.24694)
		3 V(85 86 96) M(0) UV(0.23021 0.24694 0.23021 0.13670 0.10349 0.13670)
		3 V(85 96 130) M(0) UV(0.23021 0.24694 0.10349 0.13670 0.10349 0.24694)
		3 V(78 110 68) M(0) UV(0.89457 0.13670 0.89457 0.24694 0.76785 0.24694)
		3 V(78 68 67) M(0) UV(0.89457 0.13670 0.76785 0.24694 0.76785 0.13670)
		3 V(74 105 110) M(0) UV(0.94706 0.13670 0.94706 0.24694 0.89457 0.24694)
		3 V(74 110 78) M(0) UV(0.94706 0.13670 0.89457 0.24694 0.89457 0.13670)
		3 V(80 113 105) M(0) UV(0.89457 0.13670 0.89457 0.24694 0.94706 0.24694)
		3 V(80 105 74) M(0) UV(0.89457 0.13670 0.94706 0.24694 0.94706 0.13670)
		3 V(70 69 113) M(0) UV(0.76785 0.13670 0.76785 0.24694 0.89457 0.24694)
		3 V(70 113 80) M(0) UV(0.76785 0.13670 0.89457 0.24694 0.89457 0.13670)
		3 V(141 143 132) M(0) UV(0.76785 0.04260 0.89457 0.09260 0.76785 0.09260)
		3 V(147 139 143) M(0) UV(0.97521 0.01779 0.94706 0.09260 0.89457 0.09260)
		3 V(143 141 147) M(0) UV(0.89457 0.09260 0.76785 0.04260 0.97521 0.01779)
		3 V(138 147 141) M(0) UV(0.76785 0.02645 0.97521 0.01779 0.76785 0.04260)
		3 V(137 145 142) M(0) UV(0.76785 0.09260 0.89457 0.09260 0.76785 0.04260)
		3 V(145 139 147) M(0) UV(0.89457 0.09260 0.94706 0.09260 0.97521 0.01779)
		3 V(147 142 145) M(0) UV(0.97521 0.01779 0.76785 0.04260 0.89457 0.09260)
		3 V(142 147 138) M(0) UV(0.76785 0.04260 0.97521 0.01779 0.76785 0.02645)
		3 V(157 148 159) M(0) UV(0.23021 0.04260 0.23021 0.09260 0.10349 0.09260)
		3 V(163 159 155) M(0) UV(0.02285 0.01779 0.10349 0.09260 0.05100 0.09260)
		3 V(159 163 157) M(0) UV(0.10349 0.09260 0.02285 0.01779 0.23021 0.04260)
		3 V(154 157 163) M(0) UV(0.23021 0.02645 0.23021 0.04260 0.02285 0.01779)
		3 V(153 158 161) M(0) UV(0.23021 0.09260 0.23021 0.04260 0.10349 0.09260)
		3 V(161 163 155) M(0) UV(0.10349 0.09260 0.02285 0.01779 0.05100 0.09260)
		3 V(163 161 158) M(0) UV(0.02285 0.01779 0.10349 0.09260 0.23021 0.04260)
		3 V(158 154 163) M(0) UV(0.23021 0.04260 0.23021 0.02645 0.02285 0.01779)
		3 V(172 164 174) M(0) UV(0.76785 0.45128 0.76785 0.40128 0.89457 0.40128)
		3 V(180 174 169) M(0) UV(0.97521 0.47609 0.89457 0.40128 0.94706 0.40128)
		3 V(174 180 172) M(0) UV(0.89457 0.40128 0.97521 0.47609 0.76785 0.45128)
		3 V(168 172 180) M(0) UV(0.76785 0.46742 0.76785 0.45128 0.97521 0.47609)
		3 V(167 173 177) M(0) UV(0.76785 0.40128 0.76785 0.45128 0.89457 0.40128)
		3 V(177 180 169) M(0) UV(0.89457 0.40128 0.97521 0.47609 0.94706 0.40128)
		3 V(180 177 173) M(0) UV(0.97521 0.47609 0.89457 0.40128 0.76785 0.45128)
		3 V(173 168 180) M(0) UV(0.76785 0.45128 0.76785 0.46742 0.97521 0.47609)
		3 V(189 191 181) M(0) UV(0.23021 0.45128 0.10349 0.40128 0.23021 0.40128)
		3 V(197 186 191) M(0) UV(0.02285 0.47609 0.05100 0.40128 0.10349 0.40128)
		3 V(191 189 197) M(0) UV(0.10349 0.40128 0.23021 0.45128 0.02285 0.47609)
		3 V(185 197 189) M(0) UV(0.23021 0.46742 0.02285 0.47609 0.23021 0.45128)
		3 V(184 194 190) M(0) UV(0.23021 0.40128 0.10349 0.40128 0.23021 0.45128)
		3 V(194 186 197) M(0) UV(0.10349 0.40128 0.05100 0.40128 0.02285 0.47609)
		3 V(197 190 194) M(0) UV(0.02285 0.47609 0.23021 0.45128 0.10349 0.40128)
		3 V(190 197 185) M(0) UV(0.23021 0.45128 0.02285 0.47609 0.23021 0.46742)
		3 V(132 143 144) M(0) UV(0.76785 0.09260 0.89457 0.09260 0.89457 0.13670)
		3 V(132 144 133) M(0) UV(0.76785 0.09260 0.89457 0.13670 0.76785 0.13670)
		3 V(143 139 140) M(0) UV(0.89457 0.09260 0.94706 0.09260 0.94706 0.13670)
		3 V(143 140 144) M(0) UV(0.89457 0.09260 0.94706 0.13670 0.89457 0.13670)
		3 V(136 146 145) M(0) UV(0.76785 0.13670 0.89457 0.13670 0.89457 0.09260)
		3 V(136 145 137) M(0) UV(0.76785 0.13670 0.89457 0.09260 0.76785 0.09260)
		3 V(146 140 139) M(0) UV(0.89457 0.13670 0.94706 0.13670 0.94706 0.09260)
		3 V(146 139 145) M(0) UV(0.89457 0.13670 0.94706 0.09260 0.89457 0.09260)
		3 V(160 159 148) M(0) UV(0.10349 0.13670 0.10349 0.09260 0.23021 0.09260)
		3 V(160 148 149) M(0) UV(0.10349 0.13670 0.23021 0.09260 0.23021 0.13670)
		3 V(156 155 159) M(0) UV(0.05100 0.13670 0.05100 0.09260 0.10349 0.09260)
		3 V(156 159 160) M(0) UV(0.05100 0.13670 0.10349 0.09260 0.10349 0.13670)
		3 V(161 162 152) M(0) UV(0.10349 0.09260 0.10349 0.13670 0.23021 0.13670)
		3 V(161 152 153) M(0) UV(0.10349 0.09260 0.23021 0.13670 0.23021 0.09260)
		3 V(155 156 162) M(0) UV(0.05100 0.09260 0.05100 0.13670 0.10349 0.13670)
		3 V(155 162 161) M(0) UV(0.05100 0.09260 0.10349 0.13670 0.10349 0.09260)
		3 V(175 174 164) M(0) UV(0.89457 0.35718 0.89457 0.40128 0.76785 0.40128)
		3 V(175 164 165) M(0) UV(0.89457 0.35718 0.76785 0.40128 0.76785 0.35718)
		3 V(170 169 174) M(0) UV(0.94706 0.35718 0.94706 0.40128 0.89457 0.40128)
		3 V(170 174 175) M(0) UV(0.94706 0.35718 0.89457 0.40128 0.89457 0.35718)
		3 V(177 178 166) M(0) UV(0.89457 0.40128 0.89457 0.35718 0.76785 0.35718)
		3 V(177 166 167) M(0) UV(0.89457 0.40128 0.76785 0.35718 0.76785 0.40128)
		3 V(169 170 178) M(0) UV(0.94706 0.40128 0.94706 0.35718 0.89457 0.35718)
		3 V(169 178 177) M(0) UV(0.94706 0.40128 0.89457 0.35718 0.89457 0.40128)
		3 V(179 178 170) M(0) UV(0.89457 0.24694 0.89457 0.35718 0.94706 0.35718)
		3 V(179 170 171) M(0) UV(0.89457 0.24694 0.94706 0.35718 0.94706 0.24694)
		3 V(176 171 170) M(0) UV(0.89457 0.24694 0.94706 0.24694 0.94706 0.35718)
		3 V(176 170 175) M(0) UV(0.89457 0.24694 0.94706 0.35718 0.89457 0.35718)
		3 V(134 176 175) M(0) UV(0.76785 0.24694 0.89457 0.24694 0.89457 0.35718)
		3 V(134 175 165) M(0) UV(0.76785 0.24694 0.89457 0.35718 0.76785 0.35718)
		3 V(179 135 166) M(0) UV(0.89457 0.24694 0.76785 0.24694 0.76785 0.35718)
		3 V(179 166 178) M(0) UV(0.89457 0.24694 0.76785 0.35718 0.89457 0.35718)
		3 V(181 191 192) M(0) UV(0.23021 0.40128 0.10349 0.40128 0.10349 0.35718)
		3 V(181 192 182) M(0) UV(0.23021 0.40128 0.10349 0.35718 0.23021 0.35718)
		3 V(191 186 187) M(0) UV(0.10349 0.40128 0.05100 0.40128 0.05100 0.35718)
		3 V(191 187 192) M(0) UV(0.10349 0.40128 0.05100 0.35718 0.10349 0.35718)
		3 V(183 195 194) M(0) UV(0.23021 0.35718 0.10349 0.35718 0.10349 0.40128)
		3 V(183 194 184) M(0) UV(0.23021 0.35718 0.10349 0.40128 0.23021 0.40128)
		3 V(195 187 186) M(0) UV(0.10349 0.35718 0.05100 0.35718 0.05100 0.40128)
		3 V(195 186 194) M(0) UV(0.10349 0.35718 0.05100 0.40128 0.10349 0.40128)
		3 V(187 195 196) M(0) UV(0.05100 0.35718 0.10349 0.35718 0.10349 0.24694)
		3 V(187 196 188) M(0) UV(0.05100 0.35718 0.10349 0.24694 0.05100 0.24694)
		3 V(187 188 193) M(0) UV(0.05100 0.35718 0.05100 0.24694 0.10349 0.24694)
		3 V(187 193 192) M(0) UV(0.05100 0.35718 0.10349 0.24694 0.10349 0.35718)
		3 V(192 193 150) M(0) UV(0.10349 0.35718 0.10349 0.24694 0.23021 0.24694)
		3 V(192 150 182) M(0) UV(0.10349 0.35718 0.23021 0.24694 0.23021 0.35718)
		3 V(183 151 196) M(0) UV(0.23021 0.35718 0.23021 0.24694 0.10349 0.24694)
		3 V(183 196 195) M(0) UV(0.23021 0.35718 0.10349 0.24694 0.10349 0.35718)
		3 V(134 150 149) M(0) UV(0.76785 0.24694 0.23021 0.24694 0.23021 0.13670)
		3 V(134 149 133) M(0) UV(0.76785 0.24694 0.23021 0.13670 0.76785 0.13670)
		3 V(165 182 150) M(0) UV(0.76785 0.35718 0.23021 0.35718 0.23021 0.24694)
		3 V(165 150 134) M(0) UV(0.76785 0.35718 0.23021 0.24694 0.76785 0.24694)
		3 V(164 181 182) M(0) UV(0.76785 0.40128 0.23021 0.40128 0.23021 0.35718)
		3 V(164 182 165) M(0) UV(0.76785 0.40128 0.23021 0.35718 0.76785 0.35718)
		3 V(172 189 181) M(0) UV(0.76785 0.45128 0.23021 0.45128 0.23021 0.40128)
		3 V(172 181 164) M(0) UV(0.76785 0.45128 0.23021 0.40128 0.76785 0.40128)
		3 V(148 132 133) M(0) UV(0.23021 0.09260 0.76785 0.09260 0.76785 0.13670)
		3 V(148 133 149) M(0) UV(0.23021 0.09260 0.76785 0.13670 0.23021 0.13670)
		3 V(157 141 132) M(0) UV(0.23021 0.04260 0.76785 0.04260 0.76785 0.09260)
		3 V(157 132 148) M(0) UV(0.23021 0.04260 0.76785 0.09260 0.23021 0.09260)
		3 V(154 138 141) M(0) UV(0.23021 0.02645 0.76785 0.02645 0.76785 0.04260)
		3 V(154 141 157) M(0) UV(0.23021 0.02645 0.76785 0.04260 0.23021 0.04260)
		3 V(168 185 189) M(0) UV(0.76785 0.46742 0.23021 0.46742 0.23021 0.45128)
		3 V(168 189 172) M(0) UV(0.76785 0.46742 0.23021 0.45128 0.76785 0.45128)
		3 V(173 190 185) M(0) UV(0.76785 0.45128 0.23021 0.45128 0.23021 0.46742)
		3 V(173 185 168) M(0) UV(0.76785 0.45128 0.23021 0.46742 0.76785 0.46742)
		3 V(158 142 138) M(0) UV(0.23021 0.04260 0.76785 0.04260 0.76785 0.02645)
		3 V(158 138 154) M(0) UV(0.23021 0.04260 0.76785 0.02645 0.23021 0.02645)
		3 V(153 137 142) M(0) UV(0.23021 0.09260 0.76785 0.09260 0.76785 0.04260)
		3 V(153 142 158) M(0) UV(0.23021 0.09260 0.76785 0.04260 0.23021 0.04260)
		3 V(152 136 137) M(0) UV(0.23021 0.13670 0.76785 0.13670 0.76785 0.09260)
		3 V(152 137 153) M(0) UV(0.23021 0.13670 0.76785 0.09260 0.23021 0.09260)
		3 V(151 135 136) M(0) UV(0.23021 0.24694 0.76785 0.24694 0.76785 0.13670)
		3 V(151 136 152) M(0) UV(0.23021 0.24694 0.76785 0.13670 0.23021 0.13670)
		3 V(183 166 135) M(0) UV(0.23021 0.35718 0.76785 0.35718 0.76785 0.24694)
		3 V(183 135 151) M(0) UV(0.23021 0.35718 0.76785 0.24694 0.23021 0.24694)
		3 V(184 167 166) M(0) UV(0.23021 0.40128 0.76785 0.40128 0.76785 0.35718)
		3 V(184 166 183) M(0) UV(0.23021 0.40128 0.76785 0.35718 0.23021 0.35718)
		3 V(167 184 190) M(0) UV(0.76785 0.40128 0.23021 0.40128 0.23021 0.45128)
		3 V(167 190 173) M(0) UV(0.76785 0.40128 0.23021 0.45128 0.76785 0.45128)
		3 V(193 160 149) M(0) UV(0.10349 0.24694 0.10349 0.13670 0.23021 0.13670)
		3 V(193 149 150) M(0) UV(0.10349 0.24694 0.23021 0.13670 0.23021 0.24694)
		3 V(188 156 160) M(0) UV(0.05100 0.24694 0.05100 0.13670 0.10349 0.13670)
		3 V(188 160 193) M(0) UV(0.05100 0.24694 0.10349 0.13670 0.10349 0.24694)
		3 V(196 162 156) M(0) UV(0.10349 0.24694 0.10349 0.13670 0.05100 0.13670)
		3 V(196 156 188) M(0) UV(0.10349 0.24694 0.05100 0.13670 0.05100 0.24694)
		3 V(151 152 162) M(0) UV(0.23021 0.24694 0.23021 0.13670 0.10349 0.13670)
		3 V(151 162 196) M(0) UV(0.23021 0.24694 0.10349 0.13670 0.10349 0.24694)
		3 V(144 176 134) M(0) UV(0.89457 0.13670 0.89457 0.24694 0.76785 0.24694)
		3 V(144 134 133) M(0) UV(0.89457 0.13670 0.76785 0.24694 0.76785 0.13670)
		3 V(140 171 176) M(0) UV(0.94706 0.13670 0.94706 0.24694 0.89457 0.24694)
		3 V(140 176 144) M(0) UV(0.94706 0.13670 0.89457 0.24694 0.89457 0.13670)
		3 V(146 179 171) M(0) UV(0.89457 0.13670 0.89457 0.24694 0.94706 0.24694)
		3 V(146 171 140) M(0) UV(0.89457 0.13670 0.94706 0.24694 0.94706 0.13670)
		3 V(136 135 179) M(0) UV(0.76785 0.13670 0.76785 0.24694 0.89457 0.24694)
		3 V(136 179 146) M(0) UV(0.76785 0.13670 0.89457 0.24694 0.89457 0.13670)
		3 V(207 209 198) M(0) UV(0.76785 0.04260 0.89457 0.09260 0.76785 0.09260)
		3 V(213 205 209) M(0) UV(0.97521 0.01779 0.94706 0.09260 0.89457 0.09260)
		3 V(209 207 213) M(0) UV(0.89457 0.09260 0.76785 0.04260 0.97521 0.01779)
		3 V(204 213 207) M(0) UV(0.76785 0.02645 0.97521 0.01779 0.76785 0.04260)
		3 V(203 211 208) M(0) UV(0.76785 0.09260 0.89457 0.09260 0.76785 0.04260)
		3 V(211 205 213) M(0) UV(0.89457 0.09260 0.94706 0.09260 0.97521 0.01779)
		3 V(213 208 211) M(0) UV(0.97521 0.01779 0.76785 0.04260 0.89457 0.09260)
		3 V(208 213 204) M(0) UV(0.76785 0.04260 0.97521 0.01779 0.76785 0.02645)
		3 V(223 214 225) M(0) UV(0.23021 0.04260 0.23021 0.09260 0.10349 0.09260)
		3 V(229 225 221) M(0) UV(0.02285 0.01779 0.10349 0.09260 0.05100 0.09260)
		3 V(225 229 223) M(0) UV(0.10349 0.09260 0.02285 0.01779 0.23021 0.04260)
		3 V(220 223 229) M(0) UV(0.23021 0.02645 0.23021 0.04260 0.02285 0.01779)
		3 V(219 224 227) M(0) UV(0.23021 0.09260 0.23021 0.04260 0.10349 0.09260)
		3 V(227 229 221) M(0) UV(0.10349 0.09260 0.02285 0.01779 0.05100 0.09260)
		3 V(229 227 224) M(0) UV(0.02285 0.01779 0.10349 0.09260 0.23021 0.04260)
		3 V(224 220 229) M(0) UV(0.23021 0.04260 0.23021 0.02645 0.02285 0.01779)
		3 V(238 230 240) M(0) UV(0.76785 0.45128 0.76785 0.40128 0.89457 0.40128)
		3 V(246 240 235) M(0) UV(0.97521 0.47609 0.89457 0.40128 0.94706 0.40128)
		3 V(240 246 238) M(0) UV(0.89457 0.40128 0.97521 0.47609 0.76785 0.45128)
		3 V(234 238 246) M(0) UV(0.76785 0.46742 0.76785 0.45128 0.97521 0.47609)
		3 V(233 239 243) M(0) UV(0.76785 0.40128 0.76785 0.45128 0.89457 0.40128)
		3 V(243 246 235) M(0) UV(0.89457 0.40128 0.97521 0.47609 0.94706 0.40128)
		3 V(246 243 239) M(0) UV(0.97521 0.47609 0.89457 0.40128 0.76785 0.45128)
		3 V(239 234 246) M(0) UV(0.76785 0.45128 0.76785 0.46742 0.97521 0.47609)
		3 V(255 257 247) M(0) UV(0.23021 0.45128 0.10349 0.40128 0.23021 0.40128)
		3 V(263 252 257) M(0) UV(0.02285 0.47609 0.05100 0.40128 0.10349 0.40128)
		3 V(257 255 263) M(0) UV(0.10349 0.40128 0.23021 0.45128 0.02285 0.47609)
		3 V(251 263 255) M(0) UV(0.23021 0.46742 0.02285 0.47609 0.23021 0.45128)
		3 V(250 260 256) M(0) UV(0.23021 0.40128 0.10349 0.40128 0.23021 0.45128)
		3 V(260 252 263) M(0) UV(0.10349 0.40128 0.05100 0.40128 0.02285 0.47609)
		3 V(263 256 260) M(0) UV(0.02285 0.47609 0.23021 0.45128 0.10349 0.40128)
		3 V(256 263 251) M(0) UV(0.23021 0.45128 0.02285 0.47609 0.23021 0.46742)
		3 V(198 209 210) M(0) UV(0.76785 0.09260 0.89457 0.09260 0.89457 0.13670)
		3 V(198 210 199) M(0) UV(0.76785 0.09260 0.89457 0.13670 0.76785 0.13670)
		3 V(209 205 206) M(0) UV(0.89457 0.09260 0.94706 0.09260 0.94706 0.13670)
		3 V(209 206 210) M(0) UV(0.89457 0.09260 0.94706 0.13670 0.89457 0.13670)
		3 V(202 212 211) M(0) UV(0.76785 0.13670 0.89457 0.13670 0.89457 0.09260)
		3 V(202 211 203) M(0) UV(0.76785 0.13670 0.89457 0.09260 0.76785 0.09260)
		3 V(212 206 205) M(0) UV(0.89457 0.13670 0.94706 0.13670 0.94706 0.09260)
		3 V(212 205 211) M(0) UV(0.89457 0.13670 0.94706 0.09260 0.89457 0.09260)
		3 V(226 225 214) M(0) UV(0.10349 0.13670 0.10349 0.09260 0.23021 0.09260)
		3 V(226 214 215) M(0) UV(0.10349 0.13670 0.23021 0.09260 0.23021 0.13670)
		3 V(222 221 225) M(0) UV(0.05100 0.13670 0.05100 0.09260 0.10349 0.09260)
		3 V(222 225 226) M(0) UV(0.05100 0.13670 0.10349 0.09260 0.10349 0.13670)
		3 V(227 228 218) M(0) UV(0.10349 0.09260 0.10349 0.13670 0.23021 0.13670)
		3 V(227 218 219) M(0) UV(0.10349 0.09260 0.23021 0.13670 0.23021 0.09260)
		3 V(221 222 228) M(0) UV(0.05100 0.09260 0.05100 0.13670 0.10349 0.13670)
		3 V(221 228 227) M(0) UV(0.05100 0.09260 0.10349 0.13670 0.10349 0.09260)
		3 V(241 240 230) M(0) UV(0.89457 0.35718 0.89457 0.40128 0.76785 0.40128)
		3 V(241 230 231) M(0) UV(0.89457 0.35718 0.76785 0.40128 0.76785 0.35718)
		3 V(236 235 240) M(0) UV(0.94706 0.35718 0.94706 0.40128 0.89457 0.40128)
		3 V(236 240 241) M(0) UV(0.94706 0.35718 0.89457 0.40128 0.89457 0.35718)
		3 V(243 244 232) M(0) UV(0.89457 0.40128 0.89457 0.35718 0.76785 0.35718)
		3 V(243 232 233) M(0) UV(0.89457 0.40128 0.76785 0.35718 0.76785 0.40128)
		3 V(235 236 244) M(0) UV(0.94706 0.40128 0.94706 0.35718 0.89457 0.35718)
		3 V(235 244 243) M(0) UV(0.94706 0.40128 0.89457 0.35718 0.89457 0.40128)
		3 V(245 244 236) M(0) UV(0.89457 0.24694 0.89457 0.35718 0.94706 0.35718)
		3 V(245 236 237) M(0) UV(0.89457 0.24694 0.94706 0.35718 0.94706 0.24694)
		3 V(242 237 236) M(0) UV(0.89457 0.24694 0.94706 0.24694 0.94706 0.35718)
		3 V(242 236 241) M(0) UV(0.89457 0.24694 0.94706 0.35718 0.89457 0.35718)
		3 V(200 242 241) M(0) UV(0.76785 0.24694 0.89457 0.24694 0.89457 0.35718)
		3 V(200 241 231) M(0) UV(0.76785 0.24694 0.89457 0.35718 0.76785 0.35718)
		3 V(245 201 232) M(0) UV(0.89457 0.24694 0.76785 0.24694 0.76785 0.35718)
		3 V(245 232 244) M(0) UV(0.89457 0.24694 0.76785 0.35718 0.89457 0.35718)
		3 V(247 257 258) M(0) UV(0.23021 0.40128 0.10349 0.40128 0.10349 0.35718)
		3 V(247 258 248) M(0) UV(0.23021 0.40128 0.10349 0.35718 0.23021 0.35718)
		3 V(257 252 253) M(0) UV(0.10349 0.40128 0.05100 0.40128 0.05100 0.35718)
		3 V(257 253 258) M(0) UV(0.10349 0.40128 0.05100 0.35718 0.10349 0.35718)
		3 V(249 261 260) M(0) UV(0.23021 0.35718 0.10349 0.35718 0.10349 0.40128)
		3 V(249 260 250) M(0) UV(0.23021 0.35718 0.10349 0.40128 0.23021 0.40128)
		3 V(261 253 252) M(0) UV(0.10349 0.35718 0.05100 0.35718 0.05100 0.40128)
		3 V(261 252 260) M(0) UV(0.10349 0.35718 0.05100 0.40128 0.10349 0.40128)
		3 V(253 261 262) M(0) UV(0.05100 0.35718 0.10349 0.35718 0.10349 0.24694)
		3 V(253 262 254) M(0) UV(0.05100 0.35718 0.10349 0.24694 0.05100 0.24694)
		3 V(253 254 259) M(0) UV(0.05100 0.35718 0.05100 0.24694 0.10349 0.24694)
		3 V(253 259 258) M(0) UV(0.05100 0.35718 0.10349 0.24694 0.10349 0.35718)
		3 V(258 259 216) M(0) UV(0.10349 0.35718 0.10349 0.24694 0.23021 0.24694)
		3 V(258 216 248) M(0) UV(0.10349 0.35718 0.23021 0.24694 0.23021 0.35718)
		3 V(249 217 262) M(0) UV(0.23021 0.35718 0.23021 0.24694 0.10349 0.24694)
		3 V(249 262 261) M(0) UV(0.23021 0.35718 0.10349 0.24694 0.10349 0.35718)
		3 V(200 216 215) M(0) UV(0.76785 0.24694 0.23021 0.24694 0.23021 0.13670)
		3 V(200 215 199) M(0) UV(0.76785 0.24694 0.23021 0.13670 0.76785 0.13670)
		3 V(231 248 216) M(0) UV(0.76785 0.35718 0.23021 0.35718 0.23021 0.24694)
		3 V(231 216 200) M(0) UV(0.76785 0.35718 0.23021 0.24694 0.76785 0.24694)
		3 V(230 247 248) M(0) UV(0.76785 0.40128 0.23021 0.40128 0.23021 0.35718)
		3 V(230 248 231) M(0) UV(0.76785 0.40128 0.23021 0.35718 0.76785 0.35718)
		3 V(238 255 247) M(0) UV(0.76785 0.45128 0.23021 0.45128 0.23021 0.40128)
		3 V(238 247 230) M(0) UV(0.76785 0.45128 0.23021 0.40128 0.76785 0.40128)
		3 V(214 198 199) M(0) UV(0.23021 0.09260 0.76785 0.09260 0.76785 0.13670)
		3 V(214 199 215) M(0) UV(0.23021 0.09260 0.76785 0.13670 0.23021 0.13670)
		3 V(223 207 198) M(0) UV(0.23021 0.04260 0.76785 0.04260 0.76785 0.09260)
		3 V(223 198 214) M(0) UV(0.23021 0.04260 0.76785 0.09260 0.23021 0.09260)
		3 V(220 204 207) M(0) UV(0.23021 0.02645 0.76785 0.02645 0.76785 0.04260)
		3 V(220 207 223) M(0) UV(0.23021 0.02645 0.76785 0.04260 0.23021 0.04260)
		3 V(234 251 255) M(0) UV(0.76785 0.46742 0.23021 0.46742 0.23021 0.45128)
		3 V(234 255 238) M(0) UV(0.76785 0.46742 0.23021 0.45128 0.76785 0.45128)
		3 V(239 256 251) M(0) UV(0.76785 0.45128 0.23021 0.45128 0.23021 0.46742)
		3 V(239 251 234) M(0) UV(0.76785 0.45128 0.23021 0.46742 0.76785 0.46742)
		3 V(224 208 204) M(0) UV(0.23021 0.04260 0.76785 0.04260 0.76785 0.02645)
		3 V(224 204 220) M(0) UV(0.23021 0.04260 0.76785 0.02645 0.23021 0.02645)
		3 V(219 203 208) M(0) UV(0.23021 0.09260 0.76785 0.09260 0.76785 0.04260)
		3 V(219 208 224) M(0) UV(0.23021 0.09260 0.76785 0.04260 0.23021 0.04260)
		3 V(218 202 203) M(0) UV(0.23021 0.13670 0.76785 0.13670 0.76785 0.09260)
		3 V(218 203 219) M(0) UV(0.23021 0.13670 0.76785 0.09260 0.23021 0.09260)
		3 V(217 201 202) M(0) UV(0.23021 0.24694 0.76785 0.24694 0.76785 0.13670)
		3 V(217 202 218) M(0) UV(0.23021 0.24694 0.76785 0.13670 0.23021 0.13670)
		3 V(249 232 201) M(0) UV(0.23021 0.35718 0.76785 0.35718 0.76785 0.24694)
		3 V(249 201 217) M(0) UV(0.23021 0.35718 0.76785 0.24694 0.23021 0.24694)
		3 V(250 233 232) M(0) UV(0.23021 0.40128 0.76785 0.40128 0.76785 0.35718)
		3 V(250 232 249) M(0) UV(0.23021 0.40128 0.76785 0.35718 0.23021 0.35718)
		3 V(233 250 256) M(0) UV(0.76785 0.40128 0.23021 0.40128 0.23021 0.45128)
		3 V(233 256 239) M(0) UV(0.76785 0.40128 0.23021 0.45128 0.76785 0.45128)
		3 V(259 226 215) M(0) UV(0.10349 0.24694 0.10349 0.13670 0.23021 0.13670)
		3 V(259 215 216) M(0) UV(0.10349 0.24694 0.23021 0.13670 0.23021 0.24694)
		3 V(254 222 226) M(0) UV(0.05100 0.24694 0.05100 0.13670 0.10349 0.13670)
		3 V(254 226 259) M(0) UV(0.05100 0.24694 0.10349 0.13670 0.10349 0.24694)
		3 V(262 228 222) M(0) UV(0.10349 0.24694 0.10349 0.13670 0.05100 0.13670)
		3 V(262 222 254) M(0) UV(0.10349 0.24694 0.05100 0.13670 0.05100 0.24694)
		3 V(217 218 228) M(0) UV(0.23021 0.24694 0.23021 0.13670 0.10349 0.13670)
		3 V(217 228 262) M(0) UV(0.23021 0.24694 0.10349 0.13670 0.10349 0.24694)
		3 V(210 242 200) M(0) UV(0.89457 0.13670 0.89457 0.24694 0.76785 0.24694)
		3 V(210 200 199) M(0) UV(0.89457 0.13670 0.76785 0.24694 0.76785 0.13670)
		3 V(206 237 242) M(0) UV(0.94706 0.13670 0.94706 0.24694 0.89457 0.24694)
		3 V(206 242 210) M(0) UV(0.94706 0.13670 0.89457 0.24694 0.89457 0.13670)
		3 V(212 245 237) M(0) UV(0.89457 0.13670 0.89457 0.24694 0.94706 0.24694)
		3 V(212 237 206) M(0) UV(0.89457 0.13670 0.94706 0.24694 0.94706 0.13670)
		3 V(202 201 245) M(0) UV(0.76785 0.13670 0.76785 0.24694 0.89457 0.24694)
		3 V(202 245 212) M(0) UV(0.76785 0.13670 0.89457 0.24694 0.89457 0.13670)
		3 V(273 275 264) M(0) UV(0.76785 0.04260 0.89457 0.09260 0.76785 0.09260)
		3 V(279 271 275) M(0) UV(0.97521 0.01779 0.94706 0.09260 0.89457 0.09260)
		3 V(275 273 279) M(0) UV(0.89457 0.09260 0.76785 0.04260 0.97521 0.01779)
		3 V(270 279 273) M(0) UV(0.76785 0.02645 0.97521 0.01779 0.76785 0.04260)
		3 V(269 277 274) M(0) UV(0.76785 0.09260 0.89457 0.09260 0.76785 0.04260)
		3 V(277 271 279) M(0) UV(0.89457 0.09260 0.94706 0.09260 0.97521 0.01779)
		3 V(279 274 277) M(0) UV(0.97521 0.01779 0.76785 0.04260 0.89457 0.09260)
		3 V(274 279 270) M(0) UV(0.76785 0.04260 0.97521 0.01779 0.76785 0.02645)
		3 V(289 280 291) M(0) UV(0.23021 0.04260 0.23021 0.09260 0.10349 0.09260)
		3 V(295 291 287) M(0) UV(0.02285 0.01779 0.10349 0.09260 0.05100 0.09260)
		3 V(291 295 289) M(0) UV(0.10349 0.09260 0.02285 0.01779 0.23021 0.04260)
		3 V(286 289 295) M(0) UV(0.23021 0.02645 0.23021 0.04260 0.02285 0.01779)
		3 V(285 290 293) M(0) UV(0.23021 0.09260 0.23021 0.04260 0.10349 0.09260)
		3 V(293 295 287) M(0) UV(0.10349 0.09260 0.02285 0.01779 0.05100 0.09260)
		3 V(295 293 290) M(0) UV(0.02285 0.01779 0.10349 0.09260 0.23021 0.04260)
		3 V(290 286 295) M(0) UV(0.23021 0.04260 0.23021 0.02645 0.02285 0.01779)
		3 V(304 296 306) M(0) UV(0.76785 0.45128 0.76785 0.40128 0.89457 0.40128)
		3 V(312 306 301) M(0) UV(0.97521 0.47609 0.89457 0.40128 0.94706 0.40128)
		3 V(306 312 304) M(0) UV(0.89457 0.40128 0.97521 0.47609 0.76785 0.45128)
		3 V(300 304 312) M(0) UV(0.76785 0.46742 0.76785 0.45128 0.97521 0.47609)
		3 V(299 305 309) M(0) UV(0.76785 0.40128 0.76785 0.45128 0.89457 0.40128)
		3 V(309 312 301) M(0) UV(0.89457 0.40128 0.97521 0.47609 0.94706 0.40128)
		3 V(312 309 305) M(0) UV(0.97521 0.47609 0.89457 0.40128 0.76785 0.45128)
		3 V(305 300 312) M(0) UV(0.76785 0.45128 0.76785 0.46742 0.97521 0.47609)
		3 V(321 323 313) M(0) UV(0.23021 0.45128 0.10349 0.40128 0.23021 0.40128)
		3 V(329 318 323) M(0) UV(0.02285 0.47609 0.05100 0.40128 0.10349 0.40128)
		3 V(323 321 329) M(0) UV(0.10349 0.40128 0.23021 0.45128 0.02285 0.47609)
		3 V(317 329 321) M(0) UV(0.23021 0.46742 0.02285 0.47609 0.23021 0.45128)
		3 V(316 326 322) M(0) UV(0.23021 0.40128 0.10349 0.40128 0.23021 0.45128)
		3 V(326 318 329) M(0) UV(0.10349 0.40128 0.05100 0.40128 0.02285 0.47609)
		3 V(329 322 326) M(0) UV(0.02285 0.47609 0.23021 0.45128 0.10349 0.40128)
		3 V(322 329 317) M(0) UV(0.23021 0.45128 0.02285 0.47609 0.23021 0.46742)
		3 V(264 275 276) M(0) UV(0.76785 0.09260 0.89457 0.09260 0.89457 0.13670)
		3 V(264 276 265) M(0) UV(0.76785 0.09260 0.89457 0.13670 0.76785 0.13670)
		3 V(275 271 272) M(0) UV(0.89457 0.09260 0.94706 0.09260 0.94706 0.13670)
		3 V(275 272 276) M(0) UV(0.89457 0.09260 0.94706 0.13670 0.89457 0.13670)
		3 V(268 278 277) M(0) UV(0.76785 0.13670 0.89457 0.13670 0.89457 0.09260)
		3 V(268 277 269) M(0) UV(0.76785 0.13670 0.89457 0.09260 0.76785 0.09260)
		3 V(278 272 271) M(0) UV(0.89457 0.13670 0.94706 0.13670 0.94706 0.09260)
		3 V(278 271 277) M(0) UV(0.89457 0.13670 0.94706 0.09260 0.89457 0.09260)
		3 V(292 291 280) M(0) UV(0.10349 0.13670 0.10349 0.09260 0.23021 0.09260)
		3 V(292 280 281) M(0) UV(0.10349 0.13670 0.23021 0.09260 0.23021 0.13670)
		3 V(288 287 291) M(0) UV(0.05100 0.13670 0.05100 0.09260 0.10349 0.09260)
		3 V(288 291 292) M(0) UV(0.05100 0.13670 0.10349 0.09260 0.10349 0.13670)
		3 V(293 294 284) M(0) UV(0.10349 0.09260 0.10349 0.13670 0.23021 0.13670)
		3 V(293 284 285) M(0) UV(0.10349 0.09260 0.23021 0.13670 0.23021 0.09260)
		3 V(287 288 294) M(0) UV(0.05100 0.09260 0.05100 0.13670 0.10349 0.13670)
		3 V(287 294 293) M(0) UV(0.05100 0.09260 0.10349 0.13670 0.10349 0.09260)
		3 V(307 306 296) M(0) UV(0.89457 0.35718 0.89457 0.40128 0.76785 0.40128)
		3 V(307 296 297) M(0) UV(0.89457 0.35718 0.76785 0.40128 0.76785 0.35718)
		3 V(302 301 306) M(0) UV(0.94706 0.35718 0.94706 0.40128 0.89457 0.40128)
		3 V(302 306 307) M(0) UV(0.94706 0.35718 0.89457 0.40128 0.89457 0.35718)
		3 V(309 310 298) M(0) UV(0.89457 0.40128 0.89457 0.35718 0.76785 0.35718)
		3 V(309 298 299) M(0) UV(0.89457 0.40128 0.76785 0.35718 0.76785 0.40128)
		3 V(301 302 310) M(0) UV(0.94706 0.40128 0.94706 0.35718 0.89457 0.35718)
		3 V(301 310 309) M(0) UV(0.94706 0.40128 0.89457 0.35718 0.89457 0.40128)
		3 V(311 310 302) M(0) UV(0.89457 0.24694 0.89457 0.35718 0.94706 0.35718)
		3 V(311 302 303) M(0) UV(0.89457 0.24694 0.94706 0.35718 0.94706 0.24694)
		3 V(308 303 302) M(0) UV(0.89457 0.24694 0.94706 0.24694 0.94706 0.35718)
		3 V(308 302 307) M(0) UV(0.89457 0.24694 0.94706 0.35718 0.89457 0.35718)
		3 V(266 308 307) M(0) UV(0.76785 0.24694 0.89457 0.24694 0.89457 0.35718)
		3 V(266 307 297) M(0) UV(0.76785 0.24694 0.89457 0.35718 0.76785 0.35718)
		3 V(311 267 298) M(0) UV(0.89457 0.24694 0.76785 0.24694 0.76785 0.35718)
		3 V(311 298 310) M(0) UV(0.89457 0.24694 0.76785 0.35718 0.89457 0.35718)
		3 V(313 323 324) M(0) UV(0.23021 0.40128 0.10349 0.40128 0.10349 0.35718)
		3 V(313 324 314) M(0) UV(0.23021 0.40128 0.10349 0.35718 0.23021 0.35718)
		3 V(323 318 319) M(0) UV(0.10349 0.40128 0.05100 0.40128 0.05100 0.35718)
		3 V(323 319 324) M(0) UV(0.10349 0.40128 0.05100 0.35718 0.10349 0.35718)
		3 V(315 327 326) M(0) UV(0.23021 0.35718 0.10349 0.35718 0.10349 0.40128)
		3 V(315 326 316) M(0) UV(0.23021 0.35718 0.10349 0.40128 0.23021 0.40128)
		3 V(327 319 318) M(0) UV(0.10349 0.35718 0.05100 0.35718 0.05100 0.40128)
		3 V(327 318 326) M(0) UV(0.10349 0.35718 0.05100 0.40128 0.10349 0.40128)
		3 V(319 327 328) M(0) UV(0.05100 0.35718 0.10349 0.35718 0.10349 0.24694)
		3 V(319 328 320) M(0) UV(0.05100 0.35718 0.10349 0.24694 0.05100 0.24694)
		3 V(319 320 325) M(0) UV(0.05100 0.35718 0.05100 0.24694 0.10349 0.24694)
		3 V(319 325 324) M(0) UV(0.05100 0.35718 0.10349 0.24694 0.10349 0.35718)
		3 V(324 325 282) M(0) UV(0.10349 0.35718 0.10349 0.24694 0.23021 0.24694)
		3 V(324 282 314) M(0) UV(0.10349 0.35718 0.23021 0.24694 0.23021 0.35718)
		3 V(315 283 328) M(0) UV(0.23021 0.35718 0.23021 0.24694 0.10349 0.24694)
		3 V(315 328 327) M(0) UV(0.23021 0.35718 0.10349 0.24694 0.10349 0.35718)
		3 V(266 282 281) M(0) UV(0.76785 0.24694 0.23021 0.24694 0.23021 0.13670)
		3 V(266 281 265) M(0) UV(0.76785 0.24694 0.23021 0.13670 0.76785 0.13670)
		3 V(297 314 282) M(0) UV(0.76785 0.35718 0.23021 0.35718 0.23021 0.24694)
		3 V(297 282 266) M(0) UV(0.76785 0.35718 0.23021 0.24694 0.76785 0.24694)
		3 V(296 313 314) M(0) UV(0.76785 0.40128 0.23021 0.40128 0.23021 0.35718)
		3 V(296 314 297) M(0) UV(0.76785 0.40128 0.23021 0.35718 0.76785 0.35718)
		3 V(304 321 313) M(0) UV(0.76785 0.45128 0.23021 0.45128 0.23021 0.40128)
		3 V(304 313 296) M(0) UV(0.76785 0.45128 0.23021 0.40128 0.76785 0.40128)
		3 V(280 264 265) M(0) UV(0.23021 0.09260 0.76785 0.09260 0.76785 0.13670)
		3 V(280 265 281) M(0) UV(0.23021 0.09260 0.76785 0.13670 0.23021 0.13670)
		3 V(289 273 264) M(0) UV(0.23021 0.04260 0.76785 0.04260 0.76785 0.09260)
		3 V(289 264 280) M(0) UV(0.23021 0.04260 0.76785 0.09260 0.23021 0.09260)
		3 V(286 270 273) M(0) UV(0.23021 0.02645 0.76785 0.02645 0.76785 0.04260)
		3 V(286 273 289) M(0) UV(0.23021 0.02645 0.76785 0.04260 0.23021 0.04260)
		3 V(300 317 321) M(0) UV(0.76785 0.46742 0.23021 0.46742 0.23021 0.45128)
		3 V(300 321 304) M(0) UV(0.76785 0.46742 0.23021 0.45128 0.76785 0.45128)
		3 V(305 322 317) M(0) UV(0.76785 0.45128 0.23021 0.45128 0.23021 0.46742)
		3 V(305 317 300) M(0) UV(0.76785 0.45128 0.23021 0.46742 0.76785 0.46742)
		3 V(290 274 270) M(0) UV(0.23021 0.04260 0.76785 0.04260 0.76785 0.02645)
		3 V(290 270 286) M(0) UV(0.23021 0.04260 0.76785 0.02645 0.23021 0.02645)
		3 V(285 269 274) M(0) UV(0.23021 0.09260 0.76785 0.09260 0.76785 0.04260)
		3 V(285 274 290) M(0) UV(0.23021 0.09260 0.76785 0.04260 0.23021 0.04260)
		3 V(284 268 269) M(0) UV(0.23021 0.13670 0.76785 0.13670 0.76785 0.09260)
		3 V(284 269 285) M(0) UV(0.23021 0.13670 0.76785 0.09260 0.23021 0.09260)
		3 V(283 267 268) M(0) UV(0.23021 0.24694 0.76785 0.24694 0.76785 0.13670)
		3 V(283 268 284) M(0) UV(0.23021 0.24694 0.76785 0.13670 0.23021 0.13670)
		3 V(315 298 267) M(0) UV(0.23021 0.35718 0.76785 0.35718 0.76785 0.24694)
		3 V(315 267 283) M(0) UV(0.23021 0.35718 0.76785 0.24694 0.23021 0.24694)
		3 V(316 299 298) M(0) UV(0.23021 0.40128 0.76785 0.40128 0.76785 0.35718)
		3 V(316 298 315) M(0) UV(0.23021 0.40128 0.76785 0.35718 0.23021 0.35718)
		3 V(299 316 322) M(0) UV(0.76785 0.40128 0.23021 0.40128 0.23021 0.45128)
		3 V(299 322 305) M(0) UV(0.76785 0.40128 0.23021 0.45128 0.76785 0.45128)
		3 V(325 292 281) M(0) UV(0.10349 0.24694 0.10349 0.13670 0.23021 0.13670)
		3 V(325 281 282) M(0) UV(0.10349 0.24694 0.23021 0.13670 0.23021 0.24694)
		3 V(320 288 292) M(0) UV(0.05100 0.24694 0.05100 0.13670 0.10349 0.13670)
		3 V(320 292 325) M(0) UV(0.05100 0.24694 0.10349 0.13670 0.10349 0.24694)
		3 V(328 294 288) M(0) UV(0.10349 0.24694 0.10349 0.13670 0.05100 0.13670)
		3 V(328 288 320) M(0) UV(0.10349 0.24694 0.05100 0.13670 0.05100 0.24694)
		3 V(283 284 294) M(0) UV(0.23021 0.24694 0.23021 0.13670 0.10349 0.13670)
		3 V(283 294 328) M(0) UV(0.23021 0.24694 0.10349 0.13670 0.10349 0.24694)
		3 V(276 308 266) M(0) UV(0.89457 0.13670 0.89457 0.24694 0.76785 0.24694)
		3 V(276 266 265) M(0) UV(0.89457 0.13670 0.76785 0.24694 0.76785 0.13670)
		3 V(272 303 308) M(0) UV(0.94706 0.13670 0.94706 0.24694 0.89457 0.24694)
		3 V(272 308 276) M(0) UV(0.94706 0.13670 0.89457 0.24694 0.89457 0.13670)
		3 V(278 311 303) M(0) UV(0.89457 0.13670 0.89457 0.24694 0.94706 0.24694)
		3 V(278 303 272) M(0) UV(0.89457 0.13670 0.94706 0.24694 0.94706 0.13670)
		3 V(268 267 311) M(0) UV(0.76785 0.13670 0.76785 0.24694 0.89457 0.24694)
		3 V(268 311 278) M(0) UV(0.76785 0.13670 0.89457 0.24694 0.89457 0.13670)
		3 V(338 340 330) M(0) UV(0.76785 0.04260 0.89457 0.09260 0.76785 0.09260)
		3 V(344 336 340) M(0) UV(0.97521 0.01779 0.94706 0.09260 0.89457 0.09260)
		3 V(340 338 344) M(0) UV(0.89457 0.09260 0.76785 0.04260 0.97521 0.01779)
		3 V(335 344 338) M(0) UV(0.76785 0.02645 0.97521 0.01779 0.76785 0.04260)
		3 V(334 342 339) M(0) UV(0.76785 0.09260 0.89457 0.09260 0.76785 0.04260)
		3 V(342 336 344) M(0) UV(0.89457 0.09260 0.94706 0.09260 0.97521 0.01779)
		3 V(344 339 342) M(0) UV(0.97521 0.01779 0.76785 0.04260 0.89457 0.09260)
		3 V(339 344 335) M(0) UV(0.76785 0.04260 0.97521 0.01779 0.76785 0.02645)
		3 V(353 345 355) M(0) UV(0.23021 0.04260 0.23021 0.09260 0.10349 0.09260)
		3 V(359 355 351) M(0) UV(0.02285 0.01779 0.10349 0.09260 0.05100 0.09260)
		3 V(355 359 353) M(0) UV(0.10349 0.09260 0.02285 0.01779 0.23021 0.04260)
		3 V(350 353 359) M(0) UV(0.23021 0.02645 0.23021 0.04260 0.02285 0.01779)
		3 V(349 354 357) M(0) UV(0.23021 0.09260 0.23021 0.04260 0.10349 0.09260)
		3 V(357 359 351) M(0) UV(0.10349 0.09260 0.02285 0.01779 0.05100 0.09260)
		3 V(359 357 354) M(0) UV(0.02285 0.01779 0.10349 0.09260 0.23021 0.04260)
		3 V(354 350 359) M(0) UV(0.23021 0.04260 0.23021 0.02645 0.02285 0.01779)
		3 V(368 360 370) M(0) UV(0.76785 0.45128 0.76785 0.40128 0.89457 0.40128)
		3 V(376 370 365) M(0) UV(0.97521 0.47609 0.89457 0.40128 0.94706 0.40128)
		3 V(370 376 368) M(0) UV(0.89457 0.40128 0.97521 0.47609 0.76785 0.45128)
		3 V(364 368 376) M(0) UV(0.76785 0.46742 0.76785 0.45128 0.97521 0.47609)
		3 V(363 369 373) M(0) UV(0.76785 0.40128 0.76785 0.45128 0.89457 0.40128)
		3 V(373 376 365) M(0) UV(0.89457 0.40128 0.97521 0.47609 0.94706 0.40128)
		3 V(376 373 369) M(0) UV(0.97521 0.47609 0.89457 0.40128 0.76785 0.45128)
		3 V(369 364 376) M(0) UV(0.76785 0.45128 0.76785 0.46742 0.97521 0.47609)
		3 V(385 387 377) M(0) UV(0.23021 0.45128 0.10349 0.40128 0.23021 0.40128)
		3 V(393 382 387) M(0) UV(0.02285 0.47609 0.05100 0.40128 0.10349 0.40128)
		3 V(387 385 393) M(0) UV(0.10349 0.40128 0.23021 0.45128 0.02285 0.47609)
		3 V(381 393 385) M(0) UV(0.23021 0.46742 0.02285 0.47609 0.23021 0.45128)
		3 V(380 390 386) M(0) UV(0.23021 0.40128 0.10349 0.40128 0.23021 0.45128)
		3 V(390 382 393) M(0) UV(0.10349 0.40128 0.05100 0.40128 0.02285 0.47609)
		3 V(393 386 390) M(0) UV(0.02285 0.47609 0.23021 0.45128 0.10349 0.40128)
		3 V(386 393 381) M(0) UV(0.23021 0.45128 0.02285 0.47609 0.23021 0.46742)
		3 V(330 340 341) M(0) UV(0.76785 0.09260 0.89457 0.09260 0.89457 0.13670)
		3 V(330 341 331) M(0) UV(0.76785 0.09260 0.89457 0.13670 0.76785 0.13670)
		3 V(340 336 337) M(0) UV(0.89457 0.09260 0.94706 0.09260 0.94706 0.13670)
		3 V(340 337 341) M(0) UV(0.89457 0.09260 0.94706 0.13670 0.89457 0.13670)
		3 V(297 343 342) M(0) UV(0.76785 0.13670 0.89457 0.13670 0.89457 0.09260)
		3 V(297 342 334) M(0) UV(0.76785 0.13670 0.89457 0.09260 0.76785 0.09260)
		3 V(343 337 336) M(0) UV(0.89457 0.13670 0.94706 0.13670 0.94706 0.09260)
		3 V(343 336 342) M(0) UV(0.89457 0.13670 0.94706 0.09260 0.89457 0.09260)
		3 V(356 355 345) M(0) UV(0.10349 0.13670 0.10349 0.09260 0.23021 0.09260)
		3 V(356 345 346) M(0) UV(0.10349 0.13670 0.23021 0.09260 0.23021 0.13670)
		3 V(352 351 355) M(0) UV(0.05100 0.13670 0.05100 0.09260 0.10349 0.09260)
		3 V(352 355 356) M(0) UV(0.05100 0.13670 0.10349 0.09260 0.10349 0.13670)
		3 V(357 358 314) M(0) UV(0.10349 0.09260 0.10349 0.13670 0.23021 0.13670)
		3 V(357 314 349) M(0) UV(0.10349 0.09260 0.23021 0.13670 0.23021 0.09260)
		3 V(351 352 358) M(0) UV(0.05100 0.09260 0.05100 0.13670 0.10349 0.13670)
		3 V(351 358 357) M(0) UV(0.05100 0.09260 0.10349 0.13670 0.10349 0.09260)
		3 V(371 370 360) M(0) UV(0.89457 0.35718 0.89457 0.40128 0.76785 0.40128)
		3 V(371 360 361) M(0) UV(0.89457 0.35718 0.76785 0.40128 0.76785 0.35718)
		3 V(366 365 370) M(0) UV(0.94706 0.35718 0.94706 0.40128 0.89457 0.40128)
		3 V(366 370 371) M(0) UV(0.94706 0.35718 0.89457 0.40128 0.89457 0.35718)
		3 V(373 374 362) M(0) UV(0.89457 0.40128 0.89457 0.35718 0.76785 0.35718)
		3 V(373 362 363) M(0) UV(0.89457 0.40128 0.76785 0.35718 0.76785 0.40128)
		3 V(365 366 374) M(0) UV(0.94706 0.40128 0.94706 0.35718 0.89457 0.35718)
		3 V(365 374 373) M(0) UV(0.94706 0.40128 0.89457 0.35718 0.89457 0.40128)
		3 V(375 374 366) M(0) UV(0.89457 0.24694 0.89457 0.35718 0.94706 0.35718)
		3 V(375 366 367) M(0) UV(0.89457 0.24694 0.94706 0.35718 0.94706 0.24694)
		3 V(372 367 366) M(0) UV(0.89457 0.24694 0.94706 0.24694 0.94706 0.35718)
		3 V(372 366 371) M(0) UV(0.89457 0.24694 0.94706 0.35718 0.89457 0.35718)
		3 V(332 372 371) M(0) UV(0.76785 0.24694 0.89457 0.24694 0.89457 0.35718)
		3 V(332 371 361) M(0) UV(0.76785 0.24694 0.89457 0.35718 0.76785 0.35718)
		3 V(375 333 362) M(0) UV(0.89457 0.24694 0.76785 0.24694 0.76785 0.35718)
		3 V(375 362 374) M(0) UV(0.89457 0.24694 0.76785 0.35718 0.89457 0.35718)
		3 V(377 387 388) M(0) UV(0.23021 0.40128 0.10349 0.40128 0.10349 0.35718)
		3 V(377 388 378) M(0) UV(0.23021 0.40128 0.10349 0.35718 0.23021 0.35718)
		3 V(387 382 383) M(0) UV(0.10349 0.40128 0.05100 0.40128 0.05100 0.35718)
		3 V(387 383 388) M(0) UV(0.10349 0.40128 0.05100 0.35718 0.10349 0.35718)
		3 V(379 391 390) M(0) UV(0.23021 0.35718 0.10349 0.35718 0.10349 0.40128)
		3 V(379 390 380) M(0) UV(0.23021 0.35718 0.10349 0.40128 0.23021 0.40128)
		3 V(391 383 382) M(0) UV(0.10349 0.35718 0.05100 0.35718 0.05100 0.40128)
		3 V(391 382 390) M(0) UV(0.10349 0.35718 0.05100 0.40128 0.10349 0.40128)
		3 V(383 391 392) M(0) UV(0.05100 0.35718 0.10349 0.35718 0.10349 0.24694)
		3 V(383 392 384) M(0) UV(0.05100 0.35718 0.10349 0.24694 0.05100 0.24694)
		3 V(383 384 389) M(0) UV(0.05100 0.35718 0.05100 0.24694 0.10349 0.24694)
		3 V(383 389 388) M(0) UV(0.05100 0.35718 0.10349 0.24694 0.10349 0.35718)
		3 V(388 389 347) M(0) UV(0.10349 0.35718 0.10349 0.24694 0.23021 0.24694)
		3 V(388 347 378) M(0) UV(0.10349 0.35718 0.23021 0.24694 0.23021 0.35718)
		3 V(379 348 392) M(0) UV(0.23021 0.35718 0.23021 0.24694 0.10349 0.24694)
		3 V(379 392 391) M(0) UV(0.23021 0.35718 0.10349 0.24694 0.10349 0.35718)
		3 V(332 347 346) M(0) UV(0.76785 0.24694 0.23021 0.24694 0.23021 0.13670)
		3 V(332 346 331) M(0) UV(0.76785 0.24694 0.23021 0.13670 0.76785 0.13670)
		3 V(361 378 347) M(0) UV(0.76785 0.35718 0.23021 0.35718 0.23021 0.24694)
		3 V(361 347 332) M(0) UV(0.76785 0.35718 0.23021 0.24694 0.76785 0.24694)
		3 V(360 377 378) M(0) UV(0.76785 0.40128 0.23021 0.40128 0.23021 0.35718)
		3 V(360 378 361) M(0) UV(0.76785 0.40128 0.23021 0.35718 0.76785 0.35718)
		3 V(368 385 377) M(0) UV(0.76785 0.45128 0.23021 0.45128 0.23021 0.40128)
		3 V(368 377 360) M(0) UV(0.76785 0.45128 0.23021 0.40128 0.76785 0.40128)
		3 V(345 330 331) M(0) UV(0.23021 0.09260 0.76785 0.09260 0.76785 0.13670)
		3 V(345 331 346) M(0) UV(0.23021 0.09260 0.76785 0.13670 0.23021 0.13670)
		3 V(353 338 330) M(0) UV(0.23021 0.04260 0.76785 0.04260 0.76785 0.09260)
		3 V(353 330 345) M(0) UV(0.23021 0.04260 0.76785 0.09260 0.23021 0.09260)
		3 V(350 335 338) M(0) UV(0.23021 0.02645 0.76785 0.02645 0.76785 0.04260)
		3 V(350 338 353) M(0) UV(0.23021 0.02645 0.76785 0.04260 0.23021 0.04260)
		3 V(364 381 385) M(0) UV(0.76785 0.46742 0.23021 0.46742 0.23021 0.45128)
		3 V(364 385 368) M(0) UV(0.76785 0.46742 0.23021 0.45128 0.76785 0.45128)
		3 V(369 386 381) M(0) UV(0.76785 0.45128 0.23021 0.45128 0.23021 0.46742)
		3 V(369 381 364) M(0) UV(0.76785 0.45128 0.23021 0.46742 0.76785 0.46742)
		3 V(354 339 335) M(0) UV(0.23021 0.04260 0.76785 0.04260 0.76785 0.02645)
		3 V(354 335 350) M(0) UV(0.23021 0.04260 0.76785 0.02645 0.23021 0.02645)
		3 V(349 334 339) M(0) UV(0.23021 0.09260 0.76785 0.09260 0.76785 0.04260)
		3 V(349 339 354) M(0) UV(0.23021 0.09260 0.76785 0.04260 0.23021 0.04260)
		3 V(314 297 334) M(0) UV(0.23021 0.13670 0.76785 0.13670 0.76785 0.09260)
		3 V(314 334 349) M(0) UV(0.23021 0.13670 0.76785 0.09260 0.23021 0.09260)
		3 V(348 333 297) M(0) UV(0.23021 0.24694 0.76785 0.24694 0.76785 0.13670)
		3 V(348 297 314) M(0) UV(0.23021 0.24694 0.76785 0.13670 0.23021 0.13670)
		3 V(379 362 333) M(0) UV(0.23021 0.35718 0.76785 0.35718 0.76785 0.24694)
		3 V(379 333 348) M(0) UV(0.23021 0.35718 0.76785 0.24694 0.23021 0.24694)
		3 V(380 363 362) M(0) UV(0.23021 0.40128 0.76785 0.40128 0.76785 0.35718)
		3 V(380 362 379) M(0) UV(0.23021 0.40128 0.76785 0.35718 0.23021 0.35718)
		3 V(363 380 386) M(0) UV(0.76785 0.40128 0.23021 0.40128 0.23021 0.45128)
		3 V(363 386 369) M(0) UV(0.76785 0.40128 0.23021 0.45128 0.76785 0.45128)
		3 V(389 356 346) M(0) UV(0.10349 0.24694 0.10349 0.13670 0.23021 0.13670)
		3 V(389 346 347) M(0) UV(0.10349 0.24694 0.23021 0.13670 0.23021 0.24694)
		3 V(384 352 356) M(0) UV(0.05100 0.24694 0.05100 0.13670 0.10349 0.13670)
		3 V(384 356 389) M(0) UV(0.05100 0.24694 0.10349 0.13670 0.10349 0.24694)
		3 V(392 358 352) M(0) UV(0.10349 0.24694 0.10349 0.13670 0.05100 0.13670)
		3 V(392 352 384) M(0) UV(0.10349 0.24694 0.05100 0.13670 0.05100 0.24694)
		3 V(348 314 358) M(0) UV(0.23021 0.24694 0.23021 0.13670 0.10349 0.13670)
		3 V(348 358 392) M(0) UV(0.23021 0.24694 0.10349 0.13670 0.10349 0.24694)
		3 V(341 372 332) M(0) UV(0.89457 0.13670 0.89457 0.24694 0.76785 0.24694)
		3 V(341 332 331) M(0) UV(0.89457 0.13670 0.76785 0.24694 0.76785 0.13670)
		3 V(337 367 372) M(0) UV(0.94706 0.13670 0.94706 0.24694 0.89457 0.24694)
		3 V(337 372 341) M(0) UV(0.94706 0.13670 0.89457 0.24694 0.89457 0.13670)
		3 V(343 375 367) M(0) UV(0.89457 0.13670 0.89457 0.24694 0.94706 0.24694)
		3 V(343 367 337) M(0) UV(0.89457 0.13670 0.94706 0.24694 0.94706 0.13670)
		3 V(297 333 375) M(0) UV(0.76785 0.13670 0.76785 0.24694 0.89457 0.24694)
		3 V(297 375 343) M(0) UV(0.76785 0.13670 0.89457 0.24694 0.89457 0.13670)
		3 V(403 405 394) M(0) UV(0.76785 0.04260 0.89457 0.09260 0.76785 0.09260)
		3 V(409 401 405) M(0) UV(0.97521 0.01779 0.94706 0.09260 0.89457 0.09260)
		3 V(405 403 409) M(0) UV(0.89457 0.09260 0.76785 0.04260 0.97521 0.01779)
		3 V(400 409 403) M(0) UV(0.76785 0.02645 0.97521 0.01779 0.76785 0.04260)
		3 V(399 407 404) M(0) UV(0.76785 0.09260 0.89457 0.09260 0.76785 0.04260)
		3 V(407 401 409) M(0) UV(0.89457 0.09260 0.94706 0.09260 0.97521 0.01779)
		3 V(409 404 407) M(0) UV(0.97521 0.01779 0.76785 0.04260 0.89457 0.09260)
		3 V(404 409 400) M(0) UV(0.76785 0.04260 0.97521 0.01779 0.76785 0.02645)
		3 V(419 410 421) M(0) UV(0.23021 0.04260 0.23021 0.09260 0.10349 0.09260)
		3 V(425 421 417) M(0) UV(0.02285 0.01779 0.10349 0.09260 0.05100 0.09260)
		3 V(421 425 419) M(0) UV(0.10349 0.09260 0.02285 0.01779 0.23021 0.04260)
		3 V(416 419 425) M(0) UV(0.23021 0.02645 0.23021 0.04260 0.02285 0.01779)
		3 V(415 420 423) M(0) UV(0.23021 0.09260 0.23021 0.04260 0.10349 0.09260)
		3 V(423 425 417) M(0) UV(0.10349 0.09260 0.02285 0.01779 0.05100 0.09260)
		3 V(425 423 420) M(0) UV(0.02285 0.01779 0.10349 0.09260 0.23021 0.04260)
		3 V(420 416 425) M(0) UV(0.23021 0.04260 0.23021 0.02645 0.02285 0.01779)
		3 V(434 426 436) M(0) UV(0.76785 0.45128 0.76785 0.40128 0.89457 0.40128)
		3 V(442 436 431) M(0) UV(0.97521 0.47609 0.89457 0.40128 0.94706 0.40128)
		3 V(436 442 434) M(0) UV(0.89457 0.40128 0.97521 0.47609 0.76785 0.45128)
		3 V(430 434 442) M(0) UV(0.76785 0.46742 0.76785 0.45128 0.97521 0.47609)
		3 V(429 435 439) M(0) UV(0.76785 0.40128 0.76785 0.45128 0.89457 0.40128)
		3 V(439 442 431) M(0) UV(0.89457 0.40128 0.97521 0.47609 0.94706 0.40128)
		3 V(442 439 435) M(0) UV(0.97521 0.47609 0.89457 0.40128 0.76785 0.45128)
		3 V(435 430 442) M(0) UV(0.76785 0.45128 0.76785 0.46742 0.97521 0.47609)
		3 V(451 453 443) M(0) UV(0.23021 0.45128 0.10349 0.40128 0.23021 0.40128)
		3 V(459 448 453) M(0) UV(0.02285 0.47609 0.05100 0.40128 0.10349 0.40128)
		3 V(453 451 459) M(0) UV(0.10349 0.40128 0.23021 0.45128 0.02285 0.47609)
		3 V(447 459 451) M(0) UV(0.23021 0.46742 0.02285 0.47609 0.23021 0.45128)
		3 V(446 456 452) M(0) UV(0.23021 0.40128 0.10349 0.40128 0.23021 0.45128)
		3 V(456 448 459) M(0) UV(0.10349 0.40128 0.05100 0.40128 0.02285 0.47609)
		3 V(459 452 456) M(0) UV(0.02285 0.47609 0.23021 0.45128 0.10349 0.40128)
		3 V(452 459 447) M(0) UV(0.23021 0.45128 0.02285 0.47609 0.23021 0.46742)
		3 V(394 405 406) M(0) UV(0.76785 0.09260 0.89457 0.09260 0.89457 0.13670)
		3 V(394 406 395) M(0) UV(0.76785 0.09260 0.89457 0.13670 0.76785 0.13670)
		3 V(405 401 402) M(0) UV(0.89457 0.09260 0.94706 0.09260 0.94706 0.13670)
		3 V(405 402 406) M(0) UV(0.89457 0.09260 0.94706 0.13670 0.89457 0.13670)
		3 V(398 408 407) M(0) UV(0.76785 0.13670 0.89457 0.13670 0.89457 0.09260)
		3 V(398 407 399) M(0) UV(0.76785 0.13670 0.89457 0.09260 0.76785 0.09260)
		3 V(408 402 401) M(0) UV(0.89457 0.13670 0.94706 0.13670 0.94706 0.09260)
		3 V(408 401 407) M(0) UV(0.89457 0.13670 0.94706 0.09260 0.89457 0.09260)
		3 V(422 421 410) M(0) UV(0.10349 0.13670 0.10349 0.09260 0.23021 0.09260)
		3 V(422 410 411) M(0) UV(0.10349 0.13670 0.23021 0.09260 0.23021 0.13670)
		3 V(418 417 421) M(0) UV(0.05100 0.13670 0.05100 0.09260 0.10349 0.09260)
		3 V(418 421 422) M(0) UV(0.05100 0.13670 0.10349 0.09260 0.10349 0.13670)
		3 V(423 424 414) M(0) UV(0.10349 0.09260 0.10349 0.13670 0.23021 0.13670)
		3 V(423 414 415) M(0) UV(0.10349 0.09260 0.23021 0.13670 0.23021 0.09260)
		3 V(417 418 424) M(0) UV(0.05100 0.09260 0.05100 0.13670 0.10349 0.13670)
		3 V(417 424 423) M(0) UV(0.05100 0.09260 0.10349 0.13670 0.10349 0.09260)
		3 V(437 436 426) M(0) UV(0.89457 0.35718 0.89457 0.40128 0.76785 0.40128)
		3 V(437 426 427) M(0) UV(0.89457 0.35718 0.76785 0.40128 0.76785 0.35718)
		3 V(432 431 436) M(0) UV(0.94706 0.35718 0.94706 0.40128 0.89457 0.40128)
		3 V(432 436 437) M(0) UV(0.94706 0.35718 0.89457 0.40128 0.89457 0.35718)
		3 V(439 440 428) M(0) UV(0.89457 0.40128 0.89457 0.35718 0.76785 0.35718)
		3 V(439 428 429) M(0) UV(0.89457 0.40128 0.76785 0.35718 0.76785 0.40128)
		3 V(431 432 440) M(0) UV(0.94706 0.40128 0.94706 0.35718 0.89457 0.35718)
		3 V(431 440 439) M(0) UV(0.94706 0.40128 0.89457 0.35718 0.89457 0.40128)
		3 V(441 440 432) M(0) UV(0.89457 0.24694 0.89457 0.35718 0.94706 0.35718)
		3 V(441 432 433) M(0) UV(0.89457 0.24694 0.94706 0.35718 0.94706 0.24694)
		3 V(438 433 432) M(0) UV(0.89457 0.24694 0.94706 0.24694 0.94706 0.35718)
		3 V(438 432 437) M(0) UV(0.89457 0.24694 0.94706 0.35718 0.89457 0.35718)
		3 V(396 438 437) M(0) UV(0.76785 0.24694 0.89457 0.24694 0.89457 0.35718)
		3 V(396 437 427) M(0) UV(0.76785 0.24694 0.89457 0.35718 0.76785 0.35718)
		3 V(441 397 428) M(0) UV(0.89457 0.24694 0.76785 0.24694 0.76785 0.35718)
		3 V(441 428 440) M(0) UV(0.89457 0.24694 0.76785 0.35718 0.89457 0.35718)
		3 V(443 453 454) M(0) UV(0.23021 0.40128 0.10349 0.40128 0.10349 0.35718)
		3 V(443 454 444) M(0) UV(0.23021 0.40128 0.10349 0.35718 0.23021 0.35718)
		3 V(453 448 449) M(0) UV(0.10349 0.40128 0.05100 0.40128 0.05100 0.35718)
		3 V(453 449 454) M(0) UV(0.10349 0.40128 0.05100 0.35718 0.10349 0.35718)
		3 V(445 457 456) M(0) UV(0.23021 0.35718 0.10349 0.35718 0.10349 0.40128)
		3 V(445 456 446) M(0) UV(0.23021 0.35718 0.10349 0.40128 0.23021 0.40128)
		3 V(457 449 448) M(0) UV(0.10349 0.35718 0.05100 0.35718 0.05100 0.40128)
		3 V(457 448 456) M(0) UV(0.10349 0.35718 0.05100 0.40128 0.10349 0.40128)
		3 V(449 457 458) M(0) UV(0.05100 0.35718 0.10349 0.35718 0.10349 0.24694)
		3 V(449 458 450) M(0) UV(0.05100 0.35718 0.10349 0.24694 0.05100 0.24694)
		3 V(449 450 455) M(0) UV(0.05100 0.35718 0.05100 0.24694 0.10349 0.24694)
		3 V(449 455 454) M(0) UV(0.05100 0.35718 0.10349 0.24694 0.10349 0.35718)
		3 V(454 455 412) M(0) UV(0.10349 0.35718 0.10349 0.24694 0.23021 0.24694)
		3 V(454 412 444) M(0) UV(0.10349 0.35718 0.23021 0.24694 0.23021 0.35718)
		3 V(445 413 458) M(0) UV(0.23021 0.35718 0.23021 0.24694 0.10349 0.24694)
		3 V(445 458 457) M(0) UV(0.23021 0.35718 0.10349 0.24694 0.10349 0.35718)
		3 V(396 412 411) M(0) UV(0.76785 0.24694 0.23021 0.24694 0.23021 0.13670)
		3 V(396 411 395) M(0) UV(0.76785 0.24694 0.23021 0.13670 0.76785 0.13670)
		3 V(427 444 412) M(0) UV(0.76785 0.35718 0.23021 0.35718 0.23021 0.24694)
		3 V(427 412 396) M(0) UV(0.76785 0.35718 0.23021 0.24694 0.76785 0.24694)
		3 V(426 443 444) M(0) UV(0.76785 0.40128 0.23021 0.40128 0.23021 0.35718)
		3 V(426 444 427) M(0) UV(0.76785 0.40128 0.23021 0.35718 0.76785 0.35718)
		3 V(434 451 443) M(0) UV(0.76785 0.45128 0.23021 0.45128 0.23021 0.40128)
		3 V(434 443 426) M(0) UV(0.76785 0.45128 0.23021 0.40128 0.76785 0.40128)
		3 V(410 394 395) M(0) UV(0.23021 0.09260 0.76785 0.09260 0.76785 0.13670)
		3 V(410 395 411) M(0) UV(0.23021 0.09260 0.76785 0.13670 0.23021 0.13670)
		3 V(419 403 394) M(0) UV(0.23021 0.04260 0.76785 0.04260 0.76785 0.09260)
		3 V(419 394 410) M(0) UV(0.23021 0.04260 0.76785 0.09260 0.23021 0.09260)
		3 V(416 400 403) M(0) UV(0.23021 0.02645 0.76785 0.02645 0.76785 0.04260)
		3 V(416 403 419) M(0) UV(0.23021 0.02645 0.76785 0.04260 0.23021 0.04260)
		3 V(430 447 451) M(0) UV(0.76785 0.46742 0.23021 0.46742 0.23021 0.45128)
		3 V(430 451 434) M(0) UV(0.76785 0.46742 0.23021 0.45128 0.76785 0.45128)
		3 V(435 452 447) M(0) UV(0.76785 0.45128 0.23021 0.45128 0.23021 0.46742)
		3 V(435 447 430) M(0) UV(0.76785 0.45128 0.23021 0.46742 0.76785 0.46742)
		3 V(420 404 400) M(0) UV(0.23021 0.04260 0.76785 0.04260 0.76785 0.02645)
		3 V(420 400 416) M(0) UV(0.23021 0.04260 0.76785 0.02645 0.23021 0.02645)
		3 V(415 399 404) M(0) UV(0.23021 0.09260 0.76785 0.09260 0.76785 0.04260)
		3 V(415 404 420) M(0) UV(0.23021 0.09260 0.76785 0.04260 0.23021 0.04260)
		3 V(414 398 399) M(0) UV(0.23021 0.13670 0.76785 0.13670 0.76785 0.09260)
		3 V(414 399 415) M(0) UV(0.23021 0.13670 0.76785 0.09260 0.23021 0.09260)
		3 V(413 397 398) M(0) UV(0.23021 0.24694 0.76785 0.24694 0.76785 0.13670)
		3 V(413 398 414) M(0) UV(0.23021 0.24694 0.76785 0.13670 0.23021 0.13670)
		3 V(445 428 397) M(0) UV(0.23021 0.35718 0.76785 0.35718 0.76785 0.24694)
		3 V(445 397 413) M(0) UV(0.23021 0.35718 0.76785 0.24694 0.23021 0.24694)
		3 V(446 429 428) M(0) UV(0.23021 0.40128 0.76785 0.40128 0.76785 0.35718)
		3 V(446 428 445) M(0) UV(0.23021 0.40128 0.76785 0.35718 0.23021 0.35718)
		3 V(429 446 452) M(0) UV(0.76785 0.40128 0.23021 0.40128 0.23021 0.45128)
		3 V(429 452 435) M(0) UV(0.76785 0.40128 0.23021 0.45128 0.76785 0.45128)
		3 V(455 422 411) M(0) UV(0.10349 0.24694 0.10349 0.13670 0.23021 0.13670)
		3 V(455 411 412) M(0) UV(0.10349 0.24694 0.23021 0.13670 0.23021 0.24694)
		3 V(450 418 422) M(0) UV(0.05100 0.24694 0.05100 0.13670 0.10349 0.13670)
		3 V(450 422 455) M(0) UV(0.05100 0.24694 0.10349 0.13670 0.10349 0.24694)
		3 V(458 424 418) M(0) UV(0.10349 0.24694 0.10349 0.13670 0.05100 0.13670)
		3 V(458 418 450) M(0) UV(0.10349 0.24694 0.05100 0.13670 0.05100 0.24694)
		3 V(413 414 424) M(0) UV(0.23021 0.24694 0.23021 0.13670 0.10349 0.13670)
		3 V(413 424 458) M(0) UV(0.23021 0.24694 0.10349 0.13670 0.10349 0.24694)
		3 V(406 438 396) M(0) UV(0.89457 0.13670 0.89457 0.24694 0.76785 0.24694)
		3 V(406 396 395) M(0) UV(0.89457 0.13670 0.76785 0.24694 0.76785 0.13670)
		3 V(402 433 438) M(0) UV(0.94706 0.13670 0.94706 0.24694 0.89457 0.24694)
		3 V(402 438 406) M(0) UV(0.94706 0.13670 0.89457 0.24694 0.89457 0.13670)
		3 V(408 441 433) M(0) UV(0.89457 0.13670 0.89457 0.24694 0.94706 0.24694)
		3 V(408 433 402) M(0) UV(0.89457 0.13670 0.94706 0.24694 0.94706 0.13670)
		3 V(398 397 441) M(0) UV(0.76785 0.13670 0.76785 0.24694 0.89457 0.24694)
		3 V(398 441 408) M(0) UV(0.76785 0.13670 0.89457 0.24694 0.89457 0.13670)
	}
}
Eof
