Metasequoia Document
Format Text Ver 1.1

Scene {
	pos -15.8050 10.7129 1421.1823
	lookat 1.4293 55.8927 33.3291
	head -0.6636
	pich 0.2436
	bank 0.0000
	ortho 0
	zoom2 5.2773
	amb 0.250 0.250 0.250
	dirlights 1 {
		light {
			dir 0.408 0.408 0.816
			color 1.000 1.000 1.000
		}
	}
}
Material 1 {
	"mat1" shader(3) col(1.000 1.000 1.000 1.000) dif(0.800) amb(0.600) emi(0.000) spc(0.000) power(5.00) tex("..\..\textures\vehicles\gau-19b.png")
}
Object "$body" {
	depth 0
	folding 0
	scale 1.000000 1.000000 1.000000
	rotation 0.000000 0.000000 0.000000
	translation 0.000000 0.000000 0.000000
	visible 15
	locking 0
	shading 1
	facet 59.5
	color 0.898 0.498 0.698
	color_type 0
	vertex 82 {
		0.0000 67.9006 13.8283
		12.1076 67.9006 7.7841
		12.1076 67.9006 -7.9639
		0.0000 67.9006 -14.1331
		-12.1077 67.9006 -7.1428
		-12.1077 67.9006 6.8380
		0.0000 51.7812 13.8283
		12.1076 51.7812 7.7841
		12.1076 51.7812 -7.9639
		0.0000 51.7812 -14.1331
		-12.1077 51.7812 -7.1428
		-12.1077 51.7812 6.8380
		0.0000 51.7812 -0.1524
		0.0000 51.7145 5.9576
		6.1544 51.7145 -0.1968
		0.0000 51.7145 -6.3512
		-6.1544 51.7145 -0.1968
		0.0000 -14.4072 5.9576
		6.1544 -14.4072 -0.1968
		0.0000 -14.4072 -6.3512
		-6.1544 -14.4072 -0.1968
		0.0000 -14.4072 -0.1968
		22.0121 -10.4634 -0.5135
		23.9918 -4.5601 -0.5135
		27.1953 -6.8150 -0.5135
		27.1953 -14.1119 -0.5135
		23.9918 -16.3667 -0.5135
		15.5648 -10.4634 15.0514
		16.9648 -4.5601 16.4513
		19.2300 -6.8150 18.7164
		19.2300 -14.1119 18.7164
		16.9648 -16.3667 16.4513
		0.0000 -10.4634 21.4985
		0.0000 -4.5601 23.4783
		0.0000 -6.8150 26.6817
		0.0000 -14.1119 26.6817
		0.0000 -16.3667 23.4783
		-15.5648 -10.4634 15.0514
		-16.9648 -4.5601 16.4513
		-19.2300 -6.8150 18.7164
		-19.2300 -14.1119 18.7164
		-16.9648 -16.3667 16.4513
		-22.0121 -10.4634 -0.5135
		-23.9918 -4.5601 -0.5135
		-27.1953 -6.8150 -0.5135
		-27.1953 -14.1119 -0.5135
		-23.9918 -16.3667 -0.5135
		-15.5648 -10.4634 -16.0783
		-16.9648 -4.5601 -17.4783
		-19.2300 -6.8150 -19.7434
		-19.2300 -14.1119 -19.7434
		-16.9648 -16.3667 -17.4783
		0.0000 -10.4634 -22.5255
		0.0000 -4.5601 -24.5053
		0.0000 -6.8150 -27.7087
		0.0000 -14.1119 -27.7087
		0.0000 -16.3667 -24.5053
		15.5648 -10.4634 -16.0783
		16.9648 -4.5601 -17.4783
		19.2300 -6.8150 -19.7434
		19.2300 -14.1119 -19.7434
		16.9648 -16.3667 -17.4783
		0.0000 -5.8706 5.9576
		6.1544 -5.8706 -0.1968
		0.0000 -5.8706 -6.3512
		-6.1544 -5.8706 -0.1968
		-13.7826 -14.4072 18.8213
		-19.9370 -14.4072 12.6669
		-13.7826 -5.8706 18.8213
		-19.9370 -5.8706 12.6669
		14.0200 -14.4072 19.2512
		20.1745 -14.4072 13.0968
		14.0200 -5.8706 19.2512
		20.1745 -5.8706 13.0968
		-12.7080 -14.4072 -21.5050
		-18.8624 -14.4072 -15.3506
		-12.7080 -5.8706 -21.5050
		-18.8624 -5.8706 -15.3506
		19.9595 -14.4072 -14.7058
		13.8051 -14.4072 -20.8602
		19.9595 -5.8706 -14.7058
		13.8051 -5.8706 -20.8602
	}
	face 142 {
		3 V(12 6 7) M(0) UV(0.57206 0.21671 0.52386 0.21671 0.54470 0.21671)
		3 V(12 7 8) M(0) UV(0.57206 0.21671 0.54470 0.21671 0.59899 0.21671)
		3 V(12 8 9) M(0) UV(0.57206 0.21671 0.59899 0.21671 0.62026 0.21671)
		3 V(12 9 10) M(0) UV(0.57206 0.21671 0.62026 0.21671 0.59616 0.21671)
		3 V(12 10 11) M(0) UV(0.57206 0.21671 0.59616 0.21671 0.54796 0.21671)
		3 V(12 11 6) M(0) UV(0.57206 0.21671 0.54796 0.21671 0.52386 0.21671)
		3 V(21 17 18) M(0) UV(0.57221 0.44489 0.55099 0.44489 0.57221 0.44489)
		3 V(21 18 19) M(0) UV(0.57221 0.44489 0.57221 0.44489 0.59343 0.44489)
		3 V(21 19 20) M(0) UV(0.57221 0.44489 0.59343 0.44489 0.57221 0.44489)
		3 V(21 20 17) M(0) UV(0.57221 0.44489 0.57221 0.44489 0.55099 0.44489)
		3 V(6 0 1) M(0) UV(0.52386 0.21671 0.52386 0.16113 0.54470 0.16113)
		3 V(6 1 7) M(0) UV(0.52386 0.21671 0.54470 0.16113 0.54470 0.21671)
		3 V(7 1 2) M(0) UV(0.54470 0.21671 0.54470 0.16113 0.59899 0.16113)
		3 V(7 2 8) M(0) UV(0.54470 0.21671 0.59899 0.16113 0.59899 0.21671)
		3 V(8 2 3) M(0) UV(0.59899 0.21671 0.59899 0.16113 0.62026 0.16113)
		3 V(8 3 9) M(0) UV(0.59899 0.21671 0.62026 0.16113 0.62026 0.21671)
		3 V(9 3 4) M(0) UV(0.62026 0.21671 0.62026 0.16113 0.59616 0.16113)
		3 V(9 4 10) M(0) UV(0.62026 0.21671 0.59616 0.16113 0.59616 0.21671)
		3 V(10 4 5) M(0) UV(0.59616 0.21671 0.59616 0.16113 0.54796 0.16113)
		3 V(10 5 11) M(0) UV(0.59616 0.21671 0.54796 0.16113 0.54796 0.21671)
		3 V(11 5 0) M(0) UV(0.54796 0.21671 0.54796 0.16113 0.52386 0.16113)
		3 V(11 0 6) M(0) UV(0.54796 0.21671 0.52386 0.16113 0.52386 0.21671)
		3 V(23 28 27) M(0) UV(0.57330 0.41095 0.51482 0.41095 0.51964 0.43130)
		3 V(23 27 22) M(0) UV(0.57330 0.41095 0.51964 0.43130 0.57330 0.43130)
		3 V(24 29 28) M(0) UV(0.57330 0.41872 0.50701 0.41872 0.51482 0.41095)
		3 V(24 28 23) M(0) UV(0.57330 0.41872 0.51482 0.41095 0.57330 0.41095)
		3 V(25 30 29) M(0) UV(0.57330 0.44388 0.50701 0.44388 0.50701 0.41872)
		3 V(25 29 24) M(0) UV(0.57330 0.44388 0.50701 0.41872 0.57330 0.41872)
		3 V(26 31 30) M(0) UV(0.57330 0.45165 0.51482 0.45165 0.50701 0.44388)
		3 V(26 30 25) M(0) UV(0.57330 0.45165 0.50701 0.44388 0.57330 0.44388)
		3 V(22 27 31) M(0) UV(0.57330 0.43130 0.51964 0.43130 0.51482 0.45165)
		3 V(22 31 26) M(0) UV(0.57330 0.43130 0.51482 0.45165 0.57330 0.45165)
		3 V(28 33 32) M(0) UV(0.51482 0.41095 0.49059 0.41095 0.49742 0.43130)
		3 V(28 32 27) M(0) UV(0.51482 0.41095 0.49742 0.43130 0.51964 0.43130)
		3 V(29 34 33) M(0) UV(0.50701 0.41872 0.47955 0.41872 0.49059 0.41095)
		3 V(29 33 28) M(0) UV(0.50701 0.41872 0.49059 0.41095 0.51482 0.41095)
		3 V(30 35 34) M(0) UV(0.50701 0.44388 0.47955 0.44388 0.47955 0.41872)
		3 V(30 34 29) M(0) UV(0.50701 0.44388 0.47955 0.41872 0.50701 0.41872)
		3 V(31 36 35) M(0) UV(0.51482 0.45165 0.49059 0.45165 0.47955 0.44388)
		3 V(31 35 30) M(0) UV(0.51482 0.45165 0.47955 0.44388 0.50701 0.44388)
		3 V(27 32 36) M(0) UV(0.51964 0.43130 0.49742 0.43130 0.49059 0.45165)
		3 V(27 36 31) M(0) UV(0.51964 0.43130 0.49059 0.45165 0.51482 0.45165)
		3 V(33 38 37) M(0) UV(0.49059 0.41095 0.51482 0.41095 0.51964 0.43130)
		3 V(33 37 32) M(0) UV(0.49059 0.41095 0.51964 0.43130 0.49742 0.43130)
		3 V(34 39 38) M(0) UV(0.47955 0.41872 0.50701 0.41872 0.51482 0.41095)
		3 V(34 38 33) M(0) UV(0.47955 0.41872 0.51482 0.41095 0.49059 0.41095)
		3 V(35 40 39) M(0) UV(0.47955 0.44388 0.50701 0.44388 0.50701 0.41872)
		3 V(35 39 34) M(0) UV(0.47955 0.44388 0.50701 0.41872 0.47955 0.41872)
		3 V(36 41 40) M(0) UV(0.49059 0.45165 0.51482 0.45165 0.50701 0.44388)
		3 V(36 40 35) M(0) UV(0.49059 0.45165 0.50701 0.44388 0.47955 0.44388)
		3 V(32 37 41) M(0) UV(0.49742 0.43130 0.51964 0.43130 0.51482 0.45165)
		3 V(32 41 36) M(0) UV(0.49742 0.43130 0.51482 0.45165 0.49059 0.45165)
		3 V(38 43 42) M(0) UV(0.51482 0.41095 0.57330 0.41095 0.57330 0.43130)
		3 V(38 42 37) M(0) UV(0.51482 0.41095 0.57330 0.43130 0.51964 0.43130)
		3 V(39 44 43) M(0) UV(0.50701 0.41872 0.57330 0.41872 0.57330 0.41095)
		3 V(39 43 38) M(0) UV(0.50701 0.41872 0.57330 0.41095 0.51482 0.41095)
		3 V(40 45 44) M(0) UV(0.50701 0.44388 0.57330 0.44388 0.57330 0.41872)
		3 V(40 44 39) M(0) UV(0.50701 0.44388 0.57330 0.41872 0.50701 0.41872)
		3 V(41 46 45) M(0) UV(0.51482 0.45165 0.57330 0.45165 0.57330 0.44388)
		3 V(41 45 40) M(0) UV(0.51482 0.45165 0.57330 0.44388 0.50701 0.44388)
		3 V(37 42 46) M(0) UV(0.51964 0.43130 0.57330 0.43130 0.57330 0.45165)
		3 V(37 46 41) M(0) UV(0.51964 0.43130 0.57330 0.45165 0.51482 0.45165)
		3 V(43 48 47) M(0) UV(0.57330 0.41095 0.63179 0.41095 0.62696 0.43130)
		3 V(43 47 42) M(0) UV(0.57330 0.41095 0.62696 0.43130 0.57330 0.43130)
		3 V(44 49 48) M(0) UV(0.57330 0.41872 0.63960 0.41872 0.63179 0.41095)
		3 V(44 48 43) M(0) UV(0.57330 0.41872 0.63179 0.41095 0.57330 0.41095)
		3 V(45 50 49) M(0) UV(0.57330 0.44388 0.63960 0.44388 0.63960 0.41872)
		3 V(45 49 44) M(0) UV(0.57330 0.44388 0.63960 0.41872 0.57330 0.41872)
		3 V(46 51 50) M(0) UV(0.57330 0.45165 0.63179 0.45165 0.63960 0.44388)
		3 V(46 50 45) M(0) UV(0.57330 0.45165 0.63960 0.44388 0.57330 0.44388)
		3 V(42 47 51) M(0) UV(0.57330 0.43130 0.62696 0.43130 0.63179 0.45165)
		3 V(42 51 46) M(0) UV(0.57330 0.43130 0.63179 0.45165 0.57330 0.45165)
		3 V(48 53 52) M(0) UV(0.63179 0.41095 0.65602 0.41095 0.64919 0.43130)
		3 V(48 52 47) M(0) UV(0.63179 0.41095 0.64919 0.43130 0.62696 0.43130)
		3 V(49 54 53) M(0) UV(0.63960 0.41872 0.66706 0.41872 0.65602 0.41095)
		3 V(49 53 48) M(0) UV(0.63960 0.41872 0.65602 0.41095 0.63179 0.41095)
		3 V(50 55 54) M(0) UV(0.63960 0.44388 0.66706 0.44388 0.66706 0.41872)
		3 V(50 54 49) M(0) UV(0.63960 0.44388 0.66706 0.41872 0.63960 0.41872)
		3 V(51 56 55) M(0) UV(0.63179 0.45165 0.65602 0.45165 0.66706 0.44388)
		3 V(51 55 50) M(0) UV(0.63179 0.45165 0.66706 0.44388 0.63960 0.44388)
		3 V(47 52 56) M(0) UV(0.62696 0.43130 0.64919 0.43130 0.65602 0.45165)
		3 V(47 56 51) M(0) UV(0.62696 0.43130 0.65602 0.45165 0.63179 0.45165)
		3 V(53 58 57) M(0) UV(0.65602 0.41095 0.63179 0.41095 0.62696 0.43130)
		3 V(53 57 52) M(0) UV(0.65602 0.41095 0.62696 0.43130 0.64919 0.43130)
		3 V(54 59 58) M(0) UV(0.66706 0.41872 0.63960 0.41872 0.63179 0.41095)
		3 V(54 58 53) M(0) UV(0.66706 0.41872 0.63179 0.41095 0.65602 0.41095)
		3 V(55 60 59) M(0) UV(0.66706 0.44388 0.63960 0.44388 0.63960 0.41872)
		3 V(55 59 54) M(0) UV(0.66706 0.44388 0.63960 0.41872 0.66706 0.41872)
		3 V(56 61 60) M(0) UV(0.65602 0.45165 0.63179 0.45165 0.63960 0.44388)
		3 V(56 60 55) M(0) UV(0.65602 0.45165 0.63960 0.44388 0.66706 0.44388)
		3 V(52 57 61) M(0) UV(0.64919 0.43130 0.62696 0.43130 0.63179 0.45165)
		3 V(52 61 56) M(0) UV(0.64919 0.43130 0.63179 0.45165 0.65602 0.45165)
		3 V(58 23 22) M(0) UV(0.63179 0.41095 0.57330 0.41095 0.57330 0.43130)
		3 V(58 22 57) M(0) UV(0.63179 0.41095 0.57330 0.43130 0.62696 0.43130)
		3 V(59 24 23) M(0) UV(0.63960 0.41872 0.57330 0.41872 0.57330 0.41095)
		3 V(59 23 58) M(0) UV(0.63960 0.41872 0.57330 0.41095 0.63179 0.41095)
		3 V(60 25 24) M(0) UV(0.63960 0.44388 0.57330 0.44388 0.57330 0.41872)
		3 V(60 24 59) M(0) UV(0.63960 0.44388 0.57330 0.41872 0.63960 0.41872)
		3 V(61 26 25) M(0) UV(0.63179 0.45165 0.57330 0.45165 0.57330 0.44388)
		3 V(61 25 60) M(0) UV(0.63179 0.45165 0.57330 0.44388 0.63960 0.44388)
		3 V(57 22 26) M(0) UV(0.62696 0.43130 0.57330 0.43130 0.57330 0.45165)
		3 V(57 26 61) M(0) UV(0.62696 0.43130 0.57330 0.45165 0.63179 0.45165)
		3 V(62 13 14) M(0) UV(0.55099 0.41546 0.55099 0.21694 0.57221 0.21694)
		3 V(62 14 63) M(0) UV(0.55099 0.41546 0.57221 0.21694 0.57221 0.41546)
		3 V(63 14 15) M(0) UV(0.57221 0.41546 0.57221 0.21694 0.59343 0.21694)
		3 V(63 15 64) M(0) UV(0.57221 0.41546 0.59343 0.21694 0.59343 0.41546)
		3 V(64 15 16) M(0) UV(0.59343 0.41546 0.59343 0.21694 0.57221 0.21694)
		3 V(64 16 65) M(0) UV(0.59343 0.41546 0.57221 0.21694 0.57221 0.41546)
		3 V(65 16 13) M(0) UV(0.57221 0.41546 0.57221 0.21694 0.55099 0.21694)
		3 V(65 13 62) M(0) UV(0.57221 0.41546 0.55099 0.21694 0.55099 0.41546)
		3 V(68 62 17) M(0) UV(0.50664 0.41546 0.55099 0.41546 0.55099 0.44489)
		3 V(68 17 66) M(0) UV(0.50664 0.41546 0.55099 0.44489 0.50664 0.44489)
		3 V(66 17 20) M(0) UV(0.50664 0.44489 0.55099 0.44489 0.57221 0.44489)
		3 V(66 20 67) M(0) UV(0.50664 0.44489 0.57221 0.44489 0.52786 0.44489)
		3 V(67 20 65) M(0) UV(0.52786 0.44489 0.57221 0.44489 0.57221 0.41546)
		3 V(67 65 69) M(0) UV(0.52786 0.44489 0.57221 0.41546 0.52786 0.41546)
		3 V(69 65 62) M(0) UV(0.52786 0.41546 0.57221 0.41546 0.55099 0.41546)
		3 V(69 62 68) M(0) UV(0.52786 0.41546 0.55099 0.41546 0.50664 0.41546)
		3 V(73 63 18) M(0) UV(0.52638 0.41546 0.57221 0.41546 0.57221 0.44489)
		3 V(73 18 71) M(0) UV(0.52638 0.41546 0.57221 0.44489 0.52638 0.44489)
		3 V(71 18 17) M(0) UV(0.52638 0.44489 0.57221 0.44489 0.55099 0.44489)
		3 V(71 17 70) M(0) UV(0.52638 0.44489 0.55099 0.44489 0.50516 0.44489)
		3 V(70 17 62) M(0) UV(0.50516 0.44489 0.55099 0.44489 0.55099 0.41546)
		3 V(70 62 72) M(0) UV(0.50516 0.44489 0.55099 0.41546 0.50516 0.41546)
		3 V(72 62 63) M(0) UV(0.50516 0.41546 0.55099 0.41546 0.57221 0.41546)
		3 V(72 63 73) M(0) UV(0.50516 0.41546 0.57221 0.41546 0.52638 0.41546)
		3 V(77 65 20) M(0) UV(0.62445 0.41546 0.57221 0.41546 0.57221 0.44489)
		3 V(77 20 75) M(0) UV(0.62445 0.41546 0.57221 0.44489 0.62445 0.44489)
		3 V(75 20 19) M(0) UV(0.62445 0.44489 0.57221 0.44489 0.59343 0.44489)
		3 V(75 19 74) M(0) UV(0.62445 0.44489 0.59343 0.44489 0.64567 0.44489)
		3 V(74 19 64) M(0) UV(0.64567 0.44489 0.59343 0.44489 0.59343 0.41546)
		3 V(74 64 76) M(0) UV(0.64567 0.44489 0.59343 0.41546 0.64567 0.41546)
		3 V(76 64 65) M(0) UV(0.64567 0.41546 0.59343 0.41546 0.57221 0.41546)
		3 V(76 65 77) M(0) UV(0.64567 0.41546 0.57221 0.41546 0.62445 0.41546)
		3 V(81 64 19) M(0) UV(0.64345 0.41546 0.59343 0.41546 0.59343 0.44489)
		3 V(81 19 79) M(0) UV(0.64345 0.41546 0.59343 0.44489 0.64345 0.44489)
		3 V(79 19 18) M(0) UV(0.64345 0.44489 0.59343 0.44489 0.57221 0.44489)
		3 V(79 18 78) M(0) UV(0.64345 0.44489 0.57221 0.44489 0.62223 0.44489)
		3 V(78 18 63) M(0) UV(0.62223 0.44489 0.57221 0.44489 0.57221 0.41546)
		3 V(78 63 80) M(0) UV(0.62223 0.44489 0.57221 0.41546 0.62223 0.41546)
		3 V(80 63 64) M(0) UV(0.62223 0.41546 0.57221 0.41546 0.59343 0.41546)
		3 V(80 64 81) M(0) UV(0.62223 0.41546 0.59343 0.41546 0.64345 0.41546)
	}
}
Object "$part0" {
	depth 0
	folding 0
	scale 1.000000 1.000000 1.000000
	rotation 0.000000 0.000000 0.000000
	translation 0.000000 0.000000 0.000000
	visible 15
	locking 0
	shading 1
	facet 59.5
	color 0.898 0.498 0.698
	color_type 0
	vertex 70 {
		13.5502 95.8424 7.3582
		13.5502 90.7580 5.2521
		13.5502 88.6519 0.1675
		13.5502 90.7580 -4.9170
		13.5502 95.8424 -7.0231
		13.5502 100.9270 -4.9170
		13.5502 103.0332 0.1675
		13.5502 100.9270 5.2521
		6.9223 95.8424 7.3582
		6.9223 90.7580 5.2521
		6.9223 88.6519 0.1675
		6.9223 90.7580 -4.9170
		6.9223 95.8424 -7.0231
		6.9223 100.9270 -4.9170
		6.9223 103.0332 0.1675
		6.9223 100.9270 5.2521
		6.9223 95.8424 0.1675
		13.4836 103.8969 7.7841
		13.4836 72.8470 7.7841
		20.1015 103.8969 7.7841
		20.1015 72.8438 7.7841
		20.1015 103.8969 -7.9639
		20.1015 72.8438 -7.9639
		13.4836 103.8969 -7.9639
		13.4836 72.8470 -7.9639
		0.0000 72.8496 -0.1524
		0.0000 72.8496 13.8283
		12.1076 72.8496 7.7841
		12.1076 72.8496 -7.9639
		0.0000 72.8496 -14.1331
		-12.1077 72.8496 -7.1428
		-12.1077 72.8496 6.8380
		0.0000 67.9006 13.8283
		12.1076 67.9006 7.7841
		12.1076 67.9006 -7.9639
		0.0000 67.9006 -14.1331
		-12.1077 67.9006 -7.1428
		-12.1077 67.9006 6.8380
		20.1015 67.8914 7.7841
		20.1015 67.8914 -7.9639
		20.1015 72.8438 29.0613
		12.1076 72.8496 29.0613
		12.1076 67.9006 29.0613
		20.1015 67.8914 29.0613
		-12.2881 77.2166 34.2421
		12.2881 77.2166 34.2421
		-66.7374 50.9352 34.2421
		-12.2881 50.9352 34.2421
		12.2881 50.9352 34.2421
		66.7374 50.9352 34.2421
		12.2881 77.2166 29.0833
		-12.2881 77.2166 29.0833
		66.7374 50.9352 29.0833
		12.2881 50.9352 29.0833
		-12.2881 50.9352 29.0833
		-66.7374 50.9352 29.0833
		-66.7374 128.1521 34.2421
		-12.2881 128.1521 34.2421
		12.2881 128.1521 34.2421
		66.7374 128.1521 34.2421
		66.7374 128.1521 29.0833
		12.2881 128.1521 29.0833
		-12.2881 128.1521 29.0833
		-66.7374 128.1521 29.0833
		12.1076 72.8496 24.5132
		12.1076 67.9006 24.5132
		-22.0643 72.8496 29.0613
		-22.0643 67.9006 29.0613
		-22.0643 72.8496 24.5132
		-22.0643 67.9006 24.5132
	}
	face 104 {
		3 V(16 8 9) M(0) UV(0.38886 0.38228 0.36407 0.38228 0.37133 0.39981)
		3 V(16 9 10) M(0) UV(0.38886 0.38228 0.37133 0.39981 0.38886 0.40707)
		3 V(16 10 11) M(0) UV(0.38886 0.38228 0.38886 0.40707 0.40639 0.39981)
		3 V(16 11 12) M(0) UV(0.38886 0.38228 0.40639 0.39981 0.41365 0.38228)
		3 V(16 12 13) M(0) UV(0.38886 0.38228 0.41365 0.38228 0.40639 0.36475)
		3 V(16 13 14) M(0) UV(0.38886 0.38228 0.40639 0.36475 0.38886 0.35749)
		3 V(16 14 15) M(0) UV(0.38886 0.38228 0.38886 0.35749 0.37133 0.36475)
		3 V(16 15 8) M(0) UV(0.38886 0.38228 0.37133 0.36475 0.36407 0.38228)
		3 V(25 27 26) M(0) UV(0.38996 0.46155 0.36260 0.46155 0.34176 0.46155)
		3 V(25 28 27) M(0) UV(0.38996 0.46155 0.41689 0.46155 0.36260 0.46155)
		3 V(25 29 28) M(0) UV(0.38996 0.46155 0.43816 0.46155 0.41689 0.46155)
		3 V(25 30 29) M(0) UV(0.38996 0.46155 0.41406 0.46155 0.43816 0.46155)
		3 V(25 31 30) M(0) UV(0.38996 0.46155 0.36586 0.46155 0.41406 0.46155)
		3 V(25 26 31) M(0) UV(0.38996 0.46155 0.34176 0.46155 0.36586 0.46155)
		3 V(1 9 8) M(0) UV(0.37133 0.39981 0.37133 0.39981 0.36407 0.38228)
		3 V(1 8 0) M(0) UV(0.37133 0.39981 0.36407 0.38228 0.36407 0.38228)
		3 V(2 10 9) M(0) UV(0.38886 0.40707 0.38886 0.40707 0.37133 0.39981)
		3 V(2 9 1) M(0) UV(0.38886 0.40707 0.37133 0.39981 0.37133 0.39981)
		3 V(3 11 10) M(0) UV(0.40639 0.39981 0.40639 0.39981 0.38886 0.40707)
		3 V(3 10 2) M(0) UV(0.40639 0.39981 0.38886 0.40707 0.38886 0.40707)
		3 V(4 12 11) M(0) UV(0.41365 0.38228 0.41365 0.38228 0.40639 0.39981)
		3 V(4 11 3) M(0) UV(0.41365 0.38228 0.40639 0.39981 0.40639 0.39981)
		3 V(5 13 12) M(0) UV(0.40639 0.36475 0.40639 0.36475 0.41365 0.38228)
		3 V(5 12 4) M(0) UV(0.40639 0.36475 0.41365 0.38228 0.41365 0.38228)
		3 V(6 14 13) M(0) UV(0.38886 0.35749 0.38886 0.35749 0.40639 0.36475)
		3 V(6 13 5) M(0) UV(0.38886 0.35749 0.40639 0.36475 0.40639 0.36475)
		3 V(7 15 14) M(0) UV(0.37133 0.36475 0.37133 0.36475 0.38886 0.35749)
		3 V(7 14 6) M(0) UV(0.37133 0.36475 0.38886 0.35749 0.38886 0.35749)
		3 V(0 8 15) M(0) UV(0.36407 0.38228 0.36407 0.38228 0.37133 0.36475)
		3 V(0 15 7) M(0) UV(0.36407 0.38228 0.37133 0.36475 0.37133 0.36475)
		3 V(19 20 18) M(0) UV(0.36260 0.35451 0.36260 0.46157 0.36260 0.46156)
		3 V(19 18 17) M(0) UV(0.36260 0.35451 0.36260 0.46156 0.36260 0.35451)
		3 V(21 22 20) M(0) UV(0.41689 0.35451 0.41689 0.46157 0.36260 0.46157)
		3 V(21 20 19) M(0) UV(0.41689 0.35451 0.36260 0.46157 0.36260 0.35451)
		3 V(23 24 22) M(0) UV(0.41689 0.35451 0.41689 0.46156 0.41689 0.46157)
		3 V(23 22 21) M(0) UV(0.41689 0.35451 0.41689 0.46157 0.41689 0.35451)
		3 V(17 18 24) M(0) UV(0.36260 0.35451 0.36260 0.46156 0.41689 0.46156)
		3 V(17 24 23) M(0) UV(0.36260 0.35451 0.41689 0.46156 0.41689 0.35451)
		3 V(21 19 17) M(0) UV(0.41689 0.35451 0.36260 0.35451 0.36260 0.35451)
		3 V(21 17 23) M(0) UV(0.41689 0.35451 0.36260 0.35451 0.41689 0.35451)
		3 V(20 22 24) M(0) UV(0.36260 0.46157 0.41689 0.46157 0.41689 0.46156)
		3 V(20 24 18) M(0) UV(0.36260 0.46157 0.41689 0.46156 0.36260 0.46156)
		3 V(27 33 32) M(0) UV(0.36260 0.46155 0.36260 0.47861 0.34176 0.47861)
		3 V(27 32 26) M(0) UV(0.36260 0.46155 0.34176 0.47861 0.34176 0.46155)
		3 V(29 35 34) M(0) UV(0.43816 0.46155 0.43816 0.47861 0.41689 0.47861)
		3 V(29 34 28) M(0) UV(0.43816 0.46155 0.41689 0.47861 0.41689 0.46155)
		3 V(30 36 35) M(0) UV(0.41406 0.46155 0.41406 0.47861 0.43816 0.47861)
		3 V(30 35 29) M(0) UV(0.41406 0.46155 0.43816 0.47861 0.43816 0.46155)
		3 V(31 37 36) M(0) UV(0.36586 0.46155 0.36586 0.47861 0.41406 0.47861)
		3 V(31 36 30) M(0) UV(0.36586 0.46155 0.41406 0.47861 0.41406 0.46155)
		3 V(26 32 37) M(0) UV(0.34176 0.46155 0.34176 0.47861 0.36586 0.47861)
		3 V(26 37 31) M(0) UV(0.34176 0.46155 0.36586 0.47861 0.36586 0.46155)
		3 V(20 27 28) M(0) UV(0.36260 0.46157 0.36260 0.46155 0.41689 0.46155)
		3 V(20 28 22) M(0) UV(0.36260 0.46157 0.41689 0.46155 0.41689 0.46157)
		3 V(22 28 34) M(0) UV(0.41689 0.46157 0.41689 0.46155 0.41689 0.47861)
		3 V(22 34 39) M(0) UV(0.41689 0.46157 0.41689 0.47861 0.41689 0.47864)
		3 V(39 34 33) M(0) UV(0.41689 0.47864 0.41689 0.47861 0.36260 0.47861)
		3 V(39 33 38) M(0) UV(0.41689 0.47864 0.36260 0.47861 0.36260 0.47864)
		3 V(22 39 38) M(0) UV(0.41689 0.46157 0.41689 0.47864 0.36260 0.47864)
		3 V(22 38 20) M(0) UV(0.41689 0.46157 0.36260 0.47864 0.36260 0.46157)
		3 V(40 20 38) M(0) UV(0.28925 0.46157 0.36260 0.46157 0.36260 0.47864)
		3 V(40 38 43) M(0) UV(0.28925 0.46157 0.36260 0.47864 0.28925 0.47864)
		3 V(43 38 33) M(0) UV(0.28925 0.47864 0.36260 0.47864 0.36260 0.47861)
		3 V(43 33 42) M(0) UV(0.28925 0.47864 0.36260 0.47861 0.28925 0.47861)
		3 V(41 27 20) M(0) UV(0.28925 0.46155 0.36260 0.46155 0.36260 0.46157)
		3 V(41 20 40) M(0) UV(0.28925 0.46155 0.36260 0.46157 0.28925 0.46157)
		3 V(45 48 47) M(0) UV(0.29400 0.88276 0.29400 0.97337 0.20927 0.97337)
		3 V(45 47 44) M(0) UV(0.29400 0.88276 0.20927 0.97337 0.20927 0.88276)
		3 V(51 54 53) M(0) UV(0.20927 0.88276 0.20927 0.97337 0.29400 0.97337)
		3 V(51 53 50) M(0) UV(0.20927 0.88276 0.29400 0.97337 0.29400 0.88276)
		3 V(50 45 44) M(0) UV(0.29400 0.88276 0.29400 0.88276 0.20927 0.88276)
		3 V(50 44 51) M(0) UV(0.29400 0.88276 0.20927 0.88276 0.20927 0.88276)
		3 V(62 51 44) M(0) UV(0.20927 0.70716 0.20927 0.88276 0.20927 0.88276)
		3 V(62 44 57) M(0) UV(0.20927 0.70716 0.20927 0.88276 0.20927 0.70716)
		3 V(62 57 56) M(0) UV(0.20927 0.70716 0.20927 0.70716 0.02155 0.70716)
		3 V(62 56 63) M(0) UV(0.20927 0.70716 0.02155 0.70716 0.02155 0.70716)
		3 V(58 45 50) M(0) UV(0.29400 0.70716 0.29400 0.88276 0.29400 0.88276)
		3 V(58 50 61) M(0) UV(0.29400 0.70716 0.29400 0.88276 0.29400 0.70716)
		3 V(60 59 58) M(0) UV(0.48172 0.70716 0.48172 0.70716 0.29400 0.70716)
		3 V(60 58 61) M(0) UV(0.48172 0.70716 0.29400 0.70716 0.29400 0.70716)
		3 V(57 47 46) M(0) UV(0.20927 0.70716 0.20927 0.97337 0.02155 0.97337)
		3 V(57 46 56) M(0) UV(0.20927 0.70716 0.02155 0.97337 0.02155 0.70716)
		3 V(59 49 48) M(0) UV(0.48172 0.70716 0.48172 0.97337 0.29400 0.97337)
		3 V(59 48 58) M(0) UV(0.48172 0.70716 0.29400 0.97337 0.29400 0.70716)
		3 V(61 53 52) M(0) UV(0.29400 0.70716 0.29400 0.97337 0.48172 0.97337)
		3 V(61 52 60) M(0) UV(0.29400 0.70716 0.48172 0.97337 0.48172 0.70716)
		3 V(55 54 62) M(0) UV(0.02155 0.97337 0.20927 0.97337 0.20927 0.70716)
		3 V(55 62 63) M(0) UV(0.02155 0.97337 0.20927 0.70716 0.02155 0.70716)
		3 V(60 52 49) M(0) UV(0.48172 0.70716 0.48172 0.97337 0.48172 0.97337)
		3 V(60 49 59) M(0) UV(0.48172 0.70716 0.48172 0.97337 0.48172 0.70716)
		3 V(55 63 56) M(0) UV(0.02155 0.97337 0.02155 0.70716 0.02155 0.70716)
		3 V(55 56 46) M(0) UV(0.02155 0.97337 0.02155 0.70716 0.02155 0.97337)
		3 V(52 55 46) M(0) UV(0.48172 0.97337 0.02155 0.97337 0.02155 0.97337)
		3 V(52 46 49) M(0) UV(0.48172 0.97337 0.02155 0.97337 0.48172 0.97337)
		3 V(33 27 64) M(0) UV(0.36260 0.47861 0.36260 0.46155 0.30493 0.46155)
		3 V(33 64 65) M(0) UV(0.36260 0.47861 0.30493 0.46155 0.30493 0.47861)
		3 V(69 65 64) M(0) UV(0.30493 0.47861 0.30493 0.47861 0.30493 0.46155)
		3 V(69 64 68) M(0) UV(0.30493 0.47861 0.30493 0.46155 0.30493 0.46155)
		3 V(68 64 41) M(0) UV(0.30493 0.46155 0.30493 0.46155 0.28925 0.46155)
		3 V(68 41 66) M(0) UV(0.30493 0.46155 0.28925 0.46155 0.28925 0.46155)
		3 V(67 42 65) M(0) UV(0.28925 0.47861 0.28925 0.47861 0.30493 0.47861)
		3 V(67 65 69) M(0) UV(0.28925 0.47861 0.30493 0.47861 0.30493 0.47861)
		3 V(68 66 67) M(0) UV(0.30493 0.46155 0.28925 0.46155 0.28925 0.47861)
		3 V(68 67 69) M(0) UV(0.30493 0.46155 0.28925 0.47861 0.30493 0.47861)
	}
}
Object "$part1" {
	depth 0
	folding 0
	scale 1.000000 1.000000 1.000000
	rotation 0.000000 0.000000 0.000000
	translation 0.000000 0.000000 0.000000
	visible 15
	locking 0
	shading 1
	facet 59.5
	color 0.898 0.498 0.698
	color_type 0
	vertex 205 {
		0.0000 89.1196 10.8243
		6.8734 93.0879 10.8243
		6.8734 101.0245 10.8243
		0.0000 104.9930 10.8243
		-6.8734 101.0245 10.8243
		-6.8734 93.0879 10.8243
		0.0000 89.1196 -36.3954
		6.8734 93.0879 -36.3954
		6.8734 101.0245 -36.3954
		0.0000 104.9930 -36.3954
		-6.8734 101.0245 -36.3954
		-6.8734 93.0879 -36.3954
		0.0000 97.0563 -36.3954
		-3.3365 102.9107 10.6057
		0.1222 104.8320 10.6057
		-0.1965 106.3952 10.6057
		-5.3229 109.8774 10.6057
		-7.1854 109.9576 10.6057
		-8.1245 108.3472 10.6057
		-7.9653 102.1521 10.6057
		-6.8223 101.0391 10.6057
		0.1222 104.8320 -33.7307
		-0.1965 106.3952 -33.7307
		-5.3229 109.8774 -33.7307
		-7.1854 109.9576 -33.7307
		-8.1245 108.3472 -33.7307
		-7.9653 102.1521 -33.7307
		-6.8223 101.0391 -33.7307
		-4.7971 105.6136 -17.5144
		-4.7971 112.2040 -17.5144
		1.4706 107.6502 -17.5144
		-0.9234 100.2820 -17.5144
		-8.6708 100.2820 -17.5144
		-11.0649 107.6502 -17.5144
		-4.7971 112.2040 1.5686
		1.4706 107.6502 1.5686
		-0.9234 100.2820 1.5686
		-8.6708 100.2820 1.5686
		-11.0649 107.6502 1.5686
		-4.7971 105.6136 1.5686
		0.1222 104.8320 -33.7307
		-6.8223 101.0391 -33.7307
		-7.9653 102.1521 -33.7307
		-0.1965 106.3952 -33.7307
		-0.1965 106.3952 -33.7307
		-5.3229 109.8774 -33.7307
		-7.1854 109.9576 -33.7307
		-8.1245 108.3472 -33.7307
		-8.1245 108.3472 -33.7307
		-7.9653 102.1521 -33.7307
		-0.1965 106.3952 -33.7307
		-6.7996 89.2572 -2.4303
		-6.7996 93.1918 -2.4303
		-3.3923 91.2246 -2.4303
		-3.3923 87.2900 -2.4303
		-6.7996 85.3228 -2.4303
		-10.2070 87.2900 -2.4303
		-10.2070 91.2246 -2.4303
		-6.7996 93.1918 7.5150
		-3.3923 91.2246 7.5150
		-3.3923 87.2900 7.5150
		-6.7996 85.3228 7.5150
		-10.2070 87.2900 7.5150
		-10.2070 91.2246 7.5150
		-6.7996 89.2572 7.5150
		0.0000 89.1196 -4.4835
		-6.8734 93.0879 -4.4835
		0.0000 89.1196 -20.2665
		-6.8734 93.0879 -20.2665
		-9.6856 73.8461 -5.7951
		-16.7013 76.9644 -3.7834
		-14.0360 73.8461 -20.9667
		-21.0518 76.9644 -18.9550
		-2.0342 90.2940 -6.3010
		-2.0342 90.2940 -19.2700
		-11.7619 74.7690 -5.1996
		-16.1123 74.7690 -20.3713
		-5.1136 97.3506 -32.2937
		-5.1136 87.1233 -32.2937
		5.1136 97.3506 -32.2937
		5.1136 87.1233 -32.2937
		3.2158 93.7161 -46.3804
		3.2158 87.1233 -46.3804
		-3.2158 93.7161 -46.3804
		-3.2158 87.1233 -46.3804
		-5.1136 93.7161 -43.5290
		-5.1136 87.1233 -43.5290
		5.1136 93.7161 -43.5290
		5.1136 87.1233 -43.5290
		14.7491 97.3506 -54.0727
		14.7491 93.9739 -54.0727
		-14.7491 97.3506 -54.0727
		-14.7491 93.9739 -54.0727
		-15.6297 97.3506 -50.7467
		-15.6297 93.9739 -50.7467
		15.6297 97.3506 -50.7467
		15.6297 93.9739 -50.7467
		17.9952 93.9739 -54.9321
		-17.9952 93.9739 -54.9321
		-18.8759 93.9739 -51.6062
		18.8759 93.9739 -51.6062
		14.7491 106.8875 -54.0727
		-14.7491 106.8875 -54.0727
		-15.6297 106.8875 -50.7467
		15.6297 106.8875 -50.7467
		17.9952 106.8875 -54.9321
		-17.9952 106.8875 -54.9321
		-18.8759 106.8875 -51.6062
		18.8759 106.8875 -51.6062
		-1.8486 123.7877 -25.4392
		-1.8486 120.8336 -25.4392
		1.8486 123.7877 -25.4392
		1.8486 120.8336 -25.4392
		1.8486 123.7877 -29.3464
		1.8486 120.8336 -29.3464
		-1.8486 123.7877 -29.3464
		-1.8486 120.8336 -29.3464
		-2.3563 124.3188 -25.4196
		-2.3563 120.3027 -25.4196
		2.3563 124.3188 -25.4196
		2.3563 120.3027 -25.4196
		2.3563 124.3188 -29.3660
		2.3563 120.3027 -29.3660
		-2.3563 124.3188 -29.3660
		-2.3563 120.3027 -29.3660
		2.3563 116.8649 -29.3660
		-2.3563 116.8649 -29.3660
		-2.3563 119.1144 -18.7563
		2.3563 119.1144 -18.7563
		-2.3563 116.8649 -18.7563
		2.3563 116.8649 -18.7563
		-2.3563 120.3027 -20.1992
		2.3563 120.3027 -20.1992
		2.3563 120.3027 -20.1992
		-2.3563 120.3027 -20.1992
		2.3563 116.8649 -20.1992
		-2.3563 116.8649 -20.1992
		-2.6738 116.9309 -17.3190
		-2.6738 115.6942 -17.3190
		2.6738 116.9309 -17.3190
		2.6738 115.6942 -17.3190
		2.6738 116.9309 -30.1009
		2.6738 115.6942 -30.1009
		-2.6738 116.9309 -30.1009
		-2.6738 115.6942 -30.1009
		-2.6738 115.6942 -19.1975
		2.6738 115.6942 -19.1975
		2.6738 115.6942 -21.6559
		-2.6738 115.6942 -21.6559
		2.6738 115.6942 -28.4689
		-2.6738 115.6942 -28.4689
		2.6738 101.8194 -30.1009
		-2.6738 101.8194 -30.1009
		-2.6738 101.8195 -19.1975
		2.6738 101.8195 -19.1975
		2.6738 101.8194 -21.6558
		-2.6738 101.8194 -21.6558
		2.6738 101.8194 -28.4689
		-2.6738 101.8194 -28.4689
		20.0827 106.0957 10.1119
		20.0827 69.8082 10.1119
		63.2991 106.0957 10.1119
		63.2991 69.8082 10.1119
		63.2991 106.0957 -5.7479
		63.2991 69.8082 -5.7479
		20.0827 106.0957 -5.7479
		20.0827 69.8082 -5.7479
		59.5299 106.0957 10.1119
		59.5299 106.0957 -5.7479
		63.2991 100.6974 10.1119
		63.2991 100.6974 -5.7479
		67.4476 110.4372 10.1119
		67.4476 110.4372 -5.7479
		59.5299 113.9878 10.1119
		59.5299 113.9878 -5.7479
		69.5960 100.6974 10.1119
		69.5960 100.6974 -5.7479
		-4.2396 111.4756 -0.1239
		-4.2396 108.8510 -0.1239
		60.0558 112.5419 8.9430
		60.0558 109.9173 8.9430
		60.0558 112.5419 -5.6907
		60.0558 109.9173 -5.6907
		-4.2396 111.4756 -14.7575
		-4.2396 108.8510 -14.7575
		48.2349 120.0694 7.2760
		48.2349 117.4448 7.2760
		48.2347 120.0694 -7.3576
		48.2347 117.4448 -7.3576
		41.2967 121.6334 6.2976
		41.2967 119.0087 6.2976
		41.2969 121.6335 -8.3360
		41.2969 119.0087 -8.3360
		26.5214 117.1907 4.2140
		26.5214 114.5661 4.2140
		26.5212 117.1907 -10.4196
		26.5212 114.5661 -10.4196
		17.7901 111.8410 2.9827
		17.7901 109.2163 2.9827
		17.7901 111.8410 -11.6509
		17.7901 109.2163 -11.6509
		6.7085 109.9781 1.4201
		6.7085 107.3535 1.4201
		6.7085 109.9781 -13.2136
		6.7085 107.3535 -13.2136
	}
	face 309 {
		3 V(12 6 7) M(0) UV(0.88288 0.57303 0.88288 0.61681 0.88288 0.59492)
		3 V(12 7 8) M(0) UV(0.88288 0.57303 0.88288 0.59492 0.88288 0.55114)
		3 V(12 8 9) M(0) UV(0.88288 0.57303 0.88288 0.55114 0.88288 0.52925)
		3 V(12 9 10) M(0) UV(0.88288 0.57303 0.88288 0.52925 0.88288 0.55114)
		3 V(12 10 11) M(0) UV(0.88288 0.57303 0.88288 0.55114 0.88288 0.59492)
		3 V(12 11 6) M(0) UV(0.88288 0.57303 0.88288 0.59492 0.88288 0.61681)
		3 V(28 30 29) M(0) UV(0.75987 0.77353 0.75987 0.75556 0.75987 0.71537)
		3 V(28 31 30) M(0) UV(0.75987 0.77353 0.75987 0.82059 0.75987 0.75556)
		3 V(28 32 31) M(0) UV(0.75987 0.77353 0.75987 0.82059 0.75987 0.82059)
		3 V(28 33 32) M(0) UV(0.75987 0.77353 0.75987 0.75556 0.75987 0.82059)
		3 V(28 29 33) M(0) UV(0.75987 0.77353 0.75987 0.71537 0.75987 0.75556)
		3 V(39 34 35) M(0) UV(0.59144 0.77353 0.59144 0.71537 0.59144 0.75556)
		3 V(39 35 36) M(0) UV(0.59144 0.77353 0.59144 0.75556 0.59144 0.82059)
		3 V(39 36 37) M(0) UV(0.59144 0.77353 0.59144 0.82059 0.59144 0.82059)
		3 V(39 37 38) M(0) UV(0.59144 0.77353 0.59144 0.82059 0.59144 0.75556)
		3 V(39 38 34) M(0) UV(0.59144 0.77353 0.59144 0.75556 0.59144 0.71537)
		3 V(48 49 50) M(0) UV(0.88083 0.68111 0.87995 0.71528 0.83709 0.69188)
		3 V(51 53 52) M(0) UV(0.69552 0.61605 0.69552 0.60520 0.69552 0.59435)
		3 V(51 54 53) M(0) UV(0.69552 0.61605 0.69552 0.62691 0.69552 0.60520)
		3 V(51 55 54) M(0) UV(0.69552 0.61605 0.69552 0.63776 0.69552 0.62691)
		3 V(51 56 55) M(0) UV(0.69552 0.61605 0.69552 0.62691 0.69552 0.63776)
		3 V(51 57 56) M(0) UV(0.69552 0.61605 0.69552 0.60520 0.69552 0.62691)
		3 V(51 52 57) M(0) UV(0.69552 0.61605 0.69552 0.59435 0.69552 0.60520)
		3 V(64 58 59) M(0) UV(0.64067 0.61605 0.64067 0.59435 0.64067 0.60520)
		3 V(64 59 60) M(0) UV(0.64067 0.61605 0.64067 0.60520 0.64067 0.62691)
		3 V(64 60 61) M(0) UV(0.64067 0.61605 0.64067 0.62691 0.64067 0.63776)
		3 V(64 61 62) M(0) UV(0.64067 0.61605 0.64067 0.63776 0.64067 0.62691)
		3 V(64 62 63) M(0) UV(0.64067 0.61605 0.64067 0.62691 0.64067 0.60520)
		3 V(64 63 58) M(0) UV(0.64067 0.61605 0.64067 0.60520 0.64067 0.59435)
		3 V(1 7 6) M(0) UV(0.62241 0.59492 0.88288 0.59492 0.88288 0.61681)
		3 V(1 6 0) M(0) UV(0.62241 0.59492 0.88288 0.61681 0.62241 0.61681)
		3 V(2 8 7) M(0) UV(0.62241 0.55114 0.88288 0.55114 0.88288 0.59492)
		3 V(2 7 1) M(0) UV(0.62241 0.55114 0.88288 0.59492 0.62241 0.59492)
		3 V(3 9 8) M(0) UV(0.62241 0.52925 0.88288 0.52925 0.88288 0.55114)
		3 V(3 8 2) M(0) UV(0.62241 0.52925 0.88288 0.55114 0.62241 0.55114)
		3 V(4 10 9) M(0) UV(0.62241 0.55114 0.88288 0.55114 0.88288 0.52925)
		3 V(4 9 3) M(0) UV(0.62241 0.55114 0.88288 0.52925 0.62241 0.52925)
		3 V(5 11 10) M(0) UV(0.62241 0.59492 0.88288 0.59492 0.88288 0.55114)
		3 V(5 10 4) M(0) UV(0.62241 0.59492 0.88288 0.55114 0.62241 0.55114)
		3 V(15 22 21) M(0) UV(0.51168 0.76663 0.90299 0.76663 0.90299 0.78043)
		3 V(15 21 14) M(0) UV(0.51168 0.76663 0.90299 0.78043 0.51168 0.78043)
		3 V(16 23 22) M(0) UV(0.51168 0.73590 0.90299 0.73590 0.90299 0.76663)
		3 V(16 22 15) M(0) UV(0.51168 0.73590 0.90299 0.76663 0.51168 0.76663)
		3 V(17 24 23) M(0) UV(0.51168 0.73519 0.90299 0.73519 0.90299 0.73590)
		3 V(17 23 16) M(0) UV(0.51168 0.73519 0.90299 0.73590 0.51168 0.73590)
		3 V(18 25 24) M(0) UV(0.51168 0.74940 0.90299 0.74940 0.90299 0.73519)
		3 V(18 24 17) M(0) UV(0.51168 0.74940 0.90299 0.73519 0.51168 0.73519)
		3 V(19 26 25) M(0) UV(0.51168 0.80408 0.90299 0.80408 0.90299 0.74940)
		3 V(19 25 18) M(0) UV(0.51168 0.80408 0.90299 0.74940 0.51168 0.74940)
		3 V(20 27 26) M(0) UV(0.51168 0.81390 0.90299 0.81390 0.90299 0.80408)
		3 V(20 26 19) M(0) UV(0.51168 0.81390 0.90299 0.80408 0.51168 0.80408)
		3 V(20 19 18) M(0) UV(0.52112 0.70958 0.51103 0.69976 0.50963 0.64508)
		3 V(20 18 13) M(0) UV(0.52112 0.70958 0.50963 0.64508 0.55188 0.69306)
		3 V(16 15 14) M(0) UV(0.53435 0.63158 0.57960 0.66231 0.58241 0.67611)
		3 V(16 14 13) M(0) UV(0.53435 0.63158 0.58241 0.67611 0.55188 0.69306)
		3 V(18 17 16) M(0) UV(0.50963 0.64508 0.51791 0.63087 0.53435 0.63158)
		3 V(18 16 13) M(0) UV(0.50963 0.64508 0.53435 0.63158 0.55188 0.69306)
		3 V(30 35 34) M(0) UV(0.75987 0.75556 0.59144 0.75556 0.59144 0.71537)
		3 V(30 34 29) M(0) UV(0.75987 0.75556 0.59144 0.71537 0.75987 0.71537)
		3 V(31 36 35) M(0) UV(0.75987 0.82059 0.59144 0.82059 0.59144 0.75556)
		3 V(31 35 30) M(0) UV(0.75987 0.82059 0.59144 0.75556 0.75987 0.75556)
		3 V(32 37 36) M(0) UV(0.75987 0.82059 0.59144 0.82059 0.59144 0.82059)
		3 V(32 36 31) M(0) UV(0.75987 0.82059 0.59144 0.82059 0.75987 0.82059)
		3 V(33 38 37) M(0) UV(0.75987 0.75556 0.59144 0.75556 0.59144 0.82059)
		3 V(33 37 32) M(0) UV(0.75987 0.75556 0.59144 0.82059 0.75987 0.82059)
		3 V(29 34 38) M(0) UV(0.75987 0.71537 0.59144 0.71537 0.59144 0.75556)
		3 V(29 38 33) M(0) UV(0.75987 0.71537 0.59144 0.75556 0.75987 0.75556)
		3 V(42 41 40) M(0) UV(0.87995 0.71528 0.87364 0.72142 0.83534 0.70050)
		3 V(42 40 43) M(0) UV(0.87995 0.71528 0.83534 0.70050 0.83709 0.69188)
		3 V(45 46 47) M(0) UV(0.86537 0.67267 0.87565 0.67223 0.88083 0.68111)
		3 V(45 47 44) M(0) UV(0.86537 0.67267 0.88083 0.68111 0.83709 0.69188)
		3 V(54 60 59) M(0) UV(0.69552 0.62691 0.64067 0.62691 0.64067 0.60520)
		3 V(54 59 53) M(0) UV(0.69552 0.62691 0.64067 0.60520 0.69552 0.60520)
		3 V(55 61 60) M(0) UV(0.69552 0.63776 0.64067 0.63776 0.64067 0.62691)
		3 V(55 60 54) M(0) UV(0.69552 0.63776 0.64067 0.62691 0.69552 0.62691)
		3 V(56 62 61) M(0) UV(0.69552 0.62691 0.64067 0.62691 0.64067 0.63776)
		3 V(56 61 55) M(0) UV(0.69552 0.62691 0.64067 0.63776 0.69552 0.63776)
		3 V(57 63 62) M(0) UV(0.69552 0.60520 0.64067 0.60520 0.64067 0.62691)
		3 V(57 62 56) M(0) UV(0.69552 0.60520 0.64067 0.62691 0.69552 0.62691)
		3 V(52 58 63) M(0) UV(0.69552 0.59435 0.64067 0.59435 0.64067 0.60520)
		3 V(52 63 57) M(0) UV(0.69552 0.59435 0.64067 0.60520 0.69552 0.60520)
		3 V(66 5 0) M(0) UV(0.70685 0.59492 0.62241 0.59492 0.62241 0.61681)
		3 V(66 0 65) M(0) UV(0.70685 0.59492 0.62241 0.61681 0.70685 0.61681)
		3 V(6 11 68) M(0) UV(0.88288 0.61681 0.88288 0.59492 0.79391 0.59492)
		3 V(6 68 67) M(0) UV(0.88288 0.61681 0.79391 0.59492 0.79391 0.61681)
		3 V(71 67 68) M(0) UV(0.09931 0.50262 0.10317 0.41837 0.10317 0.39648)
		3 V(71 68 72) M(0) UV(0.09931 0.50262 0.10317 0.39648 0.11040 0.48542)
		3 V(69 70 66) M(0) UV(0.18299 0.50262 0.19409 0.48542 0.19023 0.39648)
		3 V(69 66 65) M(0) UV(0.18299 0.50262 0.19023 0.39648 0.19023 0.41837)
		3 V(69 65 67) M(0) UV(0.18299 0.50262 0.19023 0.41837 0.10317 0.41837)
		3 V(69 67 71) M(0) UV(0.18299 0.50262 0.10317 0.41837 0.09931 0.50262)
		3 V(76 72 68) M(0) UV(0.10259 0.49753 0.11040 0.48542 0.10317 0.39648)
		3 V(76 68 74) M(0) UV(0.10259 0.49753 0.10317 0.39648 0.10867 0.41189)
		3 V(74 68 66) M(0) UV(0.10867 0.41189 0.10317 0.39648 0.19023 0.39648)
		3 V(74 66 73) M(0) UV(0.10867 0.41189 0.19023 0.39648 0.18020 0.41189)
		3 V(75 73 66) M(0) UV(0.18628 0.49753 0.18020 0.41189 0.19023 0.39648)
		3 V(75 66 70) M(0) UV(0.18628 0.49753 0.19023 0.39648 0.19409 0.48542)
		3 V(75 76 74) M(0) UV(0.18628 0.49753 0.10259 0.49753 0.10867 0.41189)
		3 V(75 74 73) M(0) UV(0.18628 0.49753 0.10867 0.41189 0.18020 0.41189)
		3 V(69 71 76) M(0) UV(0.18299 0.50262 0.09931 0.50262 0.10259 0.49753)
		3 V(69 76 75) M(0) UV(0.18299 0.50262 0.10259 0.49753 0.18628 0.49753)
		3 V(79 80 78) M(0) UV(0.86025 0.57141 0.86025 0.62782 0.86025 0.62782)
		3 V(79 78 77) M(0) UV(0.86025 0.57141 0.86025 0.62782 0.86025 0.57141)
		3 V(83 84 82) M(0) UV(0.93796 0.59146 0.93796 0.62782 0.93796 0.62782)
		3 V(83 82 81) M(0) UV(0.93796 0.59146 0.93796 0.62782 0.93796 0.59146)
		3 V(88 80 79) M(0) UV(0.92223 0.62782 0.86025 0.62782 0.86025 0.57141)
		3 V(88 79 87) M(0) UV(0.92223 0.62782 0.86025 0.57141 0.92223 0.59146)
		3 V(77 78 86) M(0) UV(0.86025 0.57141 0.86025 0.62782 0.92223 0.62782)
		3 V(77 86 85) M(0) UV(0.86025 0.57141 0.92223 0.62782 0.92223 0.59146)
		3 V(79 77 85) M(0) UV(0.86025 0.57141 0.86025 0.57141 0.92223 0.59146)
		3 V(79 85 87) M(0) UV(0.86025 0.57141 0.92223 0.59146 0.92223 0.59146)
		3 V(85 83 81) M(0) UV(0.92223 0.59146 0.93796 0.59146 0.93796 0.59146)
		3 V(85 81 87) M(0) UV(0.92223 0.59146 0.93796 0.59146 0.92223 0.59146)
		3 V(82 84 86) M(0) UV(0.93796 0.62782 0.93796 0.62782 0.92223 0.62782)
		3 V(82 86 88) M(0) UV(0.93796 0.62782 0.92223 0.62782 0.92223 0.62782)
		3 V(86 78 80) M(0) UV(0.92223 0.62782 0.86025 0.62782 0.86025 0.62782)
		3 V(86 80 88) M(0) UV(0.92223 0.62782 0.86025 0.62782 0.92223 0.62782)
		3 V(95 87 81) M(0) UV(0.96204 0.57141 0.92223 0.59146 0.93796 0.59146)
		3 V(95 81 89) M(0) UV(0.96204 0.57141 0.93796 0.59146 0.98039 0.57141)
		3 V(89 81 82) M(0) UV(0.98039 0.57141 0.93796 0.59146 0.93796 0.62782)
		3 V(89 82 90) M(0) UV(0.98039 0.57141 0.93796 0.62782 0.98039 0.59004)
		3 V(96 90 82) M(0) UV(0.96204 0.59004 0.98039 0.59004 0.93796 0.62782)
		3 V(96 82 88) M(0) UV(0.96204 0.59004 0.93796 0.62782 0.92223 0.62782)
		3 V(96 88 87) M(0) UV(0.96204 0.59004 0.92223 0.62782 0.92223 0.59146)
		3 V(96 87 95) M(0) UV(0.96204 0.59004 0.92223 0.59146 0.96204 0.57141)
		3 V(93 85 86) M(0) UV(0.96204 0.57141 0.92223 0.59146 0.92223 0.62782)
		3 V(93 86 94) M(0) UV(0.96204 0.57141 0.92223 0.62782 0.96204 0.59004)
		3 V(94 86 84) M(0) UV(0.96204 0.59004 0.92223 0.62782 0.93796 0.62782)
		3 V(94 84 92) M(0) UV(0.96204 0.59004 0.93796 0.62782 0.98039 0.59004)
		3 V(92 84 83) M(0) UV(0.98039 0.59004 0.93796 0.62782 0.93796 0.59146)
		3 V(92 83 91) M(0) UV(0.98039 0.59004 0.93796 0.59146 0.98039 0.57141)
		3 V(93 91 83) M(0) UV(0.96204 0.57141 0.98039 0.57141 0.93796 0.59146)
		3 V(93 83 85) M(0) UV(0.96204 0.57141 0.93796 0.59146 0.92223 0.59146)
		3 V(97 90 96) M(0) UV(0.94194 0.55130 0.93436 0.55130 0.90500 0.55130)
		3 V(97 96 100) M(0) UV(0.94194 0.55130 0.90500 0.55130 0.91259 0.55130)
		3 V(99 94 92) M(0) UV(0.91259 0.55130 0.90500 0.55130 0.93436 0.55130)
		3 V(99 92 98) M(0) UV(0.91259 0.55130 0.93436 0.55130 0.94194 0.55130)
		3 V(104 95 89) M(0) UV(0.90500 0.43732 0.90500 0.52149 0.93436 0.52149)
		3 V(104 89 101) M(0) UV(0.90500 0.43732 0.93436 0.52149 0.93436 0.43732)
		3 V(108 104 101) M(0) UV(0.91259 0.43732 0.90500 0.43732 0.93436 0.43732)
		3 V(108 101 105) M(0) UV(0.91259 0.43732 0.93436 0.43732 0.94194 0.43732)
		3 V(102 91 93) M(0) UV(0.93436 0.43732 0.93436 0.52149 0.90500 0.52149)
		3 V(102 93 103) M(0) UV(0.93436 0.43732 0.90500 0.52149 0.90500 0.43732)
		3 V(106 102 103) M(0) UV(0.94194 0.43732 0.93436 0.43732 0.90500 0.43732)
		3 V(106 103 107) M(0) UV(0.94194 0.43732 0.90500 0.43732 0.91259 0.43732)
		3 V(97 105 101) M(0) UV(0.94194 0.55130 0.94194 0.43732 0.93436 0.43732)
		3 V(97 101 90) M(0) UV(0.94194 0.55130 0.93436 0.43732 0.93436 0.55130)
		3 V(100 108 105) M(0) UV(0.91259 0.55130 0.91259 0.43732 0.94194 0.43732)
		3 V(100 105 97) M(0) UV(0.91259 0.55130 0.94194 0.43732 0.94194 0.55130)
		3 V(108 100 96) M(0) UV(0.91259 0.43732 0.91259 0.55130 0.90500 0.55130)
		3 V(108 96 104) M(0) UV(0.91259 0.43732 0.90500 0.55130 0.90500 0.43732)
		3 V(98 92 102) M(0) UV(0.94194 0.55130 0.93436 0.55130 0.93436 0.43732)
		3 V(98 102 106) M(0) UV(0.94194 0.55130 0.93436 0.43732 0.94194 0.43732)
		3 V(107 99 98) M(0) UV(0.91259 0.43732 0.91259 0.55130 0.94194 0.55130)
		3 V(107 98 106) M(0) UV(0.91259 0.43732 0.94194 0.55130 0.94194 0.43732)
		3 V(99 107 103) M(0) UV(0.91259 0.55130 0.91259 0.43732 0.90500 0.43732)
		3 V(99 103 94) M(0) UV(0.91259 0.55130 0.90500 0.43732 0.90500 0.55130)
		3 V(121 113 114) M(0) UV(0.73216 0.26828 0.73199 0.27296 0.73199 0.29903)
		3 V(121 114 122) M(0) UV(0.73216 0.26828 0.73199 0.29903 0.73216 0.30372)
		3 V(120 112 111) M(0) UV(0.69733 0.30372 0.69751 0.29903 0.69751 0.27296)
		3 V(120 111 119) M(0) UV(0.69733 0.30372 0.69751 0.27296 0.69733 0.26828)
		3 V(121 122 120) M(0) UV(0.73216 0.26828 0.73216 0.30372 0.69733 0.30372)
		3 V(121 120 119) M(0) UV(0.73216 0.26828 0.69733 0.30372 0.69733 0.26828)
		3 V(117 109 110) M(0) UV(0.69733 0.26828 0.69751 0.27296 0.69751 0.29903)
		3 V(117 110 118) M(0) UV(0.69733 0.26828 0.69751 0.29903 0.69733 0.30372)
		3 V(124 116 115) M(0) UV(0.73216 0.30372 0.73199 0.29903 0.73199 0.27296)
		3 V(124 115 123) M(0) UV(0.73216 0.30372 0.73199 0.27296 0.73216 0.26828)
		3 V(117 118 124) M(0) UV(0.69733 0.26828 0.69733 0.30372 0.73216 0.30372)
		3 V(117 124 123) M(0) UV(0.69733 0.26828 0.73216 0.30372 0.73216 0.26828)
		3 V(123 115 113) M(0) UV(0.73216 0.26828 0.73199 0.27296 0.73199 0.27296)
		3 V(123 113 121) M(0) UV(0.73216 0.26828 0.73199 0.27296 0.73216 0.26828)
		3 V(119 111 109) M(0) UV(0.69733 0.26828 0.69751 0.27296 0.69751 0.27296)
		3 V(119 109 117) M(0) UV(0.69733 0.26828 0.69751 0.27296 0.69733 0.26828)
		3 V(121 119 117) M(0) UV(0.73216 0.26828 0.69733 0.26828 0.69733 0.26828)
		3 V(121 117 123) M(0) UV(0.73216 0.26828 0.69733 0.26828 0.73216 0.26828)
		3 V(118 110 112) M(0) UV(0.69733 0.30372 0.69751 0.29903 0.69751 0.29903)
		3 V(118 112 120) M(0) UV(0.69733 0.30372 0.69751 0.29903 0.69733 0.30372)
		3 V(122 114 116) M(0) UV(0.73216 0.30372 0.73199 0.29903 0.73199 0.29903)
		3 V(122 116 124) M(0) UV(0.73216 0.30372 0.73199 0.29903 0.73216 0.30372)
		3 V(110 109 115) M(0) UV(0.69751 0.29903 0.69751 0.27296 0.73199 0.27296)
		3 V(110 115 116) M(0) UV(0.69751 0.29903 0.73199 0.27296 0.73199 0.29903)
		3 V(114 113 111) M(0) UV(0.73199 0.29903 0.73199 0.27296 0.69751 0.27296)
		3 V(114 111 112) M(0) UV(0.73199 0.29903 0.69751 0.27296 0.69751 0.29903)
		3 V(112 110 116) M(0) UV(0.69751 0.29903 0.69751 0.29903 0.73199 0.29903)
		3 V(112 116 114) M(0) UV(0.69751 0.29903 0.73199 0.29903 0.73199 0.29903)
		3 V(109 111 113) M(0) UV(0.69751 0.27296 0.69751 0.27296 0.73199 0.27296)
		3 V(109 113 115) M(0) UV(0.69751 0.27296 0.73199 0.27296 0.73199 0.27296)
		3 V(125 122 124) M(0) UV(0.73216 0.33406 0.73216 0.30372 0.73216 0.30372)
		3 V(125 124 126) M(0) UV(0.73216 0.33406 0.73216 0.30372 0.73216 0.33406)
		3 V(129 127 128) M(0) UV(0.63852 0.33406 0.63852 0.31421 0.63852 0.31421)
		3 V(129 128 130) M(0) UV(0.63852 0.33406 0.63852 0.31421 0.63852 0.33406)
		3 V(118 120 132) M(0) UV(0.69733 0.30372 0.69733 0.30372 0.65126 0.30372)
		3 V(118 132 131) M(0) UV(0.69733 0.30372 0.65126 0.30372 0.65126 0.30372)
		3 V(132 128 127) M(0) UV(0.65126 0.30372 0.63852 0.31421 0.63852 0.31421)
		3 V(132 127 131) M(0) UV(0.65126 0.30372 0.63852 0.31421 0.65126 0.30372)
		3 V(126 124 134) M(0) UV(0.73216 0.33406 0.73216 0.30372 0.65126 0.30372)
		3 V(126 134 136) M(0) UV(0.73216 0.33406 0.65126 0.30372 0.65126 0.33406)
		3 V(134 127 129) M(0) UV(0.65126 0.30372 0.63852 0.31421 0.63852 0.33406)
		3 V(134 129 136) M(0) UV(0.65126 0.30372 0.63852 0.33406 0.65126 0.33406)
		3 V(130 128 133) M(0) UV(0.63852 0.33406 0.63852 0.31421 0.65126 0.30372)
		3 V(130 133 135) M(0) UV(0.63852 0.33406 0.65126 0.30372 0.65126 0.33406)
		3 V(133 122 125) M(0) UV(0.65126 0.30372 0.73216 0.30372 0.73216 0.33406)
		3 V(133 125 135) M(0) UV(0.65126 0.30372 0.73216 0.33406 0.65126 0.33406)
		3 V(110 112 111) M(0) UV(0.89407 0.35701 0.76042 0.35701 0.76042 0.25022)
		3 V(110 111 109) M(0) UV(0.89407 0.35701 0.76042 0.25022 0.89407 0.25022)
		3 V(139 140 138) M(0) UV(0.71520 0.37497 0.71520 0.38179 0.71520 0.38179)
		3 V(139 138 137) M(0) UV(0.71520 0.37497 0.71520 0.38179 0.71520 0.37497)
		3 V(141 142 140) M(0) UV(0.78571 0.37497 0.78571 0.38179 0.71520 0.38179)
		3 V(141 140 139) M(0) UV(0.78571 0.37497 0.71520 0.38179 0.71520 0.37497)
		3 V(143 144 142) M(0) UV(0.78571 0.37497 0.78571 0.38179 0.78571 0.38179)
		3 V(143 142 141) M(0) UV(0.78571 0.37497 0.78571 0.38179 0.78571 0.37497)
		3 V(137 138 144) M(0) UV(0.71520 0.37497 0.71520 0.38179 0.78571 0.38179)
		3 V(137 144 143) M(0) UV(0.71520 0.37497 0.78571 0.38179 0.78571 0.37497)
		3 V(141 139 137) M(0) UV(0.78571 0.37497 0.71520 0.37497 0.71520 0.37497)
		3 V(141 137 143) M(0) UV(0.78571 0.37497 0.71520 0.37497 0.78571 0.37497)
		3 V(155 147 148) M(0) UV(0.73913 0.45833 0.73913 0.38179 0.73913 0.38179)
		3 V(155 148 156) M(0) UV(0.73913 0.45833 0.73913 0.38179 0.73913 0.45833)
		3 V(156 148 145) M(0) UV(0.73913 0.45833 0.73913 0.38179 0.72557 0.38179)
		3 V(156 145 153) M(0) UV(0.73913 0.45833 0.72557 0.38179 0.72557 0.45833)
		3 V(153 145 146) M(0) UV(0.72557 0.45833 0.72557 0.38179 0.72557 0.38179)
		3 V(153 146 154) M(0) UV(0.72557 0.45833 0.72557 0.38179 0.72557 0.45833)
		3 V(154 146 147) M(0) UV(0.72557 0.45833 0.72557 0.38179 0.73913 0.38179)
		3 V(154 147 155) M(0) UV(0.72557 0.45833 0.73913 0.38179 0.73913 0.45833)
		3 V(157 149 142) M(0) UV(0.77671 0.45833 0.77671 0.38179 0.78571 0.38179)
		3 V(157 142 151) M(0) UV(0.77671 0.45833 0.78571 0.38179 0.78571 0.45833)
		3 V(151 142 144) M(0) UV(0.78571 0.45833 0.78571 0.38179 0.78571 0.38179)
		3 V(151 144 152) M(0) UV(0.78571 0.45833 0.78571 0.38179 0.78571 0.45833)
		3 V(152 144 150) M(0) UV(0.78571 0.45833 0.78571 0.38179 0.77671 0.38179)
		3 V(152 150 158) M(0) UV(0.78571 0.45833 0.77671 0.38179 0.77671 0.45833)
		3 V(158 150 149) M(0) UV(0.77671 0.45833 0.77671 0.38179 0.77671 0.38179)
		3 V(158 149 157) M(0) UV(0.77671 0.45833 0.77671 0.38179 0.77671 0.45833)
		3 V(149 150 138) M(0) UV(0.77671 0.38179 0.77671 0.38179 0.71520 0.38179)
		3 V(149 138 140) M(0) UV(0.77671 0.38179 0.71520 0.38179 0.71520 0.38179)
		3 V(161 162 160) M(0) UV(0.16747 0.07520 0.16747 0.23973 0.40586 0.23973)
		3 V(161 160 159) M(0) UV(0.16747 0.07520 0.40586 0.23973 0.40586 0.07520)
		3 V(165 166 164) M(0) UV(0.40586 0.07520 0.40586 0.23973 0.16747 0.23973)
		3 V(165 164 163) M(0) UV(0.40586 0.07520 0.16747 0.23973 0.16747 0.07520)
		3 V(159 160 166) M(0) UV(0.40586 0.07520 0.40586 0.23973 0.40586 0.23973)
		3 V(159 166 165) M(0) UV(0.40586 0.07520 0.40586 0.23973 0.40586 0.07520)
		3 V(162 164 166) M(0) UV(0.16747 0.23973 0.16747 0.23973 0.40586 0.23973)
		3 V(162 166 160) M(0) UV(0.16747 0.23973 0.40586 0.23973 0.40586 0.23973)
		3 V(167 159 165) M(0) UV(0.18827 0.07520 0.40586 0.07520 0.40586 0.07520)
		3 V(167 165 168) M(0) UV(0.18827 0.07520 0.40586 0.07520 0.18827 0.07520)
		3 V(164 162 169) M(0) UV(0.11822 0.24542 0.04481 0.24542 0.04481 0.12320)
		3 V(164 169 170) M(0) UV(0.11822 0.24542 0.04481 0.12320 0.11822 0.12320)
		3 V(174 168 163) M(0) UV(0.15428 0.28017 0.15428 0.31490 0.17507 0.31490)
		3 V(174 163 172) M(0) UV(0.15428 0.28017 0.17507 0.31490 0.19244 0.29753)
		3 V(171 161 167) M(0) UV(0.19244 0.29753 0.17507 0.31490 0.15428 0.31490)
		3 V(171 167 173) M(0) UV(0.19244 0.29753 0.15428 0.31490 0.15428 0.28017)
		3 V(173 167 168) M(0) UV(0.18827 0.04047 0.18827 0.07520 0.18827 0.07520)
		3 V(173 168 174) M(0) UV(0.18827 0.04047 0.18827 0.07520 0.18827 0.04047)
		3 V(172 171 173) M(0) UV(0.19244 0.29753 0.19244 0.29753 0.15428 0.28017)
		3 V(172 173 174) M(0) UV(0.19244 0.29753 0.15428 0.28017 0.15428 0.28017)
		3 V(176 170 169) M(0) UV(0.13274 0.11751 0.16747 0.11751 0.16747 0.11751)
		3 V(176 169 175) M(0) UV(0.13274 0.11751 0.16747 0.11751 0.13274 0.11751)
		3 V(175 169 161) M(0) UV(0.20981 0.35720 0.17507 0.35720 0.17507 0.31490)
		3 V(175 161 171) M(0) UV(0.20981 0.35720 0.17507 0.31490 0.19244 0.29753)
		3 V(172 163 170) M(0) UV(0.19244 0.29753 0.17507 0.31490 0.17507 0.35720)
		3 V(172 170 176) M(0) UV(0.19244 0.29753 0.17507 0.35720 0.20981 0.35720)
		3 V(175 171 172) M(0) UV(0.20981 0.35720 0.19244 0.29753 0.19244 0.29753)
		3 V(175 172 176) M(0) UV(0.20981 0.35720 0.19244 0.29753 0.20981 0.35720)
		3 V(179 180 186) M(0) UV(0.54238 0.34393 0.54238 0.34393 0.48454 0.34393)
		3 V(179 186 185) M(0) UV(0.54238 0.34393 0.48454 0.34393 0.48454 0.34393)
		3 V(188 182 181) M(0) UV(0.48454 0.25355 0.54238 0.25355 0.54238 0.25355)
		3 V(188 181 187) M(0) UV(0.48454 0.25355 0.54238 0.25355 0.48454 0.25355)
		3 V(181 179 185) M(0) UV(0.54238 0.25355 0.54238 0.34393 0.48454 0.34393)
		3 V(181 185 187) M(0) UV(0.54238 0.25355 0.48454 0.34393 0.48454 0.25355)
		3 V(180 182 188) M(0) UV(0.54238 0.34393 0.54238 0.25355 0.48454 0.25355)
		3 V(180 188 186) M(0) UV(0.54238 0.34393 0.48454 0.25355 0.48454 0.34393)
		3 V(189 185 186) M(0) UV(0.45059 0.34393 0.48454 0.34393 0.48454 0.34393)
		3 V(189 186 190) M(0) UV(0.45059 0.34393 0.48454 0.34393 0.45059 0.34393)
		3 V(192 188 187) M(0) UV(0.45059 0.25355 0.48454 0.25355 0.48454 0.25355)
		3 V(192 187 191) M(0) UV(0.45059 0.25355 0.48454 0.25355 0.45059 0.25355)
		3 V(191 187 185) M(0) UV(0.45059 0.25355 0.48454 0.25355 0.48454 0.34393)
		3 V(191 185 189) M(0) UV(0.45059 0.25355 0.48454 0.34393 0.45059 0.34393)
		3 V(190 186 188) M(0) UV(0.45059 0.34393 0.48454 0.34393 0.48454 0.25355)
		3 V(190 188 192) M(0) UV(0.45059 0.34393 0.48454 0.25355 0.45059 0.25355)
		3 V(193 189 190) M(0) UV(0.37830 0.34393 0.45059 0.34393 0.45059 0.34393)
		3 V(193 190 194) M(0) UV(0.37830 0.34393 0.45059 0.34393 0.37830 0.34393)
		3 V(196 192 191) M(0) UV(0.37830 0.25355 0.45059 0.25355 0.45059 0.25355)
		3 V(196 191 195) M(0) UV(0.37830 0.25355 0.45059 0.25355 0.37830 0.25355)
		3 V(195 191 189) M(0) UV(0.37830 0.25355 0.45059 0.25355 0.45059 0.34393)
		3 V(195 189 193) M(0) UV(0.37830 0.25355 0.45059 0.34393 0.37830 0.34393)
		3 V(194 190 192) M(0) UV(0.37830 0.34393 0.45059 0.34393 0.45059 0.25355)
		3 V(194 192 196) M(0) UV(0.37830 0.34393 0.45059 0.25355 0.37830 0.25355)
		3 V(197 193 194) M(0) UV(0.33558 0.34393 0.37830 0.34393 0.37830 0.34393)
		3 V(197 194 198) M(0) UV(0.33558 0.34393 0.37830 0.34393 0.33558 0.34393)
		3 V(200 196 195) M(0) UV(0.33558 0.25355 0.37830 0.25355 0.37830 0.25355)
		3 V(200 195 199) M(0) UV(0.33558 0.25355 0.37830 0.25355 0.33558 0.25355)
		3 V(199 195 193) M(0) UV(0.33558 0.25355 0.37830 0.25355 0.37830 0.34393)
		3 V(199 193 197) M(0) UV(0.33558 0.25355 0.37830 0.34393 0.33558 0.34393)
		3 V(198 194 196) M(0) UV(0.33558 0.34393 0.37830 0.34393 0.37830 0.25355)
		3 V(198 196 200) M(0) UV(0.33558 0.34393 0.37830 0.25355 0.33558 0.25355)
		3 V(178 177 201) M(0) UV(0.22779 0.34393 0.22779 0.34393 0.28136 0.34393)
		3 V(178 201 202) M(0) UV(0.22779 0.34393 0.28136 0.34393 0.28136 0.34393)
		3 V(201 197 198) M(0) UV(0.28136 0.34393 0.33558 0.34393 0.33558 0.34393)
		3 V(201 198 202) M(0) UV(0.28136 0.34393 0.33558 0.34393 0.28136 0.34393)
		3 V(183 184 204) M(0) UV(0.22779 0.25355 0.22779 0.25355 0.28136 0.25355)
		3 V(183 204 203) M(0) UV(0.22779 0.25355 0.28136 0.25355 0.28136 0.25355)
		3 V(204 200 199) M(0) UV(0.28136 0.25355 0.33558 0.25355 0.33558 0.25355)
		3 V(204 199 203) M(0) UV(0.28136 0.25355 0.33558 0.25355 0.28136 0.25355)
		3 V(177 183 203) M(0) UV(0.22779 0.34393 0.22779 0.25355 0.28136 0.25355)
		3 V(177 203 201) M(0) UV(0.22779 0.34393 0.28136 0.25355 0.28136 0.34393)
		3 V(203 199 197) M(0) UV(0.28136 0.25355 0.33558 0.25355 0.33558 0.34393)
		3 V(203 197 201) M(0) UV(0.28136 0.25355 0.33558 0.34393 0.28136 0.34393)
		3 V(184 178 202) M(0) UV(0.22779 0.25355 0.22779 0.34393 0.28136 0.34393)
		3 V(184 202 204) M(0) UV(0.22779 0.25355 0.28136 0.34393 0.28136 0.25355)
		3 V(202 198 200) M(0) UV(0.28136 0.34393 0.33558 0.34393 0.33558 0.25355)
		3 V(202 200 204) M(0) UV(0.28136 0.34393 0.33558 0.25355 0.28136 0.25355)
	}
}
Object "$part1_0" {
	depth 0
	folding 0
	scale 1.000000 1.000000 1.000000
	rotation 0.000000 0.000000 0.000000
	translation 0.000000 0.000000 0.000000
	visible 15
	locking 0
	shading 1
	facet 59.5
	color 0.898 0.498 0.698
	color_type 0
	vertex 92 {
		0.0000 102.4842 104.4571
		0.0000 100.2380 107.2289
		1.9451 101.3611 107.2289
		1.9451 103.6071 107.2289
		0.0000 104.7302 107.2289
		-1.9451 103.6071 107.2289
		-1.9451 101.3611 107.2289
		0.0000 100.2380 10.8306
		1.9451 101.3611 10.8306
		1.9451 103.6071 10.8306
		0.0000 104.7302 10.8306
		-1.9451 103.6071 10.8306
		-1.9451 101.3611 10.8306
		4.7006 94.3423 104.4571
		2.7555 95.4654 107.2289
		2.7555 93.2194 107.2289
		4.7006 92.0961 107.2289
		6.6458 93.2194 107.2289
		6.6458 95.4654 107.2289
		4.7006 96.5884 107.2289
		2.7555 95.4654 10.8306
		2.7555 93.2194 10.8306
		4.7006 92.0961 10.8306
		6.6458 93.2194 10.8306
		6.6458 95.4654 10.8306
		4.7006 96.5884 10.8306
		-4.7006 94.3423 104.4571
		-2.7555 95.4654 107.2289
		-4.7006 96.5884 107.2289
		-6.6458 95.4654 107.2289
		-6.6458 93.2194 107.2289
		-4.7006 92.0961 107.2289
		-2.7555 93.2194 107.2289
		-2.7555 95.4654 10.8306
		-4.7006 96.5884 10.8306
		-6.6458 95.4654 10.8306
		-6.6458 93.2194 10.8306
		-4.7006 92.0961 10.8306
		-2.7555 93.2194 10.8306
		0.0000 91.6917 121.5903
		6.8140 91.7405 121.5903
		7.6228 94.3665 121.5903
		2.7490 103.8618 121.5903
		0.0000 105.5208 121.5903
		-2.7490 103.8618 121.5903
		-7.6228 94.3665 121.5903
		-6.8140 91.7405 121.5903
		0.0000 91.6917 102.9283
		6.8140 91.7405 102.9283
		7.6228 94.3665 102.9283
		2.7490 103.8618 102.9283
		0.0000 105.5208 102.9283
		-2.7490 103.8618 102.9283
		-7.6228 94.3665 102.9283
		-6.8140 91.7405 102.9283
		0.0000 91.6917 103.8351
		6.8140 91.7405 103.8351
		7.6228 94.3665 103.8351
		2.7490 103.8618 103.8351
		0.0000 105.5208 103.8351
		-2.7490 103.8618 103.8351
		-7.6228 94.3665 103.8351
		-6.8140 91.7405 103.8351
		0.0000 91.6917 92.2791
		6.8140 91.7405 92.2791
		7.6228 94.3665 92.2791
		2.7490 103.8618 92.2791
		0.0000 105.5208 92.2791
		-2.7490 103.8618 92.2791
		-7.6228 94.3665 92.2791
		-6.8140 91.7405 92.2791
		0.0000 91.6917 90.4709
		6.8140 91.7405 90.4709
		7.6228 94.3665 90.4709
		2.7490 103.8618 90.4709
		0.0000 105.5208 90.4709
		-2.7490 103.8618 90.4709
		-7.6228 94.3665 90.4709
		-6.8140 91.7405 90.4709
		0.0000 97.0563 12.1935
		0.0000 89.1196 12.1935
		6.8734 93.0879 12.1935
		6.8734 101.0245 12.1935
		0.0000 104.9930 12.1935
		-6.8734 101.0245 12.1935
		-6.8734 93.0879 12.1935
		0.0000 89.1196 10.8243
		6.8734 93.0879 10.8243
		6.8734 101.0245 10.8243
		0.0000 104.9930 10.8243
		-6.8734 101.0245 10.8243
		-6.8734 93.0879 10.8243
	}
	face 140 {
		3 V(0 2 1) M(0) UV(0.07927 0.47372 0.04013 0.48958 0.04013 0.50544)
		3 V(0 3 2) M(0) UV(0.07927 0.47372 0.04013 0.45786 0.04013 0.48958)
		3 V(0 4 3) M(0) UV(0.07927 0.47372 0.04013 0.44201 0.04013 0.45786)
		3 V(0 5 4) M(0) UV(0.07927 0.47372 0.04013 0.45786 0.04013 0.44201)
		3 V(0 6 5) M(0) UV(0.07927 0.47372 0.04013 0.48958 0.04013 0.45786)
		3 V(0 1 6) M(0) UV(0.07927 0.47372 0.04013 0.50544 0.04013 0.48958)
		3 V(13 15 14) M(0) UV(0.07927 0.47385 0.04013 0.48971 0.04013 0.45799)
		3 V(13 16 15) M(0) UV(0.07927 0.47385 0.04013 0.50557 0.04013 0.48971)
		3 V(13 17 16) M(0) UV(0.07927 0.47385 0.04013 0.48971 0.04013 0.50557)
		3 V(13 18 17) M(0) UV(0.07927 0.47385 0.04013 0.45799 0.04013 0.48971)
		3 V(13 19 18) M(0) UV(0.07927 0.47385 0.04013 0.44213 0.04013 0.45799)
		3 V(13 14 19) M(0) UV(0.07927 0.47385 0.04013 0.45799 0.04013 0.44213)
		3 V(26 28 27) M(0) UV(0.07927 0.47385 0.04013 0.44213 0.04013 0.45799)
		3 V(26 29 28) M(0) UV(0.07927 0.47385 0.04013 0.45799 0.04013 0.44213)
		3 V(26 30 29) M(0) UV(0.07927 0.47385 0.04013 0.48971 0.04013 0.45799)
		3 V(26 31 30) M(0) UV(0.07927 0.47385 0.04013 0.50557 0.04013 0.48971)
		3 V(26 32 31) M(0) UV(0.07927 0.47385 0.04013 0.48971 0.04013 0.50557)
		3 V(26 27 32) M(0) UV(0.07927 0.47385 0.04013 0.45799 0.04013 0.48971)
		3 V(79 81 80) M(0) UV(0.61486 0.57303 0.61486 0.59492 0.61486 0.61681)
		3 V(79 82 81) M(0) UV(0.61486 0.57303 0.61486 0.55114 0.61486 0.59492)
		3 V(79 83 82) M(0) UV(0.61486 0.57303 0.61486 0.52925 0.61486 0.55114)
		3 V(79 84 83) M(0) UV(0.61486 0.57303 0.61486 0.55114 0.61486 0.52925)
		3 V(79 85 84) M(0) UV(0.61486 0.57303 0.61486 0.59492 0.61486 0.55114)
		3 V(79 80 85) M(0) UV(0.61486 0.57303 0.61486 0.61681 0.61486 0.59492)
		3 V(2 8 7) M(0) UV(0.09063 0.54929 0.62238 0.54929 0.62238 0.55548)
		3 V(2 7 1) M(0) UV(0.09063 0.54929 0.62238 0.55548 0.09063 0.55548)
		3 V(3 9 8) M(0) UV(0.09063 0.53690 0.62238 0.53690 0.62238 0.54929)
		3 V(3 8 2) M(0) UV(0.09063 0.53690 0.62238 0.54929 0.09063 0.54929)
		3 V(4 10 9) M(0) UV(0.09063 0.53070 0.62238 0.53070 0.62238 0.53690)
		3 V(4 9 3) M(0) UV(0.09063 0.53070 0.62238 0.53690 0.09063 0.53690)
		3 V(5 11 10) M(0) UV(0.09063 0.53690 0.62238 0.53690 0.62238 0.53070)
		3 V(5 10 4) M(0) UV(0.09063 0.53690 0.62238 0.53070 0.09063 0.53070)
		3 V(6 12 11) M(0) UV(0.09063 0.54929 0.62238 0.54929 0.62238 0.53690)
		3 V(6 11 5) M(0) UV(0.09063 0.54929 0.62238 0.53690 0.09063 0.53690)
		3 V(1 7 12) M(0) UV(0.09063 0.55548 0.62238 0.55548 0.62238 0.54929)
		3 V(1 12 6) M(0) UV(0.09063 0.55548 0.62238 0.54929 0.09063 0.54929)
		3 V(15 21 20) M(0) UV(0.09063 0.59420 0.62238 0.59420 0.62238 0.58181)
		3 V(15 20 14) M(0) UV(0.09063 0.59420 0.62238 0.58181 0.09063 0.58181)
		3 V(16 22 21) M(0) UV(0.09063 0.60039 0.62238 0.60039 0.62238 0.59420)
		3 V(16 21 15) M(0) UV(0.09063 0.60039 0.62238 0.59420 0.09063 0.59420)
		3 V(17 23 22) M(0) UV(0.09063 0.59420 0.62238 0.59420 0.62238 0.60039)
		3 V(17 22 16) M(0) UV(0.09063 0.59420 0.62238 0.60039 0.09063 0.60039)
		3 V(18 24 23) M(0) UV(0.09063 0.58181 0.62238 0.58181 0.62238 0.59420)
		3 V(18 23 17) M(0) UV(0.09063 0.58181 0.62238 0.59420 0.09063 0.59420)
		3 V(19 25 24) M(0) UV(0.09063 0.57561 0.62238 0.57561 0.62238 0.58181)
		3 V(19 24 18) M(0) UV(0.09063 0.57561 0.62238 0.58181 0.09063 0.58181)
		3 V(14 20 25) M(0) UV(0.09063 0.58181 0.62238 0.58181 0.62238 0.57561)
		3 V(14 25 19) M(0) UV(0.09063 0.58181 0.62238 0.57561 0.09063 0.57561)
		3 V(28 34 33) M(0) UV(0.09063 0.57561 0.62238 0.57561 0.62238 0.58181)
		3 V(28 33 27) M(0) UV(0.09063 0.57561 0.62238 0.58181 0.09063 0.58181)
		3 V(29 35 34) M(0) UV(0.09063 0.58181 0.62238 0.58181 0.62238 0.57561)
		3 V(29 34 28) M(0) UV(0.09063 0.58181 0.62238 0.57561 0.09063 0.57561)
		3 V(30 36 35) M(0) UV(0.09063 0.59420 0.62238 0.59420 0.62238 0.58181)
		3 V(30 35 29) M(0) UV(0.09063 0.59420 0.62238 0.58181 0.09063 0.58181)
		3 V(31 37 36) M(0) UV(0.09063 0.60039 0.62238 0.60039 0.62238 0.59420)
		3 V(31 36 30) M(0) UV(0.09063 0.60039 0.62238 0.59420 0.09063 0.59420)
		3 V(32 38 37) M(0) UV(0.09063 0.59420 0.62238 0.59420 0.62238 0.60039)
		3 V(32 37 31) M(0) UV(0.09063 0.59420 0.62238 0.60039 0.09063 0.60039)
		3 V(27 33 38) M(0) UV(0.09063 0.58181 0.62238 0.58181 0.62238 0.59420)
		3 V(27 38 32) M(0) UV(0.09063 0.58181 0.62238 0.59420 0.09063 0.59420)
		3 V(41 49 48) M(0) UV(0.01142 0.58787 0.11436 0.58787 0.11436 0.60236)
		3 V(41 48 40) M(0) UV(0.01142 0.58787 0.11436 0.60236 0.01142 0.60236)
		3 V(42 50 49) M(0) UV(0.01142 0.53549 0.11436 0.53549 0.11436 0.58787)
		3 V(42 49 41) M(0) UV(0.01142 0.53549 0.11436 0.58787 0.01142 0.58787)
		3 V(43 51 50) M(0) UV(0.01142 0.52634 0.11436 0.52634 0.11436 0.53549)
		3 V(43 50 42) M(0) UV(0.01142 0.52634 0.11436 0.53549 0.01142 0.53549)
		3 V(44 52 51) M(0) UV(0.01142 0.53549 0.11436 0.53549 0.11436 0.52634)
		3 V(44 51 43) M(0) UV(0.01142 0.53549 0.11436 0.52634 0.01142 0.52634)
		3 V(45 53 52) M(0) UV(0.01142 0.58787 0.11436 0.58787 0.11436 0.53549)
		3 V(45 52 44) M(0) UV(0.01142 0.58787 0.11436 0.53549 0.01142 0.53549)
		3 V(46 54 53) M(0) UV(0.01142 0.60236 0.11436 0.60236 0.11436 0.58787)
		3 V(46 53 45) M(0) UV(0.01142 0.60236 0.11436 0.58787 0.01142 0.58787)
		3 V(52 53 54) M(0) UV(0.11436 0.53549 0.11436 0.58787 0.11436 0.60236)
		3 V(52 54 47) M(0) UV(0.11436 0.53549 0.11436 0.60236 0.11436 0.60262)
		3 V(48 49 50) M(0) UV(0.11436 0.60236 0.11436 0.58787 0.11436 0.53549)
		3 V(48 50 47) M(0) UV(0.11436 0.60236 0.11436 0.53549 0.11436 0.60262)
		3 V(52 47 50) M(0) UV(0.11436 0.53549 0.11436 0.60262 0.11436 0.53549)
		3 V(52 50 51) M(0) UV(0.11436 0.53549 0.11436 0.53549 0.11436 0.52634)
		3 V(48 54 46) M(0) UV(0.11436 0.60236 0.11436 0.60236 0.01142 0.60236)
		3 V(48 46 40) M(0) UV(0.11436 0.60236 0.01142 0.60236 0.01142 0.60236)
		3 V(55 39 46) M(0) UV(0.10935 0.60262 0.01142 0.60262 0.01142 0.60236)
		3 V(55 46 62) M(0) UV(0.10935 0.60262 0.01142 0.60236 0.10935 0.60236)
		3 V(62 46 45) M(0) UV(0.10935 0.60236 0.01142 0.60236 0.01142 0.58787)
		3 V(62 45 61) M(0) UV(0.10935 0.60236 0.01142 0.58787 0.10935 0.58787)
		3 V(61 45 44) M(0) UV(0.10935 0.58787 0.01142 0.58787 0.01142 0.53549)
		3 V(61 44 60) M(0) UV(0.10935 0.58787 0.01142 0.53549 0.10935 0.53549)
		3 V(62 61 60) M(0) UV(0.10935 0.60236 0.10935 0.58787 0.10935 0.53549)
		3 V(62 60 55) M(0) UV(0.10935 0.60236 0.10935 0.53549 0.10935 0.60262)
		3 V(58 42 41) M(0) UV(0.10935 0.53549 0.01142 0.53549 0.01142 0.58787)
		3 V(58 41 57) M(0) UV(0.10935 0.53549 0.01142 0.58787 0.10935 0.58787)
		3 V(57 41 40) M(0) UV(0.10935 0.58787 0.01142 0.58787 0.01142 0.60236)
		3 V(57 40 56) M(0) UV(0.10935 0.58787 0.01142 0.60236 0.10935 0.60236)
		3 V(56 40 39) M(0) UV(0.10935 0.60236 0.01142 0.60236 0.01142 0.60262)
		3 V(56 39 55) M(0) UV(0.10935 0.60236 0.01142 0.60262 0.10935 0.60262)
		3 V(58 57 56) M(0) UV(0.10935 0.53549 0.10935 0.58787 0.10935 0.60236)
		3 V(58 56 55) M(0) UV(0.10935 0.53549 0.10935 0.60236 0.10935 0.60262)
		3 V(60 44 43) M(0) UV(0.10935 0.53549 0.01142 0.53549 0.01142 0.52634)
		3 V(60 43 59) M(0) UV(0.10935 0.53549 0.01142 0.52634 0.10935 0.52634)
		3 V(59 43 42) M(0) UV(0.10935 0.52634 0.01142 0.52634 0.01142 0.53549)
		3 V(59 42 58) M(0) UV(0.10935 0.52634 0.01142 0.53549 0.10935 0.53549)
		3 V(60 59 58) M(0) UV(0.10935 0.53549 0.10935 0.52634 0.10935 0.53549)
		3 V(60 58 55) M(0) UV(0.10935 0.53549 0.10935 0.53549 0.10935 0.60262)
		3 V(65 73 72) M(0) UV(0.17310 0.58787 0.18307 0.58787 0.18307 0.60236)
		3 V(65 72 64) M(0) UV(0.17310 0.58787 0.18307 0.60236 0.17310 0.60236)
		3 V(66 74 73) M(0) UV(0.17310 0.53549 0.18307 0.53549 0.18307 0.58787)
		3 V(66 73 65) M(0) UV(0.17310 0.53549 0.18307 0.58787 0.17310 0.58787)
		3 V(67 75 74) M(0) UV(0.17310 0.52634 0.18307 0.52634 0.18307 0.53549)
		3 V(67 74 66) M(0) UV(0.17310 0.52634 0.18307 0.53549 0.17310 0.53549)
		3 V(68 76 75) M(0) UV(0.17310 0.53549 0.18307 0.53549 0.18307 0.52634)
		3 V(68 75 67) M(0) UV(0.17310 0.53549 0.18307 0.52634 0.17310 0.52634)
		3 V(69 77 76) M(0) UV(0.17310 0.58787 0.18307 0.58787 0.18307 0.53549)
		3 V(69 76 68) M(0) UV(0.17310 0.58787 0.18307 0.53549 0.17310 0.53549)
		3 V(70 78 77) M(0) UV(0.17310 0.60236 0.18307 0.60236 0.18307 0.58787)
		3 V(70 77 69) M(0) UV(0.17310 0.60236 0.18307 0.58787 0.17310 0.58787)
		3 V(70 69 68) M(0) UV(0.17310 0.60236 0.17310 0.58787 0.17310 0.53549)
		3 V(70 68 63) M(0) UV(0.17310 0.60236 0.17310 0.53549 0.17310 0.60262)
		3 V(66 65 64) M(0) UV(0.17310 0.53549 0.17310 0.58787 0.17310 0.60236)
		3 V(66 64 63) M(0) UV(0.17310 0.53549 0.17310 0.60236 0.17310 0.60262)
		3 V(68 67 66) M(0) UV(0.17310 0.53549 0.17310 0.52634 0.17310 0.53549)
		3 V(68 66 63) M(0) UV(0.17310 0.53549 0.17310 0.53549 0.17310 0.60262)
		3 V(76 77 78) M(0) UV(0.18307 0.53549 0.18307 0.58787 0.18307 0.60236)
		3 V(76 78 71) M(0) UV(0.18307 0.53549 0.18307 0.60236 0.18307 0.60262)
		3 V(72 73 74) M(0) UV(0.18307 0.60236 0.18307 0.58787 0.18307 0.53549)
		3 V(72 74 71) M(0) UV(0.18307 0.60236 0.18307 0.53549 0.18307 0.60262)
		3 V(76 71 74) M(0) UV(0.18307 0.53549 0.18307 0.60262 0.18307 0.53549)
		3 V(76 74 75) M(0) UV(0.18307 0.53549 0.18307 0.53549 0.18307 0.52634)
		3 V(72 78 70) M(0) UV(0.18307 0.60236 0.18307 0.60236 0.17310 0.60236)
		3 V(72 70 64) M(0) UV(0.18307 0.60236 0.17310 0.60236 0.17310 0.60236)
		3 V(81 87 86) M(0) UV(0.61486 0.59492 0.62241 0.59492 0.62241 0.61681)
		3 V(81 86 80) M(0) UV(0.61486 0.59492 0.62241 0.61681 0.61486 0.61681)
		3 V(82 88 87) M(0) UV(0.61486 0.55114 0.62241 0.55114 0.62241 0.59492)
		3 V(82 87 81) M(0) UV(0.61486 0.55114 0.62241 0.59492 0.61486 0.59492)
		3 V(83 89 88) M(0) UV(0.61486 0.52925 0.62241 0.52925 0.62241 0.55114)
		3 V(83 88 82) M(0) UV(0.61486 0.52925 0.62241 0.55114 0.61486 0.55114)
		3 V(84 90 89) M(0) UV(0.61486 0.55114 0.62241 0.55114 0.62241 0.52925)
		3 V(84 89 83) M(0) UV(0.61486 0.55114 0.62241 0.52925 0.61486 0.52925)
		3 V(85 91 90) M(0) UV(0.61486 0.59492 0.62241 0.59492 0.62241 0.55114)
		3 V(85 90 84) M(0) UV(0.61486 0.59492 0.62241 0.55114 0.61486 0.55114)
		3 V(80 86 91) M(0) UV(0.61486 0.61681 0.62241 0.61681 0.62241 0.59492)
		3 V(80 91 85) M(0) UV(0.61486 0.61681 0.62241 0.59492 0.61486 0.59492)
	}
}
Eof
