Metasequoia Document
Format Text Ver 1.1

Scene {
	pos 9.0334 -14.6230 2309.5972
	lookat -1.1401 66.9946 37.9825
	head -0.5836
	pich 0.0736
	bank 0.0000
	ortho 0
	zoom2 3.2473
	amb 0.250 0.250 0.250
	dirlights 1 {
		light {
			dir 0.408 0.408 0.816
			color 1.000 1.000 1.000
		}
	}
}
Material 1 {
	"mat1" shader(3) col(1.000 1.000 1.000 1.000) dif(0.800) amb(0.600) emi(0.000) spc(0.000) power(5.00) tex("..\..\textures\vehicles\tow.png")
}
Object "$body" {
	depth 0
	folding 0
	scale 1.000000 1.000000 1.000000
	rotation 0.000000 0.000000 0.000000
	translation 0.000000 0.000000 0.000000
	visible 15
	locking 0
	shading 1
	facet 59.5
	color 0.898 0.498 0.698
	color_type 0
	vertex 42 {
		-26.6548 55.9186 -25.9886
		-18.4247 50.7918 -23.5393
		-121.3114 -22.0315 -104.8447
		-23.7502 49.4209 -11.7070
		-126.6369 -23.4025 -93.0124
		-31.9801 54.5476 -14.1562
		-134.8668 -18.2757 -95.4615
		-129.5414 -16.9047 -107.2939
		-6.4418 49.7914 25.4333
		-6.4418 -25.2433 159.5578
		-6.4418 -20.0935 168.7630
		5.9182 49.7914 25.4333
		5.9182 -25.2433 159.5578
		5.9182 54.9411 34.6386
		5.9182 -20.0935 168.7630
		29.6999 54.1907 -13.1321
		21.4699 49.0640 -10.6829
		124.3566 -23.7593 -91.9883
		16.1444 50.4349 -22.5151
		119.0311 -22.3884 -103.8206
		24.3745 55.5617 -24.9644
		127.2612 -17.2616 -106.2699
		132.5866 -18.6326 -94.4374
		-25.3889 56.2854 -30.0640
		-25.3889 34.0781 -30.0640
		-35.4217 34.0781 -2.8917
		24.7754 56.2854 -30.0640
		24.7754 34.0781 -30.0640
		-0.3067 34.0781 -40.9330
		24.7754 56.2854 24.2806
		24.7754 34.0781 24.2806
		34.8083 34.0781 -2.8917
		-25.3889 56.2854 24.2806
		-25.3889 34.0781 24.2806
		-0.3067 34.0781 35.1496
		-0.3067 56.2854 -40.9330
		-0.3067 56.2854 35.1496
		34.8083 56.2854 -2.8917
		-35.4217 56.2854 -2.8917
		27.0372 54.8762 -19.0482
		-29.3174 55.2330 -20.0723
		-6.4418 54.9411 34.6386
	}
	face 67 {
		3 V(2 1 0) M(0) UV(0.74228 0.40864 0.97125 0.40864 0.96441 0.42229)
		3 V(4 3 1) M(0) UV(0.74548 0.38898 0.97445 0.38898 0.97125 0.40864)
		3 V(4 6 5) M(0) UV(0.74548 0.38898 0.73863 0.37533 0.96761 0.37533)
		3 V(4 2 7) M(0) UV(0.75736 0.34025 0.77728 0.34025 0.77636 0.35549)
		3 V(10 9 8) M(0) UV(0.72441 0.31067 0.73172 0.31254 0.99103 0.30817)
		3 V(9 12 11) M(0) UV(0.73172 0.31254 0.73077 0.30805 0.99372 0.30857)
		3 V(12 14 13) M(0) UV(0.73077 0.30805 0.72171 0.31027 0.98467 0.31078)
		3 V(12 9 10) M(0) UV(0.73077 0.30805 0.73172 0.31254 0.72441 0.31067)
		3 V(17 16 15) M(0) UV(0.96441 0.43611 0.73543 0.43611 0.74228 0.42247)
		3 V(19 18 16) M(0) UV(0.96761 0.45577 0.73863 0.45577 0.73543 0.43611)
		3 V(19 21 20) M(0) UV(0.96761 0.45577 0.97445 0.46942 0.74548 0.46942)
		3 V(17 22 21) M(0) UV(0.89122 0.62962 0.90646 0.62870 0.90646 0.64862)
		3 V(25 24 23) M(0) UV(0.89044 0.59991 0.84499 0.64954 0.83051 0.60992)
		3 V(28 27 26) M(0) UV(0.78118 0.64954 0.73543 0.60499 0.77480 0.59090)
		3 V(31 30 29) M(0) UV(0.73604 0.53888 0.78149 0.48926 0.79596 0.52888)
		3 V(34 33 32) M(0) UV(0.84530 0.48926 0.89104 0.53380 0.85168 0.54789)
		3 V(24 28 35) M(0) UV(0.84499 0.64954 0.78118 0.64954 0.79895 0.61121)
		3 V(30 34 36) M(0) UV(0.78149 0.48926 0.84530 0.48926 0.82753 0.52758)
		3 V(27 31 37) M(0) UV(0.73543 0.60499 0.73604 0.53888 0.77494 0.55623)
		3 V(33 25 38) M(0) UV(0.89104 0.53380 0.89044 0.59991 0.85153 0.58256)
		3 V(21 39 20) M(0) UV(0.97445 0.46942 0.74388 0.47925 0.74548 0.46942)
		3 V(38 23 35) M(0) UV(0.85153 0.58256 0.83051 0.60992 0.79895 0.61121)
		3 V(13 14 10) M(0) UV(0.98467 0.31078 0.72171 0.31027 0.72441 0.31067)
		3 V(7 0 40) M(0) UV(0.73543 0.35567 0.96441 0.35567 0.96601 0.36550)
		3 V(9 11 8) M(0) UV(0.73172 0.31254 0.99372 0.30857 0.99103 0.30817)
		3 V(12 13 11) M(0) UV(0.73077 0.30805 0.98467 0.31078 0.99372 0.30857)
		3 V(2 0 7) M(0) UV(0.74228 0.40864 0.96441 0.42229 0.73543 0.42229)
		3 V(4 7 6) M(0) UV(0.75736 0.34025 0.77636 0.35549 0.75645 0.35549)
		3 V(10 8 41) M(0) UV(0.72441 0.31067 0.99103 0.30817 0.98372 0.30629)
		3 V(4 5 3) M(0) UV(0.74548 0.38898 0.96761 0.37533 0.97445 0.38898)
		3 V(4 1 2) M(0) UV(0.74548 0.38898 0.97125 0.40864 0.74228 0.40864)
		3 V(12 10 14) M(0) UV(0.73077 0.30805 0.72441 0.31067 0.72171 0.31027)
		3 V(17 15 22) M(0) UV(0.96441 0.43611 0.74228 0.42247 0.97125 0.42247)
		3 V(19 16 17) M(0) UV(0.96761 0.45577 0.73543 0.43611 0.96441 0.43611)
		3 V(19 20 18) M(0) UV(0.96761 0.45577 0.74548 0.46942 0.73863 0.45577)
		3 V(17 21 19) M(0) UV(0.89122 0.62962 0.90646 0.64862 0.89122 0.64954)
		3 V(25 23 38) M(0) UV(0.89044 0.59991 0.83051 0.60992 0.85153 0.58256)
		3 V(28 26 35) M(0) UV(0.78118 0.64954 0.77480 0.59090 0.79895 0.61121)
		3 V(31 29 37) M(0) UV(0.73604 0.53888 0.79596 0.52888 0.77494 0.55623)
		3 V(34 32 36) M(0) UV(0.84530 0.48926 0.85168 0.54789 0.82753 0.52758)
		3 V(24 35 23) M(0) UV(0.84499 0.64954 0.79895 0.61121 0.83051 0.60992)
		3 V(30 36 29) M(0) UV(0.78149 0.48926 0.82753 0.52758 0.79596 0.52888)
		3 V(27 37 26) M(0) UV(0.73543 0.60499 0.77494 0.55623 0.77480 0.59090)
		3 V(33 38 32) M(0) UV(0.89104 0.53380 0.85153 0.58256 0.85168 0.54789)
		3 V(22 15 39) M(0) UV(0.97126 0.48908 0.74228 0.48908 0.74388 0.47925)
		3 V(36 32 38) M(0) UV(0.82753 0.52758 0.85168 0.54789 0.85153 0.58256)
		3 V(37 29 36) M(0) UV(0.77494 0.55623 0.79596 0.52888 0.82753 0.52758)
		3 V(21 22 39) M(0) UV(0.97445 0.46942 0.97126 0.48908 0.74388 0.47925)
		3 V(35 26 37) M(0) UV(0.79895 0.61121 0.77480 0.59090 0.77494 0.55623)
		3 V(41 13 10) M(0) UV(0.98372 0.30629 0.98467 0.31078 0.72441 0.31067)
		3 V(37 36 38) M(0) UV(0.77494 0.55623 0.82753 0.52758 0.85153 0.58256)
		3 V(38 35 37) M(0) UV(0.85153 0.58256 0.79895 0.61121 0.77494 0.55623)
		3 V(40 5 6) M(0) UV(0.96601 0.36550 0.96761 0.37533 0.73863 0.37533)
		3 V(41 36 13) M(0) UV(0.77746 0.35549 0.78683 0.35330 0.79633 0.35549)
		3 V(6 7 40) M(0) UV(0.73863 0.37533 0.73543 0.35567 0.96601 0.36550)
		3 V(3 5 0) M(0) UV(0.89122 0.59692 0.90646 0.59600 0.90646 0.61592)
		3 V(13 41 8) M(0) UV(0.98467 0.31078 0.98372 0.30629 0.99103 0.30817)
		3 V(20 15 16) M(0) UV(0.75535 0.35549 0.73543 0.35549 0.73635 0.34025)
		3 V(3 0 1) M(0) UV(0.89122 0.59692 0.90646 0.61592 0.89122 0.61684)
		3 V(13 8 11) M(0) UV(0.98467 0.31078 0.99103 0.30817 0.99372 0.30857)
		3 V(20 16 18) M(0) UV(0.75535 0.35549 0.73635 0.34025 0.75627 0.34025)
		3 V(27 28 24) M(0) UV(0.96149 0.59582 0.91976 0.59582 0.89122 0.56538)
		3 V(30 25 33) M(0) UV(0.99447 0.51970 0.89367 0.52123 0.92421 0.48926)
		3 V(33 34 30) M(0) UV(0.92421 0.48926 0.96594 0.48926 0.99447 0.51970)
		3 V(25 27 24) M(0) UV(0.89367 0.52123 0.96149 0.59582 0.89122 0.56538)
		3 V(30 31 25) M(0) UV(0.99447 0.51970 0.99203 0.56385 0.89367 0.52123)
		3 V(25 31 27) M(0) UV(0.89367 0.52123 0.99203 0.56385 0.96149 0.59582)
	}
}
Object "$part0" {
	depth 0
	folding 0
	scale 1.000000 1.000000 1.000000
	rotation 0.000000 0.000000 0.000000
	translation 0.000000 0.000000 0.000000
	visible 15
	locking 0
	shading 1
	facet 59.5
	color 0.898 0.498 0.698
	color_type 0
	vertex 313 {
		71.5604 139.4333 26.8428
		71.5604 139.4333 -21.1660
		51.4376 142.2462 -21.2772
		75.9070 126.9182 26.8428
		71.6334 116.7605 26.8428
		71.6334 115.3441 -21.3884
		20.8379 139.3660 -12.6095
		20.8379 139.3660 26.8428
		33.3792 139.3660 26.8428
		75.9070 126.2100 -21.2772
		51.4376 142.2462 26.8429
		33.3792 139.3661 -21.3884
		33.3792 139.3661 -12.6094
		2.0004 130.6792 19.4063
		6.3749 129.4700 103.1271
		7.8514 128.8222 19.4063
		9.2103 127.9544 103.1271
		11.6955 125.9148 19.4063
		13.7351 123.4295 103.1271
		14.7592 121.8266 19.4063
		15.8356 119.0916 103.1336
		16.1840 117.5175 19.4063
		16.4991 114.3180 103.1271
		16.4659 112.7060 19.4063
		16.1840 111.1184 103.1271
		15.2507 108.0418 19.4063
		13.7351 105.2064 103.1271
		12.6462 103.6472 19.4064
		9.2103 100.6816 103.1271
		7.8514 99.8136 19.4063
		6.3749 99.1660 103.1271
		3.2983 98.2327 19.4063
		0.0987 97.9176 103.1271
		-1.8029 97.9568 19.4063
		-4.6751 98.5811 103.1335
		-6.1775 99.1660 19.4063
		-9.0129 100.6816 103.1271
		-10.3347 101.6047 19.4063
		-11.4981 102.7212 103.1271
		-14.2893 106.2999 19.4063
		-15.0533 108.0418 103.1271
		-16.2625 112.4163 19.4063
		-16.3017 114.3180 103.1271
		-15.6918 119.1080 19.4063
		-13.5377 123.4296 103.1271
		-12.6149 124.7509 19.4064
		-11.4981 125.9148 103.1271
		-9.0128 127.9544 19.4063
		-6.1774 129.4700 103.1271
		-4.4056 130.1615 19.4063
		1.4254 130.7345 103.1334
		-0.8350 110.1661 131.3589
		-2.9024 111.3169 131.3586
		-0.2413 118.5272 131.3584
		1.8245 118.2078 131.3589
		3.9480 116.2381 131.3594
		4.1080 112.6573 131.3602
		-13.5377 105.2064 103.1271
		-4.0879 113.4853 131.3590
		-15.6837 118.9409 103.1958
		-3.9202 115.6147 131.3586
		1.7321 110.3742 131.3588
		-3.1008 130.4032 103.1271
		-2.5353 117.7187 131.3598
		11.6955 125.9148 103.1271
		3.2983 98.2327 103.1271
		11.6955 102.7212 103.1271
		15.2507 108.0418 103.1271
		-15.9866 111.1184 103.1271
		-9.0128 127.9544 103.1271
		55.8129 133.8730 34.8063
		54.1789 128.4263 34.8063
		66.7064 122.9795 34.8063
		61.2596 135.5071 34.8063
		66.7064 133.8730 34.8063
		68.3405 128.4263 34.8063
		55.8129 122.9795 34.8063
		61.2596 121.3455 34.8063
		50.2108 128.4263 34.7571
		38.6296 133.4616 34.7571
		37.1191 128.4263 34.7571
		38.6296 123.3910 34.7571
		43.6649 121.8805 34.7571
		48.7002 123.3910 34.7571
		48.7002 133.4616 34.7571
		43.6649 134.9722 34.7571
		33.3792 91.8049 26.8428
		-20.8978 91.9838 26.8428
		-20.8978 91.9838 -30.1871
		-20.8979 138.7977 -30.1871
		20.8379 84.5587 -30.1871
		28.8901 84.5587 -30.1871
		28.8901 84.5587 26.8428
		-29.9684 84.5587 26.8428
		-33.6264 91.9838 26.8428
		-33.6264 91.9838 -30.1871
		20.8379 91.9838 26.8428
		20.8379 91.9838 -30.1871
		-29.9684 84.5587 -30.1871
		48.7002 133.4616 39.0682
		50.2108 128.4264 39.0682
		68.3405 128.4264 38.8931
		61.2596 121.3455 38.8931
		55.8129 122.9795 38.8931
		54.1789 128.4264 38.8931
		55.8129 133.8731 38.8931
		61.2596 135.5071 38.8931
		66.7064 122.9795 38.8931
		66.7064 133.8731 38.8931
		55.0641 128.2787 -26.0504
		56.6236 123.0804 -20.6542
		55.0641 128.2787 -20.6542
		61.8221 135.0366 -26.0504
		56.6236 133.4771 -20.6542
		61.8221 135.0366 -20.6542
		67.0204 133.4771 -26.0504
		68.5800 128.2787 -20.6542
		68.5800 128.2787 -26.0504
		67.0204 123.0804 -20.6542
		61.8221 121.8277 -26.1538
		67.0204 123.0804 -26.0504
		56.6236 133.4771 -26.0504
		67.0204 133.4771 -20.6542
		56.6236 123.0804 -26.0504
		33.3786 146.7708 -12.5848
		33.3792 139.3661 -30.1871
		33.3791 146.7706 -30.1871
		20.8379 139.3660 -30.1871
		-20.1456 146.7706 -30.1871
		-22.9548 159.2325 -28.6180
		-31.0277 159.2325 -28.6180
		-31.0277 159.2325 -16.9623
		-20.1456 146.7706 -12.6095
		-33.6264 138.7977 -30.1871
		-33.6264 138.7977 -13.1453
		-33.8368 146.7706 -12.6095
		-33.8368 146.7706 -30.1871
		43.6649 121.8806 39.0682
		38.6296 123.3911 39.0682
		37.1191 128.4264 39.0682
		43.6649 134.9722 39.0682
		48.7002 123.3911 39.0682
		38.6296 133.4616 39.0682
		33.3792 114.4825 -21.3884
		51.8795 112.1478 -21.3884
		51.8795 112.8562 26.8428
		33.3792 114.4825 26.8428
		-19.9878 138.9400 -13.0111
		66.7064 133.8731 26.9053
		68.3405 128.4263 26.9053
		66.7064 122.9795 26.9053
		61.2596 121.3455 26.9053
		54.1789 128.4263 26.9053
		61.2596 135.5071 26.9053
		55.8129 133.8731 26.9053
		55.8129 122.9795 26.9053
		48.7002 133.4616 27.0856
		50.2108 128.4263 27.0856
		48.7002 123.3910 27.0856
		43.6649 121.8805 27.0856
		38.6296 123.3910 27.0856
		37.1191 128.4263 27.0856
		38.6296 133.4616 27.0856
		43.6649 134.9722 27.0856
		56.6236 123.0804 -29.5863
		55.0641 128.2787 -29.5863
		56.6236 133.4771 -29.5863
		61.8221 135.0366 -29.5863
		68.5800 128.2787 -29.5863
		61.8221 121.5207 -29.5863
		67.0204 123.0804 -29.5863
		67.0204 133.4771 -29.5863
		20.2706 109.0621 180.9864
		19.3870 121.0919 180.9865
		18.6117 119.6241 183.1931
		14.6583 127.1080 182.3725
		-5.6383 93.7869 180.9705
		-3.8560 94.2356 183.2112
		-14.2761 100.0381 183.2081
		19.4924 112.0448 183.1933
		17.3257 104.5413 183.2590
		12.5749 98.6422 183.1305
		15.7081 100.2631 180.9707
		9.3999 95.2680 180.9702
		3.3035 93.7102 182.1995
		-19.4161 110.2581 183.2082
		-18.6116 119.6241 183.1932
		-19.3871 121.0915 180.9866
		-18.2935 104.1033 180.9049
		19.2319 117.9321 -90.7479
		19.5081 115.4304 55.9708
		18.0102 105.6254 55.9154
		-13.7161 127.7694 183.0986
		-11.7544 130.7578 181.1141
		-5.6428 132.3521 183.1988
		-1.7393 133.1021 55.8810
		6.0048 132.2320 55.9267
		1.5751 133.1141 -90.7564
		12.6703 128.5170 55.9266
		12.2196 129.3559 -90.7770
		17.2993 122.6777 55.8808
		13.8827 99.7054 -90.7693
		12.1378 98.2873 55.9264
		5.3474 94.8098 55.9263
		-16.4301 124.6154 -90.7474
		-15.3332 125.7590 55.9263
		-9.3315 130.8474 55.9693
		-2.1476 94.1808 55.9719
		4.3119 94.3887 -90.7479
		-9.2774 96.3985 55.9202
		-8.8928 95.7922 -90.7592
		-16.4408 102.7458 55.9063
		-19.4743 111.7677 55.9205
		-18.0249 105.6480 -90.7701
		-18.7346 119.1266 55.8804
		-19.4919 115.2208 -90.7605
		19.6995 113.1262 72.9532
		17.1409 104.2653 72.9900
		19.6101 100.5413 67.3535
		-7.5222 131.7802 -90.7571
		-9.1593 135.5859 61.5194
		-3.8366 132.8961 73.1076
		-2.0097 137.1646 67.2754
		-12.6362 133.7626 67.3378
		-1.9202 94.1248 72.8483
		-9.2519 91.9461 67.2410
		2.3068 90.4640 67.4442
		5.6096 132.3612 72.9496
		6.9087 136.2198 67.3343
		-19.6995 113.1263 72.9534
		-23.3730 116.2168 67.2734
		-22.4686 107.1682 67.3837
		5.7390 94.9188 72.9499
		17.8887 128.9835 61.5441
		22.3453 120.9846 61.5443
		-11.2112 93.2125 61.4855
		19.9901 101.1348 61.5308
		9.5985 92.1674 61.5301
		-18.1902 128.6063 61.5357
		20.7541 124.7706 67.3349
		17.3297 122.7587 72.9008
		-17.0814 104.0988 72.9437
		-18.3867 99.2137 67.3264
		23.6632 113.6565 67.3530
		12.4593 98.5390 72.9496
		11.0061 93.0423 67.3347
		10.7092 134.6684 61.5443
		2.0303 137.1646 61.5949
		14.9708 131.8717 67.3340
		-18.0833 98.8275 61.5354
		-2.2934 90.3858 61.5436
		-23.1635 109.0467 61.5169
		12.3552 128.7876 72.9497
		-20.4894 125.2039 67.3258
		-22.4777 120.5128 61.5354
		-17.3298 122.7581 72.9008
		23.4014 111.8893 61.5443
		-10.7229 97.1487 73.0351
		-12.3554 128.7866 72.9490
		17.2319 113.1916 2.8432
		2.0769 133.0703 183.2590
		-2.1956 130.9063 2.8430
		9.2168 128.1863 2.8432
		7.7779 98.0280 2.8430
		15.1117 121.6978 2.8433
		-11.0807 126.6498 2.8433
		-11.0124 100.2021 2.8431
		-16.6114 118.6595 2.8431
		24.4469 120.6036 -95.1907
		-7.8058 89.4241 -95.1856
		4.4011 88.3792 -95.2034
		-18.5507 95.9467 -95.1745
		10.3905 137.0410 -95.1867
		-4.4011 138.8616 -95.2035
		25.0676 108.6646 -95.2023
		18.7490 107.9337 -90.7564
		-24.2000 121.4156 -95.1786
		-25.2412 109.2193 -95.2033
		-17.6946 132.1517 -95.1941
		19.9259 129.4114 -95.1786
		19.3661 130.0907 -105.1276
		2.7047 138.8606 -105.0653
		24.9924 119.2413 -105.1135
		16.4706 94.2546 -105.1278
		18.1851 95.4599 -95.1739
		23.9033 104.4094 -105.1136
		-4.6656 88.4299 -104.9976
		-23.7171 104.1219 -105.0068
		-25.3309 115.8124 -105.1861
		-15.2078 115.1181 -90.1463
		-21.3636 127.8959 -105.1104
		-9.2112 137.5236 -105.1135
		11.7184 136.1847 -105.1862
		11.9640 123.4391 -90.1408
		1.5288 129.1426 -90.1364
		-5.9991 99.1375 -90.1433
		-16.2701 94.0250 -105.1870
		5.5272 99.2776 -90.1442
		11.8123 103.9259 -90.1462
		7.8053 89.4256 -105.1280
		-11.0797 124.7000 -90.1327
		0.0001 134.4582 180.7420
		9.6381 131.2474 182.0998
		-13.1042 97.6525 180.9707
		-20.4712 111.4107 181.0392
		33.3792 114.4825 -30.1871
		-14.0503 107.3869 -90.1442
		15.4966 112.5339 -90.1389
		14.9407 105.2946 2.8434
		-16.3972 108.6464 2.8433
		-1.9749 96.6307 2.8433
		61.8221 122.2958 -20.9153
		-22.9548 159.2325 -16.9623
	}
	face 587 {
		3 V(15 14 13) M(0) UV(0.30086 0.98762 0.46631 0.94310 0.29532 0.98712)
		3 V(15 17 16) M(0) UV(0.30086 0.98762 0.30508 0.98956 0.46538 0.93610)
		3 V(19 18 17) M(0) UV(0.30871 0.99120 0.46375 0.92154 0.30508 0.98956)
		3 V(21 20 19) M(0) UV(0.31209 0.99319 0.46161 0.91090 0.30871 0.99120)
		3 V(23 22 21) M(0) UV(0.31509 0.99501 0.45916 0.90001 0.31209 0.99319)
		3 V(23 25 24) M(0) UV(0.31509 0.99501 0.31774 0.99683 0.45835 0.89158)
		3 V(27 26 25) M(0) UV(0.31989 0.99856 0.45634 0.87363 0.31774 0.99683)
		3 V(29 28 27) M(0) UV(0.32092 0.99965 0.45355 0.85415 0.31989 0.99856)
		3 V(29 31 30) M(0) UV(0.32092 0.99965 0.32381 0.99427 0.45195 0.84355)
		3 V(33 32 31) M(0) UV(0.32547 0.98887 0.44745 0.82095 0.32381 0.99427)
		3 V(35 34 33) M(0) UV(0.32684 0.98460 0.44105 0.80660 0.32547 0.98887)
		3 V(37 36 35) M(0) UV(0.32727 0.98056 0.43371 0.79191 0.32684 0.98460)
		3 V(37 39 38) M(0) UV(0.32727 0.98056 0.32488 0.97613 0.42921 0.77888)
		3 V(39 41 40) M(0) UV(0.32488 0.97613 0.32067 0.97301 0.41820 0.75129)
		3 V(41 43 42) M(0) UV(0.32067 0.97301 0.31445 0.97167 0.40426 0.72198)
		3 V(45 44 43) M(0) UV(0.30822 0.97273 0.37354 0.70423 0.31445 0.97167)
		3 V(45 47 46) M(0) UV(0.30822 0.97273 0.30549 0.97575 0.36157 0.70445)
		3 V(49 48 47) M(0) UV(0.30198 0.98008 0.33834 0.70473 0.30549 0.97575)
		3 V(29 19 15) M(0) UV(0.66457 0.52107 0.70434 0.54783 0.70221 0.56815)
		3 V(13 50 49) M(0) UV(0.29532 0.98712 0.31151 0.70423 0.30198 0.98008)
		3 V(52 51 36) M(0) UV(0.59013 0.64751 0.58873 0.64803 0.57593 0.59920)
		3 V(54 53 50) M(0) UV(0.59149 0.65242 0.59251 0.65158 0.62927 0.68605)
		3 V(56 55 22) M(0) UV(0.58800 0.65130 0.58974 0.65252 0.55351 0.69044)
		3 V(40 58 57) M(0) UV(0.60425 0.59958 0.59166 0.64775 0.59495 0.59762)
		3 V(60 58 59) M(0) UV(0.59261 0.64874 0.59166 0.64775 0.63265 0.61939)
		3 V(16 54 14) M(0) UV(0.60536 0.70128 0.59149 0.65242 0.61428 0.69757)
		3 V(30 61 28) M(0) UV(0.53862 0.63565 0.58783 0.64937 0.53661 0.64527)
		3 V(34 51 32) M(0) UV(0.56013 0.60634 0.58873 0.64803 0.54718 0.61814)
		3 V(20 55 18) M(0) UV(0.56884 0.69960 0.58974 0.65252 0.58612 0.70353)
		3 V(53 63 62) M(0) UV(0.59251 0.65158 0.59305 0.65021 0.63797 0.67286)
		3 V(38 52 36) M(0) UV(0.58539 0.59762 0.59013 0.64751 0.57593 0.59920)
		3 V(55 54 64) M(0) UV(0.58974 0.65252 0.59149 0.65242 0.59593 0.70349)
		3 V(65 61 30) M(0) UV(0.54218 0.62652 0.58783 0.64937 0.53862 0.63565)
		3 V(57 52 38) M(0) UV(0.59495 0.59762 0.59013 0.64751 0.58539 0.59762)
		3 V(28 61 66) M(0) UV(0.53661 0.64527 0.58783 0.64937 0.53623 0.65513)
		3 V(63 60 44) M(0) UV(0.59305 0.65021 0.59261 0.64874 0.64079 0.63541)
		3 V(18 55 64) M(0) UV(0.58612 0.70353 0.58974 0.65252 0.59593 0.70349)
		3 V(51 61 32) M(0) UV(0.58873 0.64803 0.58783 0.64937 0.54718 0.61814)
		3 V(13 14 50) M(0) UV(0.29532 0.98712 0.46631 0.94310 0.46844 0.95364)
		3 V(15 16 14) M(0) UV(0.30086 0.98762 0.46538 0.93610 0.46631 0.94310)
		3 V(16 17 64) M(0) UV(0.46538 0.93610 0.30508 0.98956 0.46461 0.92888)
		3 V(17 18 64) M(0) UV(0.30508 0.98956 0.46375 0.92154 0.46461 0.92888)
		3 V(18 19 20) M(0) UV(0.46375 0.92154 0.30871 0.99120 0.46161 0.91090)
		3 V(21 22 20) M(0) UV(0.31209 0.99319 0.45916 0.90001 0.46161 0.91090)
		3 V(23 24 22) M(0) UV(0.31509 0.99501 0.45835 0.89158 0.45916 0.90001)
		3 V(24 25 67) M(0) UV(0.45835 0.89158 0.31774 0.99683 0.45748 0.88274)
		3 V(25 26 67) M(0) UV(0.31774 0.99683 0.45634 0.87363 0.45748 0.88274)
		3 V(26 27 66) M(0) UV(0.45634 0.87363 0.31989 0.99856 0.45511 0.86404)
		3 V(27 28 66) M(0) UV(0.31989 0.99856 0.45355 0.85415 0.45511 0.86404)
		3 V(29 30 28) M(0) UV(0.32092 0.99965 0.45195 0.84355 0.45355 0.85415)
		3 V(30 31 65) M(0) UV(0.45195 0.84355 0.32381 0.99427 0.44995 0.83240)
		3 V(31 32 65) M(0) UV(0.32381 0.99427 0.44745 0.82095 0.44995 0.83240)
		3 V(32 33 34) M(0) UV(0.44745 0.82095 0.32547 0.98887 0.44105 0.80660)
		3 V(35 36 34) M(0) UV(0.32684 0.98460 0.43371 0.79191 0.44105 0.80660)
		3 V(37 38 36) M(0) UV(0.32727 0.98056 0.42921 0.77888 0.43371 0.79191)
		3 V(38 39 57) M(0) UV(0.42921 0.77888 0.32488 0.97613 0.42409 0.76518)
		3 V(39 40 57) M(0) UV(0.32488 0.97613 0.41820 0.75129 0.42409 0.76518)
		3 V(40 41 68) M(0) UV(0.41820 0.75129 0.32067 0.97301 0.41166 0.73671)
		3 V(41 42 68) M(0) UV(0.32067 0.97301 0.40426 0.72198 0.41166 0.73671)
		3 V(42 43 59) M(0) UV(0.40426 0.72198 0.31445 0.97167 0.39163 0.70499)
		3 V(43 44 59) M(0) UV(0.31445 0.97167 0.37354 0.70423 0.39163 0.70499)
		3 V(45 46 44) M(0) UV(0.30822 0.97273 0.36157 0.70445 0.37354 0.70423)
		3 V(46 47 69) M(0) UV(0.36157 0.70445 0.30549 0.97575 0.34988 0.70454)
		3 V(47 48 69) M(0) UV(0.30549 0.97575 0.33834 0.70473 0.34988 0.70454)
		3 V(43 41 39) M(0) UV(0.65139 0.58294 0.64178 0.57282 0.63705 0.56033)
		3 V(45 47 49) M(0) UV(0.30822 0.97273 0.30549 0.97575 0.30198 0.98008)
		3 V(33 45 43) M(0) UV(0.64649 0.53059 0.66371 0.58810 0.65139 0.58294)
		3 V(39 37 35) M(0) UV(0.63705 0.56033 0.63737 0.54758 0.64095 0.53823)
		3 V(31 29 33) M(0) UV(0.65512 0.52441 0.66457 0.52107 0.64649 0.53059)
		3 V(25 29 27) M(0) UV(0.68725 0.52482 0.66457 0.52107 0.67732 0.52107)
		3 V(21 19 23) M(0) UV(0.70106 0.53899 0.70434 0.54783 0.69528 0.53082)
		3 V(49 13 15) M(0) UV(0.30198 0.98008 0.29532 0.98712 0.30086 0.98762)
		3 V(25 19 29) M(0) UV(0.68725 0.52482 0.70434 0.54783 0.66457 0.52107)
		3 V(15 17 19) M(0) UV(0.70221 0.56815 0.70468 0.55845 0.70434 0.54783)
		3 V(49 33 29) M(0) UV(0.68405 0.58623 0.64649 0.53059 0.66457 0.52107)
		3 V(49 62 48) M(0) UV(0.30198 0.98008 0.32704 0.70469 0.33834 0.70473)
		3 V(23 19 25) M(0) UV(0.69528 0.53082 0.70434 0.54783 0.68725 0.52482)
		3 V(49 45 33) M(0) UV(0.68405 0.58623 0.66371 0.58810 0.64649 0.53059)
		3 V(43 39 33) M(0) UV(0.65139 0.58294 0.63705 0.56033 0.64649 0.53059)
		3 V(49 50 62) M(0) UV(0.30198 0.98008 0.31151 0.70423 0.32704 0.70469)
		3 V(33 39 35) M(0) UV(0.64649 0.53059 0.63705 0.56033 0.64095 0.53823)
		3 V(49 29 15) M(0) UV(0.68405 0.58623 0.66457 0.52107 0.70221 0.56815)
		3 V(48 63 69) M(0) UV(0.64103 0.66380 0.59305 0.65021 0.64253 0.65437)
		3 V(61 55 56) M(0) UV(0.67744 0.89350 0.68995 0.89714 0.68256 0.89805)
		3 V(55 61 53) M(0) UV(0.68995 0.89714 0.67744 0.89350 0.69401 0.88808)
		3 V(54 55 53) M(0) UV(0.69368 0.89241 0.68995 0.89714 0.69401 0.88808)
		3 V(36 51 34) M(0) UV(0.57593 0.59920 0.58873 0.64803 0.56013 0.60634)
		3 V(51 53 61) M(0) UV(0.67659 0.88822 0.69401 0.88808 0.67744 0.89350)
		3 V(58 60 52) M(0) UV(0.68294 0.88094 0.68738 0.88094 0.67864 0.88375)
		3 V(52 60 63) M(0) UV(0.67864 0.88375 0.68738 0.88094 0.69196 0.88346)
		3 V(53 52 63) M(0) UV(0.69401 0.88808 0.67864 0.88375 0.69196 0.88346)
		3 V(52 53 51) M(0) UV(0.67864 0.88375 0.69401 0.88808 0.67659 0.88822)
		3 V(22 55 20) M(0) UV(0.55351 0.69044 0.58974 0.65252 0.56884 0.69960)
		3 V(57 58 52) M(0) UV(0.59495 0.59762 0.59166 0.64775 0.59013 0.64751)
		3 V(26 56 67) M(0) UV(0.53824 0.66491 0.58800 0.65130 0.54186 0.67423)
		3 V(59 58 42) M(0) UV(0.63265 0.61939 0.59166 0.64775 0.62119 0.60791)
		3 V(46 63 44) M(0) UV(0.64245 0.64482 0.59305 0.65021 0.64079 0.63541)
		3 V(62 63 48) M(0) UV(0.63797 0.67286 0.59305 0.65021 0.64103 0.66380)
		3 V(24 56 22) M(0) UV(0.54700 0.68282 0.58800 0.65130 0.55351 0.69044)
		3 V(68 58 40) M(0) UV(0.61308 0.60305 0.59166 0.64775 0.60425 0.59958)
		3 V(66 56 26) M(0) UV(0.53623 0.65513 0.58800 0.65130 0.53824 0.66491)
		3 V(64 54 16) M(0) UV(0.59593 0.70349 0.59149 0.65242 0.60536 0.70128)
		3 V(69 63 46) M(0) UV(0.64253 0.65437 0.59305 0.65021 0.64245 0.64482)
		3 V(50 53 62) M(0) UV(0.62927 0.68605 0.59251 0.65158 0.63797 0.67286)
		3 V(67 56 24) M(0) UV(0.54186 0.67423 0.58800 0.65130 0.54700 0.68282)
		3 V(42 58 68) M(0) UV(0.62119 0.60791 0.59166 0.64775 0.61308 0.60305)
		3 V(14 54 50) M(0) UV(0.61428 0.69757 0.59149 0.65242 0.62927 0.68605)
		3 V(66 61 56) M(0) UV(0.53623 0.65513 0.58783 0.64937 0.58800 0.65130)
		3 V(44 60 59) M(0) UV(0.64079 0.63541 0.59261 0.64874 0.63265 0.61939)
		3 V(32 61 65) M(0) UV(0.54718 0.61814 0.58783 0.64937 0.54218 0.62652)
		3 V(72 71 70) M(0) UV(0.67802 0.99315 0.64984 0.98979 0.64984 0.97797)
		3 V(72 70 73) M(0) UV(0.67802 0.99315 0.64984 0.97797 0.65970 0.97147)
		3 V(74 72 73) M(0) UV(0.67152 0.97147 0.67802 0.99315 0.65970 0.97147)
		3 V(75 72 74) M(0) UV(0.67802 0.98133 0.67802 0.99315 0.67152 0.97147)
		3 V(71 72 76) M(0) UV(0.64984 0.98979 0.67802 0.99315 0.65634 0.99965)
		3 V(76 72 77) M(0) UV(0.65634 0.99965 0.67802 0.99315 0.66816 0.99965)
		3 V(80 79 78) M(0) UV(0.66714 0.31725 0.67807 0.31725 0.67496 0.34331)
		3 V(81 80 78) M(0) UV(0.65802 0.32326 0.66714 0.31725 0.67496 0.34331)
		3 V(82 81 78) M(0) UV(0.65802 0.33419 0.65802 0.32326 0.67496 0.34331)
		3 V(78 83 82) M(0) UV(0.67496 0.34331 0.66403 0.34331 0.65802 0.33419)
		3 V(85 84 78) M(0) UV(0.68408 0.32637 0.68408 0.33729 0.67496 0.34331)
		3 V(79 85 78) M(0) UV(0.67807 0.31725 0.68408 0.32637 0.67496 0.34331)
		3 V(7 8 86) M(0) UV(0.63506 0.55039 0.63506 0.57645 0.53623 0.57645)
		3 V(89 88 87) M(0) UV(0.52877 0.54358 0.43169 0.54970 0.42423 0.43142)
		3 V(92 91 90) M(0) UV(0.59144 0.70423 0.59144 0.82274 0.57471 0.82274)
		3 V(95 94 93) M(0) UV(0.56641 0.99965 0.56641 0.88114 0.58361 0.88114)
		3 V(96 86 92) M(0) UV(0.65661 0.28382 0.68268 0.28419 0.67335 0.29925)
		3 V(87 88 97) M(0) UV(0.54274 0.43073 0.42423 0.43073 0.42423 0.34400)
		3 V(93 94 87) M(0) UV(0.55104 0.29925 0.54343 0.28382 0.56989 0.28382)
		3 V(93 87 96) M(0) UV(0.55104 0.29925 0.56989 0.28382 0.65661 0.28382)
		3 V(98 90 97) M(0) UV(0.47673 0.82775 0.58231 0.82775 0.58231 0.84318)
		3 V(98 93 92) M(0) UV(0.46913 0.82274 0.46913 0.70423 0.59144 0.70423)
		3 V(95 88 89) M(0) UV(0.42423 0.34331 0.42423 0.31686 0.52151 0.31686)
		3 V(100 99 78) M(0) UV(0.66704 0.73590 0.67346 0.73042 0.67228 0.74662)
		3 V(75 101 74) M(0) UV(0.67469 0.62253 0.68572 0.62805 0.66812 0.62942)
		3 V(77 102 72) M(0) UV(0.66914 0.60751 0.67344 0.59583 0.67625 0.61318)
		3 V(104 103 71) M(0) UV(0.64323 0.61052 0.65477 0.59772 0.65304 0.61408)
		3 V(106 105 73) M(0) UV(0.65505 0.63736 0.64323 0.62736 0.65857 0.62912)
		3 V(107 101 72) M(0) UV(0.68569 0.60959 0.68572 0.62805 0.67625 0.61318)
		3 V(103 102 76) M(0) UV(0.65477 0.59772 0.67344 0.59583 0.65984 0.60744)
		3 V(105 104 70) M(0) UV(0.64323 0.62736 0.64323 0.61052 0.65175 0.62303)
		3 V(74 108 73) M(0) UV(0.66812 0.62942 0.67090 0.63936 0.65857 0.62912)
		3 V(111 110 109) M(0) UV(0.65383 0.84627 0.65374 0.85383 0.63962 0.84090)
		3 V(114 113 112) M(0) UV(0.66617 0.84163 0.65849 0.84038 0.67314 0.82707)
		3 V(117 116 115) M(0) UV(0.68287 0.85970 0.67201 0.85478 0.68525 0.84293)
		3 V(120 119 118) M(0) UV(0.67182 0.87205 0.65357 0.87205 0.66651 0.86037)
		3 V(121 113 109) M(0) UV(0.65358 0.82815 0.65849 0.84038 0.63962 0.84090)
		3 V(115 122 112) M(0) UV(0.68525 0.84293 0.67208 0.84685 0.67314 0.82707)
		3 V(118 116 120) M(0) UV(0.66651 0.86037 0.67201 0.85478 0.67182 0.87205)
		3 V(123 110 119) M(0) UV(0.64220 0.85903 0.65374 0.85383 0.65357 0.87205)
		3 V(124 12 6) M(0) UV(0.68311 0.29999 0.68311 0.31538 0.65705 0.31537)
		3 V(124 126 125) M(0) UV(0.54274 0.30673 0.54274 0.34331 0.52735 0.34331)
		3 V(128 127 125) M(0) UV(0.41029 0.31592 0.49532 0.29981 0.52138 0.29959)
		3 V(131 130 129) M(0) UV(0.41094 0.38247 0.38671 0.38247 0.38671 0.36570)
		3 V(129 128 132) M(0) UV(0.41094 0.41643 0.38439 0.41969 0.38439 0.38317)
		3 V(135 134 133) M(0) UV(0.62516 0.58035 0.62405 0.59692 0.58863 0.59692)
		3 V(130 136 128) M(0) UV(0.68244 0.92570 0.67659 0.89960 0.70504 0.89959)
		3 V(132 135 131) M(0) UV(0.36390 0.32741 0.33545 0.32741 0.34129 0.29998)
		3 V(135 136 130) M(0) UV(0.70314 0.92639 0.70314 0.96292 0.67659 0.95966)
		3 V(82 137 83) M(0) UV(0.64464 0.73340 0.65405 0.73007 0.65394 0.74799)
		3 V(139 138 80) M(0) UV(0.66025 0.71643 0.65446 0.72188 0.65501 0.70639)
		3 V(85 140 79) M(0) UV(0.68315 0.71811 0.67365 0.72197 0.67252 0.70423)
		3 V(141 100 83) M(0) UV(0.65909 0.73633 0.66704 0.73590 0.65394 0.74799)
		3 V(138 137 81) M(0) UV(0.65446 0.72188 0.65405 0.73007 0.64464 0.71853)
		3 V(142 139 79) M(0) UV(0.66781 0.71594 0.66025 0.71643 0.67252 0.70423)
		3 V(99 140 84) M(0) UV(0.67346 0.73042 0.67365 0.72197 0.68381 0.73390)
		3 V(143 11 125) M(0) UV(0.53623 0.57864 0.58794 0.57864 0.58794 0.59692)
		3 V(146 145 144) M(0) UV(0.55592 0.44947 0.59451 0.44942 0.59477 0.54966)
		3 V(135 132 147) M(0) UV(0.54343 0.29995 0.57189 0.29996 0.57221 0.31625)
		3 V(147 132 124) M(0) UV(0.57221 0.31625 0.57189 0.29996 0.68311 0.29999)
		3 V(89 127 133) M(0) UV(0.46913 0.82632 0.51144 0.82632 0.46914 0.82705)
		3 V(149 75 148) M(0) UV(0.61620 0.88024 0.61082 0.86298 0.63382 0.86910)
		3 V(151 77 150) M(0) UV(0.58557 0.86430 0.60120 0.85828 0.59610 0.88024)
		3 V(71 76 152) M(0) UV(0.60592 0.84843 0.60145 0.85241 0.59671 0.83056)
		3 V(154 153 70) M(0) UV(0.61876 0.82707 0.63893 0.84396 0.61179 0.84812)
		3 V(72 75 150) M(0) UV(0.60460 0.86264 0.61082 0.86298 0.59610 0.88024)
		3 V(76 77 155) M(0) UV(0.60145 0.85241 0.60120 0.85828 0.58431 0.84658)
		3 V(152 154 71) M(0) UV(0.59671 0.83056 0.61876 0.82707 0.60592 0.84843)
		3 V(148 74 153) M(0) UV(0.63382 0.86910 0.61531 0.85875 0.63893 0.84396)
		3 V(157 78 156) M(0) UV(0.61734 0.72366 0.62212 0.70423 0.62188 0.72610)
		3 V(159 82 158) M(0) UV(0.60884 0.72846 0.59238 0.72253 0.61192 0.72408)
		3 V(161 80 160) M(0) UV(0.61373 0.73634 0.60663 0.75515 0.60916 0.73355)
		3 V(163 85 162) M(0) UV(0.62181 0.73117 0.64395 0.73802 0.61902 0.73564)
		3 V(83 78 158) M(0) UV(0.60388 0.70968 0.62212 0.70423 0.61192 0.72408)
		3 V(160 81 159) M(0) UV(0.60916 0.73355 0.59213 0.74079 0.60884 0.72846)
		3 V(162 79 161) M(0) UV(0.61902 0.73564 0.62787 0.75515 0.61373 0.73634)
		3 V(84 85 156) M(0) UV(0.63777 0.71674 0.64395 0.73802 0.62188 0.72610)
		3 V(165 109 164) M(0) UV(0.29532 0.29946 0.30358 0.30302 0.29532 0.31520)
		3 V(167 112 166) M(0) UV(0.32211 0.28831 0.31830 0.29641 0.30605 0.28765)
		3 V(117 115 168) M(0) UV(0.32508 0.31203 0.32564 0.30246 0.33476 0.31555)
		3 V(170 169 120) M(0) UV(0.32287 0.32730 0.30658 0.32741 0.31960 0.31962)
		3 V(166 121 165) M(0) UV(0.30605 0.28765 0.30885 0.29607 0.29532 0.29946)
		3 V(171 115 167) M(0) UV(0.33311 0.29909 0.32564 0.30246 0.32211 0.28831)
		3 V(170 120 168) M(0) UV(0.32287 0.32730 0.31960 0.31962 0.33476 0.31555)
		3 V(164 123 169) M(0) UV(0.29532 0.31520 0.30393 0.31213 0.30658 0.32741)
		3 V(4 5 144) M(0) UV(0.63635 0.44919 0.63635 0.54946 0.59477 0.54966)
		3 V(147 87 94) M(0) UV(0.42331 0.35645 0.29532 0.35456 0.29532 0.32811)
		3 V(133 134 94) M(0) UV(0.46913 0.99965 0.46913 0.96424 0.56641 0.88114)
		3 V(133 89 147) M(0) UV(0.55522 0.54358 0.52877 0.54358 0.52688 0.50788)
		3 V(174 173 172) M(0) UV(0.24657 0.36690 0.24921 0.37163 0.22595 0.37267)
		3 V(174 175 173) M(0) UV(0.24657 0.36690 0.26390 0.36636 0.24921 0.37163)
		3 V(178 177 176) M(0) UV(0.14149 0.36814 0.16467 0.36753 0.16220 0.37226)
		3 V(180 179 172) M(0) UV(0.21594 0.36777 0.23137 0.36784 0.22595 0.37267)
		3 V(182 181 180) M(0) UV(0.20720 0.37248 0.20088 0.36754 0.21594 0.36777)
		3 V(184 181 183) M(0) UV(0.17943 0.36714 0.20088 0.36754 0.19183 0.37171)
		3 V(187 186 185) M(0) UV(0.09715 0.37192 0.09939 0.36734 0.11821 0.36755)
		3 V(188 185 178) M(0) UV(0.13028 0.37321 0.11821 0.36755 0.14149 0.36814)
		3 V(191 190 189) M(0) UV(0.21850 0.62920 0.23983 0.62954 0.24626 0.96301)
		3 V(187 192 186) M(0) UV(0.09715 0.37192 0.08044 0.36713 0.09939 0.36734)
		3 V(194 192 193) M(0) UV(0.06216 0.36588 0.08044 0.36713 0.07369 0.37125)
		3 V(197 196 195) M(0) UV(0.02541 0.95998 0.02837 0.62584 0.04503 0.62585)
		3 V(199 198 196) M(0) UV(0.27436 0.95765 0.27259 0.63002 0.28913 0.63084)
		3 V(199 200 198) M(0) UV(0.27436 0.95765 0.25616 0.62992 0.27259 0.63002)
		3 V(190 200 189) M(0) UV(0.23983 0.62954 0.25616 0.62992 0.24626 0.96301)
		3 V(203 202 201) M(0) UV(0.18229 0.62800 0.19849 0.62873 0.20240 0.96539)
		3 V(201 202 191) M(0) UV(0.20240 0.96539 0.19849 0.62873 0.21850 0.62920)
		3 V(206 205 204) M(0) UV(0.06195 0.62562 0.07839 0.62692 0.07208 0.96421)
		3 V(208 207 203) M(0) UV(0.17769 0.96775 0.16686 0.62835 0.18229 0.62800)
		3 V(210 209 207) M(0) UV(0.14794 0.96632 0.15113 0.62839 0.16686 0.62835)
		3 V(210 211 209) M(0) UV(0.14794 0.96632 0.13087 0.62825 0.15113 0.62839)
		3 V(213 212 211) M(0) UV(0.11692 0.96615 0.11031 0.62736 0.13087 0.62825)
		3 V(215 214 212) M(0) UV(0.09475 0.96505 0.09447 0.62793 0.11031 0.62736)
		3 V(205 214 204) M(0) UV(0.07839 0.62692 0.09447 0.62793 0.07208 0.96421)
		3 V(218 217 216) M(0) UV(0.21170 0.60521 0.21562 0.59234 0.23511 0.59159)
		3 V(219 195 206) M(0) UV(0.04615 0.96240 0.04503 0.62585 0.06195 0.62562)
		3 V(205 206 220) M(0) UV(0.07839 0.62692 0.06195 0.62562 0.05781 0.61255)
		3 V(223 222 221) M(0) UV(0.06504 0.60223 0.04539 0.60160 0.05096 0.58776)
		3 V(226 225 224) M(0) UV(0.17578 0.60467 0.15528 0.60488 0.16813 0.59206)
		3 V(228 227 221) M(0) UV(0.02810 0.59996 0.03135 0.58672 0.05096 0.58776)
		3 V(231 230 229) M(0) UV(0.11857 0.60354 0.10242 0.60366 0.10818 0.58976)
		3 V(226 224 232) M(0) UV(0.17578 0.60467 0.16813 0.59206 0.18376 0.59200)
		3 V(234 233 200) M(0) UV(0.24948 0.61611 0.26614 0.61597 0.25616 0.62992)
		3 V(235 209 211) M(0) UV(0.15111 0.61523 0.15113 0.62839 0.13087 0.62825)
		3 V(237 236 202) M(0) UV(0.18872 0.61554 0.21296 0.61584 0.19849 0.62873)
		3 V(214 205 238) M(0) UV(0.09447 0.62793 0.07839 0.62692 0.07793 0.61322)
		3 V(216 240 239) M(0) UV(0.23511 0.59159 0.25630 0.59206 0.25688 0.60541)
		3 V(242 231 241) M(0) UV(0.13444 0.60401 0.11857 0.60354 0.12843 0.59053)
		3 V(236 218 243) M(0) UV(0.21296 0.61584 0.21170 0.60521 0.23623 0.60562)
		3 V(245 232 244) M(0) UV(0.19165 0.60501 0.18376 0.59200 0.19997 0.59202)
		3 V(233 246 198) M(0) UV(0.26614 0.61597 0.28387 0.61574 0.27259 0.63002)
		3 V(247 228 222) M(0) UV(0.03750 0.61176 0.02810 0.59996 0.04539 0.60160)
		3 V(246 248 228) M(0) UV(0.28387 0.61574 0.27343 0.60502 0.29088 0.60335)
		3 V(233 239 248) M(0) UV(0.26614 0.61597 0.25688 0.60541 0.27343 0.60502)
		3 V(234 243 239) M(0) UV(0.24948 0.61611 0.23623 0.60562 0.25688 0.60541)
		3 V(237 245 218) M(0) UV(0.18872 0.61554 0.19165 0.60501 0.21170 0.60521)
		3 V(249 242 225) M(0) UV(0.13521 0.61458 0.13444 0.60401 0.15528 0.60488)
		3 V(237 226 245) M(0) UV(0.18872 0.61554 0.17578 0.60467 0.19165 0.60501)
		3 V(225 226 250) M(0) UV(0.15528 0.60488 0.17578 0.60467 0.16760 0.61527)
		3 V(251 231 242) M(0) UV(0.11493 0.61427 0.11857 0.60354 0.13444 0.60401)
		3 V(252 227 228) M(0) UV(0.27249 0.59163 0.28805 0.59028 0.29088 0.60335)
		3 V(230 231 251) M(0) UV(0.10242 0.60366 0.11857 0.60354 0.11493 0.61427)
		3 V(254 253 230) M(0) UV(0.09435 0.61371 0.08553 0.60291 0.10242 0.60366)
		3 V(238 223 253) M(0) UV(0.07793 0.61322 0.06504 0.60223 0.08553 0.60291)
		3 V(220 222 223) M(0) UV(0.05781 0.61255 0.04539 0.60160 0.06504 0.60223)
		3 V(253 255 229) M(0) UV(0.08553 0.60291 0.08729 0.58969 0.10818 0.58976)
		3 V(256 234 190) M(0) UV(0.23311 0.61617 0.24948 0.61611 0.23983 0.62954)
		3 V(251 211 212) M(0) UV(0.11493 0.61427 0.13087 0.62825 0.11031 0.62736)
		3 V(237 203 207) M(0) UV(0.18872 0.61554 0.18229 0.62800 0.16686 0.62835)
		3 V(240 252 248) M(0) UV(0.25630 0.59206 0.27249 0.59163 0.27343 0.60502)
		3 V(246 247 196) M(0) UV(0.01956 0.61221 0.03750 0.61176 0.02837 0.62584)
		3 V(218 244 217) M(0) UV(0.21170 0.60521 0.19997 0.59202 0.21562 0.59234)
		3 V(220 206 195) M(0) UV(0.05781 0.61255 0.06195 0.62562 0.04503 0.62585)
		3 V(251 212 214) M(0) UV(0.11493 0.61427 0.11031 0.62736 0.09447 0.62793)
		3 V(225 242 257) M(0) UV(0.15528 0.60488 0.13444 0.60401 0.14849 0.59114)
		3 V(236 256 191) M(0) UV(0.21296 0.61584 0.23311 0.61617 0.21850 0.62920)
		3 V(223 258 255) M(0) UV(0.06504 0.60223 0.07103 0.58960 0.08729 0.58969)
		3 V(250 207 209) M(0) UV(0.16760 0.61527 0.16686 0.62835 0.15113 0.62839)
		3 V(259 179 180) M(0) UV(0.22896 0.00452 0.23137 0.36784 0.21594 0.36777)
		3 V(262 261 260) M(0) UV(0.05010 0.00035 0.07448 0.00174 0.04684 0.36408)
		3 V(263 184 177) M(0) UV(0.19230 0.00472 0.17943 0.36714 0.16467 0.36753)
		3 V(264 262 175) M(0) UV(0.24670 0.00423 0.26401 0.00383 0.26390 0.36636)
		3 V(261 265 192) M(0) UV(0.07448 0.00174 0.09370 0.00265 0.08044 0.36713)
		3 V(266 178 185) M(0) UV(0.15195 0.00434 0.14149 0.36814 0.11821 0.36755)
		3 V(259 174 179) M(0) UV(0.22896 0.00452 0.24657 0.36690 0.23137 0.36784)
		3 V(180 181 263) M(0) UV(0.21594 0.36777 0.20088 0.36754 0.19230 0.00472)
		3 V(263 181 184) M(0) UV(0.19230 0.00472 0.20088 0.36754 0.17943 0.36714)
		3 V(265 267 192) M(0) UV(0.09370 0.00265 0.11267 0.00338 0.08044 0.36713)
		3 V(264 175 174) M(0) UV(0.24670 0.00423 0.26390 0.36636 0.24657 0.36690)
		3 V(268 189 199) M(0) UV(0.25102 0.97702 0.24626 0.96301 0.27436 0.95765)
		3 V(270 269 210) M(0) UV(0.17547 0.98172 0.15412 0.98177 0.14794 0.96632)
		3 V(270 208 201) M(0) UV(0.17547 0.98172 0.17769 0.96775 0.20240 0.96539)
		3 V(269 271 210) M(0) UV(0.15412 0.98177 0.13186 0.98134 0.14794 0.96632)
		3 V(273 272 197) M(0) UV(0.03456 0.97625 0.00594 0.97192 0.02541 0.95998)
		3 V(201 275 274) M(0) UV(0.20240 0.96539 0.22390 0.96579 0.22996 0.97960)
		3 V(277 276 215) M(0) UV(0.10538 0.98038 0.08385 0.97938 0.09475 0.96505)
		3 V(278 219 204) M(0) UV(0.06152 0.97844 0.04615 0.96240 0.07208 0.96421)
		3 V(280 279 272) M(0) UV(0.27563 0.99218 0.26917 0.97433 0.29155 0.96595)
		3 V(277 215 213) M(0) UV(0.10538 0.98038 0.09475 0.96505 0.11692 0.96615)
		3 V(272 279 199) M(0) UV(0.29155 0.96595 0.26917 0.97433 0.27436 0.95765)
		3 V(276 204 215) M(0) UV(0.08385 0.97938 0.07208 0.96421 0.09475 0.96505)
		3 V(281 272 273) M(0) UV(0.01892 0.99347 0.00594 0.97192 0.03456 0.97625)
		3 V(282 268 279) M(0) UV(0.25127 0.99644 0.25102 0.97702 0.26917 0.97433)
		3 V(270 284 283) M(0) UV(0.17547 0.98172 0.20319 0.98149 0.19975 0.99965)
		3 V(282 274 268) M(0) UV(0.25127 0.99644 0.22996 0.97960 0.25102 0.97702)
		3 V(284 274 285) M(0) UV(0.20319 0.98149 0.22996 0.97960 0.22322 0.99884)
		3 V(271 269 286) M(0) UV(0.13186 0.98134 0.15412 0.98177 0.15940 0.99941)
		3 V(286 269 270) M(0) UV(0.15940 0.99941 0.15412 0.98177 0.17547 0.98172)
		3 V(289 288 287) M(0) UV(0.36421 0.51173 0.37176 0.54970 0.34112 0.54849)
		3 V(287 277 271) M(0) UV(0.11419 0.99827 0.10538 0.98038 0.13186 0.98134)
		3 V(288 276 277) M(0) UV(0.09321 0.99773 0.08385 0.97938 0.10538 0.98038)
		3 V(290 278 276) M(0) UV(0.07054 0.99688 0.06152 0.97844 0.08385 0.97938)
		3 V(291 273 278) M(0) UV(0.04213 0.99574 0.03456 0.97625 0.06152 0.97844)
		3 V(294 293 292) M(0) UV(0.38671 0.48068 0.37465 0.46362 0.41486 0.44964)
		3 V(287 296 295) M(0) UV(0.34112 0.54849 0.31475 0.53249 0.33445 0.49971)
		3 V(294 292 281) M(0) UV(0.38671 0.48068 0.41486 0.44964 0.42354 0.47217)
		3 V(298 297 283) M(0) UV(0.33998 0.46794 0.33301 0.47996 0.30425 0.45129)
		3 V(294 281 291) M(0) UV(0.38671 0.48068 0.42354 0.47217 0.42354 0.50325)
		3 V(295 286 299) M(0) UV(0.33445 0.49971 0.29802 0.50537 0.29532 0.47498)
		3 V(295 296 286) M(0) UV(0.33445 0.49971 0.31475 0.53249 0.29802 0.50537)
		3 V(300 291 290) M(0) UV(0.38088 0.50326 0.42354 0.50325 0.40043 0.53634)
		3 V(300 290 288) M(0) UV(0.38088 0.50326 0.40043 0.53634 0.37176 0.54970)
		3 V(240 173 175) M(0) UV(0.25630 0.59206 0.24921 0.37163 0.26390 0.36636)
		3 V(227 302 301) M(0) UV(0.03135 0.58672 0.03067 0.36299 0.05010 0.37005)
		3 V(252 175 302) M(0) UV(0.27249 0.59163 0.26390 0.36636 0.27691 0.36611)
		3 V(188 303 257) M(0) UV(0.13028 0.37321 0.14636 0.37314 0.14849 0.59114)
		3 V(216 172 173) M(0) UV(0.23511 0.59159 0.22595 0.37267 0.24921 0.37163)
		3 V(217 182 172) M(0) UV(0.21562 0.59234 0.20720 0.37248 0.22595 0.37267)
		3 V(244 183 182) M(0) UV(0.19997 0.59202 0.19183 0.37171 0.20720 0.37248)
		3 V(232 184 183) M(0) UV(0.18376 0.59200 0.17943 0.36714 0.19183 0.37171)
		3 V(176 184 224) M(0) UV(0.16220 0.37226 0.17943 0.36714 0.16813 0.59206)
		3 V(303 176 257) M(0) UV(0.14636 0.37314 0.16220 0.37226 0.14849 0.59114)
		3 V(229 304 188) M(0) UV(0.10818 0.58976 0.11556 0.37235 0.13028 0.37321)
		3 V(193 187 255) M(0) UV(0.07369 0.37125 0.09715 0.37192 0.08729 0.58969)
		3 V(187 304 229) M(0) UV(0.09715 0.37192 0.11556 0.37235 0.10818 0.58976)
		3 V(301 193 221) M(0) UV(0.05010 0.37005 0.07369 0.37125 0.05096 0.58776)
		3 V(127 133 134) M(0) UV(0.38699 0.64638 0.29532 0.58068 0.31588 0.55199)
		3 V(6 127 134) M(0) UV(0.40820 0.61679 0.38699 0.64638 0.31588 0.55199)
		3 V(147 6 134) M(0) UV(0.31702 0.55039 0.40820 0.61679 0.31588 0.55199)
		3 V(91 92 86) M(0) UV(0.58574 0.99965 0.58431 0.88115 0.60202 0.88094)
		3 V(305 91 86) M(0) UV(0.64862 0.99965 0.58574 0.99965 0.60202 0.88094)
		3 V(146 305 86) M(0) UV(0.64914 0.88114 0.64862 0.99965 0.60202 0.88094)
		3 V(145 146 8) M(0) UV(0.63058 0.82274 0.59213 0.81936 0.59213 0.76765)
		3 V(4 145 8) M(0) UV(0.67163 0.81462 0.63058 0.82274 0.59213 0.76765)
		3 V(3 4 8) M(0) UV(0.68051 0.79351 0.67163 0.81462 0.59213 0.76765)
		3 V(8 0 3) M(0) UV(0.59213 0.76765 0.67148 0.76751 0.68051 0.79351)
		3 V(10 0 8) M(0) UV(0.62966 0.76166 0.67148 0.76751 0.59213 0.76765)
		3 V(127 97 90) M(0) UV(0.59099 0.82343 0.59098 0.82556 0.46913 0.82343)
		3 V(125 127 90) M(0) UV(0.65733 0.31725 0.65733 0.34331 0.54343 0.34331)
		3 V(305 125 90) M(0) UV(0.60562 0.31725 0.65733 0.31725 0.54343 0.34331)
		3 V(91 305 90) M(0) UV(0.54343 0.32657 0.60562 0.31725 0.54343 0.34331)
		3 V(115 112 121) M(0) UV(0.70562 0.99216 0.69621 0.99837 0.68493 0.99837)
		3 V(117 115 121) M(0) UV(0.70562 0.98088 0.70562 0.99216 0.68493 0.99837)
		3 V(120 117 121) M(0) UV(0.69941 0.97147 0.70562 0.98088 0.68493 0.99837)
		3 V(119 120 121) M(0) UV(0.68832 0.97207 0.69941 0.97147 0.68493 0.99837)
		3 V(123 119 121) M(0) UV(0.67872 0.97768 0.68832 0.97207 0.68493 0.99837)
		3 V(109 123 121) M(0) UV(0.67872 0.98895 0.67872 0.97768 0.68493 0.99837)
		3 V(127 128 136) M(0) UV(0.49532 0.29981 0.41029 0.31592 0.38184 0.31616)
		3 V(133 127 136) M(0) UV(0.38214 0.29959 0.49532 0.29981 0.38184 0.31616)
		3 V(6 7 96) M(0) UV(0.40820 0.61679 0.45579 0.55039 0.53553 0.60755)
		3 V(127 6 96) M(0) UV(0.38699 0.64638 0.40820 0.61679 0.53553 0.60755)
		3 V(97 127 96) M(0) UV(0.46674 0.70353 0.38699 0.64638 0.53553 0.60755)
		3 V(289 306 295) M(0) UV(0.64323 0.66305 0.65176 0.64923 0.67388 0.64005)
		3 V(300 289 295) M(0) UV(0.64328 0.68474 0.64323 0.66305 0.67388 0.64005)
		3 V(294 300 295) M(0) UV(0.66373 0.70353 0.64328 0.68474 0.67388 0.64005)
		3 V(293 294 295) M(0) UV(0.68833 0.70117 0.66373 0.70353 0.67388 0.64005)
		3 V(307 293 295) M(0) UV(0.70400 0.68322 0.68833 0.70117 0.67388 0.64005)
		3 V(298 307 295) M(0) UV(0.70400 0.66377 0.70400 0.68322 0.67388 0.64005)
		3 V(297 298 295) M(0) UV(0.69579 0.64975 0.70400 0.66377 0.67388 0.64005)
		3 V(9 1 2) M(0) UV(0.38370 0.38637 0.37466 0.41385 0.33285 0.41969)
		3 V(5 9 2) M(0) UV(0.37481 0.36379 0.38370 0.38637 0.33285 0.41969)
		3 V(144 5 2) M(0) UV(0.33377 0.35715 0.37481 0.36379 0.33285 0.41969)
		3 V(143 144 2) M(0) UV(0.29532 0.36200 0.33377 0.35715 0.33285 0.41969)
		3 V(11 143 2) M(0) UV(0.29532 0.41371 0.29532 0.36200 0.33285 0.41969)
		3 V(264 259 308) M(0) UV(0.69854 0.50818 0.68372 0.51877 0.66671 0.52038)
		3 V(262 264 308) M(0) UV(0.70658 0.49183 0.69854 0.50818 0.66671 0.52038)
		3 V(261 262 308) M(0) UV(0.70312 0.46770 0.70658 0.49183 0.66671 0.52038)
		3 V(265 261 308) M(0) UV(0.68811 0.45378 0.70312 0.46770 0.66671 0.52038)
		3 V(267 265 308) M(0) UV(0.66844 0.44919 0.68811 0.45378 0.66671 0.52038)
		3 V(309 267 308) M(0) UV(0.64925 0.45725 0.66844 0.44919 0.66671 0.52038)
		3 V(266 309 308) M(0) UV(0.63705 0.47411 0.64925 0.45725 0.66671 0.52038)
		3 V(310 266 308) M(0) UV(0.63705 0.49430 0.63705 0.47411 0.66671 0.52038)
		3 V(263 310 308) M(0) UV(0.64720 0.51208 0.63705 0.49430 0.66671 0.52038)
		3 V(98 88 95) M(0) UV(0.47673 0.82775 0.49558 0.84318 0.46913 0.84318)
		3 V(126 124 128) M(0) UV(0.58036 0.84387 0.58036 0.88045 0.46913 0.84387)
		3 V(132 128 124) M(0) UV(0.46913 0.88040 0.46913 0.84387 0.58036 0.88045)
		3 V(302 260 301) M(0) UV(0.03067 0.36299 0.04684 0.36408 0.05010 0.37005)
		3 V(180 172 182) M(0) UV(0.21594 0.36777 0.22595 0.37267 0.20720 0.37248)
		3 V(181 182 183) M(0) UV(0.20088 0.36754 0.20720 0.37248 0.19183 0.37171)
		3 V(176 177 184) M(0) UV(0.16220 0.37226 0.16467 0.36753 0.17943 0.36714)
		3 V(178 303 188) M(0) UV(0.14149 0.36814 0.14636 0.37314 0.13028 0.37321)
		3 V(304 185 188) M(0) UV(0.11556 0.37235 0.11821 0.36755 0.13028 0.37321)
		3 V(193 192 187) M(0) UV(0.07369 0.37125 0.08044 0.36713 0.09715 0.37192)
		3 V(194 193 301) M(0) UV(0.06216 0.36588 0.07369 0.37125 0.05010 0.37005)
		3 V(199 196 197) M(0) UV(0.00112 0.95496 0.02837 0.62584 0.02541 0.95998)
		3 V(189 200 199) M(0) UV(0.24626 0.96301 0.25616 0.62992 0.27436 0.95765)
		3 V(191 275 201) M(0) UV(0.21850 0.62920 0.22390 0.96579 0.20240 0.96539)
		3 V(210 207 208) M(0) UV(0.14794 0.96632 0.16686 0.62835 0.17769 0.96775)
		3 V(213 211 210) M(0) UV(0.11692 0.96615 0.13087 0.62825 0.14794 0.96632)
		3 V(215 212 213) M(0) UV(0.09475 0.96505 0.11031 0.62736 0.11692 0.96615)
		3 V(204 214 215) M(0) UV(0.07208 0.96421 0.09447 0.62793 0.09475 0.96505)
		3 V(197 195 219) M(0) UV(0.02541 0.95998 0.04503 0.62585 0.04615 0.96240)
		3 V(249 211 251) M(0) UV(0.13521 0.61458 0.13087 0.62825 0.11493 0.61427)
		3 V(234 200 190) M(0) UV(0.24948 0.61611 0.25616 0.62992 0.23983 0.62954)
		3 V(237 202 203) M(0) UV(0.18872 0.61554 0.19849 0.62873 0.18229 0.62800)
		3 V(231 229 241) M(0) UV(0.11857 0.60354 0.10818 0.58976 0.12843 0.59053)
		3 V(223 221 258) M(0) UV(0.06504 0.60223 0.05096 0.58776 0.07103 0.58960)
		3 V(226 232 245) M(0) UV(0.17578 0.60467 0.18376 0.59200 0.19165 0.60501)
		3 V(233 198 200) M(0) UV(0.26614 0.61597 0.27259 0.63002 0.25616 0.62992)
		3 V(236 191 202) M(0) UV(0.21296 0.61584 0.21850 0.62920 0.19849 0.62873)
		3 V(246 228 247) M(0) UV(0.01956 0.61221 0.02810 0.59996 0.03750 0.61176)
		3 V(233 248 246) M(0) UV(0.26614 0.61597 0.27343 0.60502 0.28387 0.61574)
		3 V(234 239 233) M(0) UV(0.24948 0.61611 0.25688 0.60541 0.26614 0.61597)
		3 V(256 243 234) M(0) UV(0.23311 0.61617 0.23623 0.60562 0.24948 0.61611)
		3 V(250 226 237) M(0) UV(0.16760 0.61527 0.17578 0.60467 0.18872 0.61554)
		3 V(225 250 235) M(0) UV(0.15528 0.60488 0.16760 0.61527 0.15111 0.61523)
		3 V(254 230 251) M(0) UV(0.09435 0.61371 0.10242 0.60366 0.11493 0.61427)
		3 V(238 253 254) M(0) UV(0.07793 0.61322 0.08553 0.60291 0.09435 0.61371)
		3 V(220 223 238) M(0) UV(0.05781 0.61255 0.06504 0.60223 0.07793 0.61322)
		3 V(247 222 220) M(0) UV(0.03750 0.61176 0.04539 0.60160 0.05781 0.61255)
		3 V(225 257 224) M(0) UV(0.15528 0.60488 0.14849 0.59114 0.16813 0.59206)
		3 V(247 195 196) M(0) UV(0.03750 0.61176 0.04503 0.62585 0.02837 0.62584)
		3 V(220 195 247) M(0) UV(0.05781 0.61255 0.04503 0.62585 0.03750 0.61176)
		3 V(256 190 191) M(0) UV(0.23311 0.61617 0.23983 0.62954 0.21850 0.62920)
		3 V(245 244 218) M(0) UV(0.19165 0.60501 0.19997 0.59202 0.21170 0.60521)
		3 V(246 196 198) M(0) UV(0.28387 0.61574 0.28913 0.63084 0.27259 0.63002)
		3 V(242 241 257) M(0) UV(0.13444 0.60401 0.12843 0.59053 0.14849 0.59114)
		3 V(262 302 175) M(0) UV(0.26401 0.00383 0.27691 0.36611 0.26390 0.36636)
		3 V(310 177 266) M(0) UV(0.17198 0.00459 0.16467 0.36753 0.15195 0.00434)
		3 V(264 174 259) M(0) UV(0.24670 0.00423 0.24657 0.36690 0.22896 0.00452)
		3 V(261 194 260) M(0) UV(0.07448 0.00174 0.06216 0.36588 0.04684 0.36408)
		3 V(309 185 267) M(0) UV(0.13230 0.00395 0.11821 0.36755 0.11267 0.00338)
		3 V(267 186 192) M(0) UV(0.11267 0.00338 0.09939 0.36734 0.08044 0.36713)
		3 V(266 177 178) M(0) UV(0.15195 0.00434 0.16467 0.36753 0.14149 0.36814)
		3 V(267 185 186) M(0) UV(0.11267 0.00338 0.11821 0.36755 0.09939 0.36734)
		3 V(274 189 268) M(0) UV(0.22996 0.97960 0.24626 0.96301 0.25102 0.97702)
		3 V(273 219 278) M(0) UV(0.03456 0.97625 0.04615 0.96240 0.06152 0.97844)
		3 V(271 213 210) M(0) UV(0.13186 0.98134 0.11692 0.96615 0.14794 0.96632)
		3 V(278 204 276) M(0) UV(0.06152 0.97844 0.07208 0.96421 0.08385 0.97938)
		3 V(274 275 189) M(0) UV(0.22996 0.97960 0.22390 0.96579 0.24626 0.96301)
		3 V(273 197 219) M(0) UV(0.03456 0.97625 0.02541 0.95998 0.04615 0.96240)
		3 V(277 213 271) M(0) UV(0.10538 0.98038 0.11692 0.96615 0.13186 0.98134)
		3 V(272 199 197) M(0) UV(0.00594 0.97192 0.00112 0.95496 0.02541 0.95998)
		3 V(292 272 281) M(0) UV(0.00035 0.99126 0.00594 0.97192 0.01892 0.99347)
		3 V(285 274 282) M(0) UV(0.22322 0.99884 0.22996 0.97960 0.25127 0.99644)
		3 V(283 284 285) M(0) UV(0.19975 0.99965 0.20319 0.98149 0.22322 0.99884)
		3 V(286 270 299) M(0) UV(0.15940 0.99941 0.17547 0.98172 0.18156 0.99965)
		3 V(271 296 287) M(0) UV(0.13186 0.98134 0.13635 0.99927 0.11419 0.99827)
		3 V(288 277 287) M(0) UV(0.09321 0.99773 0.10538 0.98038 0.11419 0.99827)
		3 V(290 276 288) M(0) UV(0.07054 0.99688 0.08385 0.97938 0.09321 0.99773)
		3 V(278 290 291) M(0) UV(0.06152 0.97844 0.07054 0.99688 0.04213 0.99574)
		3 V(273 291 281) M(0) UV(0.03456 0.97625 0.04213 0.99574 0.01892 0.99347)
		3 V(297 299 283) M(0) UV(0.33301 0.47996 0.29532 0.47498 0.30425 0.45129)
		3 V(298 283 285) M(0) UV(0.33998 0.46794 0.30425 0.45129 0.32803 0.42830)
		3 V(298 285 307) M(0) UV(0.33998 0.46794 0.32803 0.42830 0.35457 0.45982)
		3 V(294 291 300) M(0) UV(0.38671 0.48068 0.42354 0.50325 0.38088 0.50326)
		3 V(307 285 282) M(0) UV(0.35457 0.45982 0.32803 0.42830 0.36714 0.42039)
		3 V(307 282 293) M(0) UV(0.35457 0.45982 0.36714 0.42039 0.37465 0.46362)
		3 V(293 282 280) M(0) UV(0.37465 0.46362 0.36714 0.42039 0.39678 0.43222)
		3 V(293 280 292) M(0) UV(0.37465 0.46362 0.39678 0.43222 0.41486 0.44964)
		3 V(227 301 221) M(0) UV(0.03135 0.58672 0.05010 0.37005 0.05096 0.58776)
		3 V(252 302 227) M(0) UV(0.27249 0.59163 0.27691 0.36611 0.28805 0.59028)
		3 V(173 240 216) M(0) UV(0.24921 0.37163 0.25630 0.59206 0.23511 0.59159)
		3 V(172 216 217) M(0) UV(0.22595 0.37267 0.23511 0.59159 0.21562 0.59234)
		3 V(244 182 217) M(0) UV(0.19997 0.59202 0.20720 0.37248 0.21562 0.59234)
		3 V(232 183 244) M(0) UV(0.18376 0.59200 0.19183 0.37171 0.19997 0.59202)
		3 V(224 184 232) M(0) UV(0.16813 0.59206 0.17943 0.36714 0.18376 0.59200)
		3 V(176 224 257) M(0) UV(0.16220 0.37226 0.16813 0.59206 0.14849 0.59114)
		3 V(255 187 229) M(0) UV(0.08729 0.58969 0.09715 0.37192 0.10818 0.58976)
		3 V(193 258 221) M(0) UV(0.07369 0.37125 0.07103 0.58960 0.05096 0.58776)
		3 V(301 260 194) M(0) UV(0.05010 0.37005 0.04684 0.36408 0.06216 0.36588)
		3 V(7 86 96) M(0) UV(0.63506 0.55039 0.53623 0.57645 0.53660 0.55039)
		3 V(89 87 147) M(0) UV(0.52877 0.54358 0.42423 0.43142 0.52688 0.50788)
		3 V(95 93 98) M(0) UV(0.56641 0.99965 0.58361 0.88114 0.58361 0.99965)
		3 V(87 97 96) M(0) UV(0.54274 0.43073 0.42423 0.34400 0.54274 0.34400)
		3 V(93 96 92) M(0) UV(0.55104 0.29925 0.65661 0.28382 0.67335 0.29925)
		3 V(98 97 88) M(0) UV(0.47673 0.82775 0.58231 0.84318 0.49558 0.84318)
		3 V(98 92 90) M(0) UV(0.46913 0.82274 0.59144 0.70423 0.57471 0.82274)
		3 V(95 89 133) M(0) UV(0.42423 0.34331 0.52151 0.31686 0.52151 0.34331)
		3 V(78 99 84) M(0) UV(0.67228 0.74662 0.67346 0.73042 0.68381 0.73390)
		3 V(74 101 108) M(0) UV(0.66812 0.62942 0.68572 0.62805 0.67090 0.63936)
		3 V(72 102 107) M(0) UV(0.67625 0.61318 0.67344 0.59583 0.68569 0.60959)
		3 V(71 103 76) M(0) UV(0.65304 0.61408 0.65477 0.59772 0.65984 0.60744)
		3 V(73 105 70) M(0) UV(0.65857 0.62912 0.64323 0.62736 0.65175 0.62303)
		3 V(72 101 75) M(0) UV(0.67625 0.61318 0.68572 0.62805 0.67469 0.62253)
		3 V(76 102 77) M(0) UV(0.65984 0.60744 0.67344 0.59583 0.66914 0.60751)
		3 V(71 70 104) M(0) UV(0.65304 0.61408 0.65175 0.62303 0.64323 0.61052)
		3 V(73 108 106) M(0) UV(0.65857 0.62912 0.67090 0.63936 0.65505 0.63736)
		3 V(109 110 123) M(0) UV(0.63962 0.84090 0.65374 0.85383 0.64220 0.85903)
		3 V(112 113 121) M(0) UV(0.67314 0.82707 0.65849 0.84038 0.65358 0.82815)
		3 V(115 116 122) M(0) UV(0.68525 0.84293 0.67201 0.85478 0.67208 0.84685)
		3 V(118 119 311) M(0) UV(0.66651 0.86037 0.65357 0.87205 0.65963 0.85843)
		3 V(109 113 111) M(0) UV(0.63962 0.84090 0.65849 0.84038 0.65383 0.84627)
		3 V(112 122 114) M(0) UV(0.67314 0.82707 0.67208 0.84685 0.66617 0.84163)
		3 V(120 116 117) M(0) UV(0.67182 0.87205 0.67201 0.85478 0.68287 0.85970)
		3 V(119 110 311) M(0) UV(0.65357 0.87205 0.65374 0.85383 0.65963 0.85843)
		3 V(124 125 12) M(0) UV(0.54274 0.30673 0.52735 0.34331 0.52735 0.30678)
		3 V(128 125 126) M(0) UV(0.41029 0.31592 0.52138 0.29959 0.52151 0.31498)
		3 V(131 129 312) M(0) UV(0.41094 0.38247 0.38671 0.36570 0.41094 0.36570)
		3 V(129 132 312) M(0) UV(0.41094 0.41643 0.38439 0.38317 0.41094 0.39221)
		3 V(135 133 136) M(0) UV(0.62516 0.58035 0.58863 0.59692 0.58863 0.58035)
		3 V(130 128 129) M(0) UV(0.68244 0.92570 0.70504 0.89959 0.69921 0.92569)
		3 V(132 131 312) M(0) UV(0.36390 0.32741 0.34129 0.29998 0.35807 0.29998)
		3 V(135 130 131) M(0) UV(0.70314 0.92639 0.67659 0.95966 0.67659 0.93544)
		3 V(83 137 141) M(0) UV(0.65394 0.74799 0.65405 0.73007 0.65909 0.73633)
		3 V(80 138 81) M(0) UV(0.65501 0.70639 0.65446 0.72188 0.64464 0.71853)
		3 V(79 140 142) M(0) UV(0.67252 0.70423 0.67365 0.72197 0.66781 0.71594)
		3 V(83 100 78) M(0) UV(0.65394 0.74799 0.66704 0.73590 0.67228 0.74662)
		3 V(81 137 82) M(0) UV(0.64464 0.71853 0.65405 0.73007 0.64464 0.73340)
		3 V(79 139 80) M(0) UV(0.67252 0.70423 0.66025 0.71643 0.65501 0.70639)
		3 V(84 140 85) M(0) UV(0.68381 0.73390 0.67365 0.72197 0.68315 0.71811)
		3 V(143 125 305) M(0) UV(0.53623 0.57864 0.58794 0.59692 0.53623 0.59692)
		3 V(146 144 143) M(0) UV(0.55592 0.44947 0.59477 0.54966 0.55602 0.54970)
		3 V(135 147 134) M(0) UV(0.54343 0.29995 0.57221 0.31625 0.54387 0.31655)
		3 V(147 124 6) M(0) UV(0.57221 0.31625 0.68311 0.29999 0.65705 0.31537)
		3 V(148 75 74) M(0) UV(0.63382 0.86910 0.61082 0.86298 0.61531 0.85875)
		3 V(150 77 72) M(0) UV(0.59610 0.88024 0.60120 0.85828 0.60460 0.86264)
		3 V(152 76 155) M(0) UV(0.59671 0.83056 0.60145 0.85241 0.58431 0.84658)
		3 V(73 70 153) M(0) UV(0.61492 0.85274 0.61179 0.84812 0.63893 0.84396)
		3 V(150 75 149) M(0) UV(0.59610 0.88024 0.61082 0.86298 0.61620 0.88024)
		3 V(155 77 151) M(0) UV(0.58431 0.84658 0.60120 0.85828 0.58557 0.86430)
		3 V(71 154 70) M(0) UV(0.60592 0.84843 0.61876 0.82707 0.61179 0.84812)
		3 V(153 74 73) M(0) UV(0.63893 0.84396 0.61531 0.85875 0.61492 0.85274)
		3 V(156 78 84) M(0) UV(0.62188 0.72610 0.62212 0.70423 0.63777 0.71674)
		3 V(158 82 83) M(0) UV(0.61192 0.72408 0.59238 0.72253 0.60388 0.70968)
		3 V(160 80 81) M(0) UV(0.60916 0.73355 0.60663 0.75515 0.59213 0.74079)
		3 V(162 85 79) M(0) UV(0.61902 0.73564 0.64395 0.73802 0.62787 0.75515)
		3 V(158 78 157) M(0) UV(0.61192 0.72408 0.62212 0.70423 0.61734 0.72366)
		3 V(159 81 82) M(0) UV(0.60884 0.72846 0.59213 0.74079 0.59238 0.72253)
		3 V(161 79 80) M(0) UV(0.61373 0.73634 0.62787 0.75515 0.60663 0.75515)
		3 V(156 85 163) M(0) UV(0.62188 0.72610 0.64395 0.73802 0.62181 0.73117)
		3 V(164 109 123) M(0) UV(0.29532 0.31520 0.30358 0.30302 0.30393 0.31213)
		3 V(166 112 121) M(0) UV(0.30605 0.28765 0.31830 0.29641 0.30885 0.29607)
		3 V(168 115 171) M(0) UV(0.33476 0.31555 0.32564 0.30246 0.33311 0.29909)
		3 V(120 169 119) M(0) UV(0.31960 0.31962 0.30658 0.32741 0.31079 0.31820)
		3 V(165 121 109) M(0) UV(0.29532 0.29946 0.30885 0.29607 0.30358 0.30302)
		3 V(167 115 112) M(0) UV(0.32211 0.28831 0.32564 0.30246 0.31830 0.29641)
		3 V(168 120 117) M(0) UV(0.33476 0.31555 0.31960 0.31962 0.32508 0.31203)
		3 V(169 123 119) M(0) UV(0.30658 0.32741 0.30393 0.31213 0.31079 0.31820)
		3 V(4 144 145) M(0) UV(0.63635 0.44919 0.59477 0.54966 0.59451 0.44942)
		3 V(147 94 134) M(0) UV(0.42331 0.35645 0.29532 0.32811 0.42326 0.32811)
		3 V(133 94 95) M(0) UV(0.46913 0.99965 0.56641 0.88114 0.56641 0.99965)
		3 V(133 147 134) M(0) UV(0.55522 0.54358 0.52688 0.50788 0.55522 0.50816)
		3 V(174 172 179) M(0) UV(0.24657 0.36690 0.22595 0.37267 0.23137 0.36784)
		3 V(178 176 303) M(0) UV(0.14149 0.36814 0.16220 0.37226 0.14636 0.37314)
		3 V(187 185 304) M(0) UV(0.09715 0.37192 0.11821 0.36755 0.11556 0.37235)
		3 V(191 189 275) M(0) UV(0.21850 0.62920 0.24626 0.96301 0.22390 0.96579)
		3 V(203 201 208) M(0) UV(0.18229 0.62800 0.20240 0.96539 0.17769 0.96775)
		3 V(206 204 219) M(0) UV(0.06195 0.62562 0.07208 0.96421 0.04615 0.96240)
		3 V(218 216 243) M(0) UV(0.21170 0.60521 0.23511 0.59159 0.23623 0.60562)
		3 V(205 220 238) M(0) UV(0.07839 0.62692 0.05781 0.61255 0.07793 0.61322)
		3 V(228 221 222) M(0) UV(0.02810 0.59996 0.05096 0.58776 0.04539 0.60160)
		3 V(235 211 249) M(0) UV(0.15111 0.61523 0.13087 0.62825 0.13521 0.61458)
		3 V(214 238 254) M(0) UV(0.09447 0.62793 0.07793 0.61322 0.09435 0.61371)
		3 V(216 239 243) M(0) UV(0.23511 0.59159 0.25688 0.60541 0.23623 0.60562)
		3 V(236 243 256) M(0) UV(0.21296 0.61584 0.23623 0.60562 0.23311 0.61617)
		3 V(237 218 236) M(0) UV(0.18872 0.61554 0.21170 0.60521 0.21296 0.61584)
		3 V(249 225 235) M(0) UV(0.13521 0.61458 0.15528 0.60488 0.15111 0.61523)
		3 V(251 242 249) M(0) UV(0.11493 0.61427 0.13444 0.60401 0.13521 0.61458)
		3 V(252 228 248) M(0) UV(0.27249 0.59163 0.29088 0.60335 0.27343 0.60502)
		3 V(253 229 230) M(0) UV(0.08553 0.60291 0.10818 0.58976 0.10242 0.60366)
		3 V(237 207 250) M(0) UV(0.18872 0.61554 0.16686 0.62835 0.16760 0.61527)
		3 V(240 248 239) M(0) UV(0.25630 0.59206 0.27343 0.60502 0.25688 0.60541)
		3 V(251 214 254) M(0) UV(0.11493 0.61427 0.09447 0.62793 0.09435 0.61371)
		3 V(223 255 253) M(0) UV(0.06504 0.60223 0.08729 0.58969 0.08553 0.60291)
		3 V(250 209 235) M(0) UV(0.16760 0.61527 0.15113 0.62839 0.15111 0.61523)
		3 V(259 180 308) M(0) UV(0.22896 0.00452 0.21594 0.36777 0.21261 0.00468)
		3 V(262 260 302) M(0) UV(0.05010 0.00035 0.04684 0.36408 0.03067 0.36299)
		3 V(263 177 310) M(0) UV(0.19230 0.00472 0.16467 0.36753 0.17198 0.00459)
		3 V(261 192 194) M(0) UV(0.07448 0.00174 0.08044 0.36713 0.06216 0.36588)
		3 V(266 185 309) M(0) UV(0.15195 0.00434 0.11821 0.36755 0.13230 0.00395)
		3 V(180 263 308) M(0) UV(0.21594 0.36777 0.19230 0.00472 0.21261 0.00468)
		3 V(268 199 279) M(0) UV(0.25102 0.97702 0.27436 0.95765 0.26917 0.97433)
		3 V(270 210 208) M(0) UV(0.17547 0.98172 0.14794 0.96632 0.17769 0.96775)
		3 V(270 201 284) M(0) UV(0.17547 0.98172 0.20240 0.96539 0.20319 0.98149)
		3 V(201 274 284) M(0) UV(0.20240 0.96539 0.22996 0.97960 0.20319 0.98149)
		3 V(280 272 292) M(0) UV(0.27563 0.99218 0.29155 0.96595 0.29463 0.98630)
		3 V(282 279 280) M(0) UV(0.25127 0.99644 0.26917 0.97433 0.27563 0.99218)
		3 V(270 283 299) M(0) UV(0.17547 0.98172 0.19975 0.99965 0.18156 0.99965)
		3 V(271 286 296) M(0) UV(0.13186 0.98134 0.15940 0.99941 0.13635 0.99927)
		3 V(289 287 306) M(0) UV(0.36421 0.51173 0.34112 0.54849 0.35031 0.51154)
		3 V(287 295 306) M(0) UV(0.34112 0.54849 0.33445 0.49971 0.35031 0.51154)
		3 V(295 299 297) M(0) UV(0.33445 0.49971 0.29532 0.47498 0.33301 0.47996)
		3 V(300 288 289) M(0) UV(0.38088 0.50326 0.37176 0.54970 0.36421 0.51173)
		3 V(240 175 252) M(0) UV(0.25630 0.59206 0.26390 0.36636 0.27249 0.59163)
		3 V(188 257 241) M(0) UV(0.13028 0.37321 0.14849 0.59114 0.12843 0.59053)
		3 V(229 188 241) M(0) UV(0.10818 0.58976 0.13028 0.37321 0.12843 0.59053)
		3 V(193 255 258) M(0) UV(0.07369 0.37125 0.08729 0.58969 0.07103 0.58960)
		3 V(2 1 0) M(0) UV(0.59814 0.44827 0.55592 0.44804 0.55592 0.34827)
		3 V(5 4 3) M(0) UV(0.63683 0.44850 0.63957 0.34827 0.66247 0.34827)
		3 V(8 7 6) M(0) UV(0.64984 0.88094 0.67590 0.88094 0.67590 0.96292)
		3 V(9 3 0) M(0) UV(0.66110 0.44827 0.66247 0.34827 0.69000 0.34827)
		3 V(11 2 10) M(0) UV(0.63614 0.44850 0.59814 0.44827 0.59814 0.34827)
		3 V(2 0 10) M(0) UV(0.59814 0.44827 0.55592 0.34827 0.59814 0.34827)
		3 V(5 3 9) M(0) UV(0.63683 0.44850 0.66247 0.34827 0.66110 0.44827)
		3 V(8 6 12) M(0) UV(0.64984 0.88094 0.67590 0.96292 0.64984 0.96292)
		3 V(9 0 1) M(0) UV(0.66110 0.44827 0.69000 0.34827 0.69002 0.44803)
		3 V(11 10 8) M(0) UV(0.63614 0.44850 0.59814 0.34827 0.63614 0.34827)
	}
}
Object "$part1" {
	depth 0
	folding 0
	scale 1.000000 1.000000 1.000000
	rotation 0.000000 0.000000 0.000000
	translation 0.000000 0.000000 0.000000
	visible 15
	locking 0
	shading 1
	facet 59.5
	color 0.898 0.498 0.698
	color_type 0
	vertex 19 {
		-14.5013 55.3283 -9.0563
		-13.1032 91.3797 -11.0584
		-7.4873 91.3796 -15.8304
		7.7438 91.3797 -15.7179
		14.5013 87.5630 -9.0562
		9.9235 55.3283 -14.6344
		15.6402 91.3796 1.6949
		16.0761 55.3283 -3.8651
		9.9234 91.3796 10.9888
		12.8115 55.3283 8.1006
		-0.3988 91.3796 14.2031
		3.5176 55.3283 13.8174
		-10.6292 91.3796 10.4095
		-7.2335 55.3283 12.6784
		-16.1656 91.3796 -0.6895
		-15.3688 55.3283 3.3163
		-7.5118 55.3284 -15.8772
		0.0001 87.5630 -17.9029
		0.0001 55.3283 -17.8106
	}
	face 34 {
		3 V(2 1 0) M(0) UV(0.99856 0.89476 0.97800 0.89480 0.97125 0.79423)
		3 V(5 4 3) M(0) UV(0.77227 0.79447 0.79206 0.88445 0.76557 0.89503)
		3 V(7 6 4) M(0) UV(0.80687 0.79449 0.82223 0.89508 0.79206 0.88445)
		3 V(9 8 6) M(0) UV(0.84146 0.79446 0.85266 0.89504 0.82223 0.89508)
		3 V(11 10 8) M(0) UV(0.87190 0.79443 0.88282 0.89499 0.85266 0.89504)
		3 V(13 12 10) M(0) UV(0.90206 0.79438 0.91325 0.89496 0.88282 0.89499)
		3 V(15 14 12) M(0) UV(0.93665 0.79431 0.94785 0.89489 0.91325 0.89496)
		3 V(14 0 1) M(0) UV(0.94785 0.89489 0.97125 0.79423 0.97800 0.89480)
		3 V(17 2 16) M(0) UV(0.74313 0.88438 0.72144 0.89499 0.72158 0.79443)
		3 V(7 4 5) M(0) UV(0.80687 0.79449 0.79206 0.88445 0.77227 0.79447)
		3 V(9 6 7) M(0) UV(0.84146 0.79446 0.82223 0.89508 0.80687 0.79449)
		3 V(11 8 9) M(0) UV(0.87190 0.79443 0.85266 0.89504 0.84146 0.79446)
		3 V(13 10 11) M(0) UV(0.90206 0.79438 0.88282 0.89499 0.87190 0.79443)
		3 V(15 12 13) M(0) UV(0.93665 0.79431 0.91325 0.89496 0.90206 0.79438)
		3 V(15 0 14) M(0) UV(0.93665 0.79431 0.97125 0.79423 0.94785 0.89489)
		3 V(5 3 17) M(0) UV(0.77227 0.79447 0.76557 0.89503 0.74313 0.88438)
		3 V(2 0 16) M(0) UV(0.99856 0.89476 0.97125 0.79423 0.99849 0.79420)
		3 V(17 16 18) M(0) UV(0.74313 0.88438 0.72158 0.79443 0.74321 0.79446)
		3 V(5 17 18) M(0) UV(0.77227 0.79447 0.74313 0.88438 0.74321 0.79446)
		3 V(1 2 10) M(0) UV(0.79803 0.78082 0.77912 0.78887 0.78514 0.70300)
		3 V(12 1 10) M(0) UV(0.80924 0.72159 0.79803 0.78082 0.78514 0.70300)
		3 V(6 8 10) M(0) UV(0.73206 0.72302 0.75499 0.70300 0.78514 0.70300)
		3 V(3 4 6) M(0) UV(0.73865 0.77594 0.72144 0.75318 0.73206 0.72302)
		3 V(2 17 3) M(0) UV(0.77912 0.78887 0.75555 0.79413 0.73865 0.77594)
		3 V(3 10 2) M(0) UV(0.73865 0.77594 0.78514 0.70300 0.77912 0.78887)
		3 V(3 6 10) M(0) UV(0.73865 0.77594 0.73206 0.72302 0.78514 0.70300)
		3 V(12 14 1) M(0) UV(0.80924 0.72159 0.81478 0.75574 0.79803 0.78082)
		3 V(16 0 15) M(0) UV(0.86651 0.79413 0.83931 0.79256 0.81485 0.76810)
		3 V(16 11 18) M(0) UV(0.86651 0.79413 0.83540 0.71144 0.88586 0.78446)
		3 V(7 5 18) M(0) UV(0.89420 0.72569 0.90095 0.75962 0.88586 0.78446)
		3 V(11 9 7) M(0) UV(0.83540 0.71144 0.86543 0.70647 0.89420 0.72569)
		3 V(18 11 7) M(0) UV(0.88586 0.78446 0.83540 0.71144 0.89420 0.72569)
		3 V(16 15 11) M(0) UV(0.86651 0.79413 0.81485 0.76810 0.83540 0.71144)
		3 V(15 13 11) M(0) UV(0.81485 0.76810 0.81485 0.73350 0.83540 0.71144)
	}
}
Eof
