Metasequoia Document
Format Text Ver 1.0

Scene {
	pos -0.0000 -0.0000 1331.3430
	lookat 134.7522 168.4454 180.4952
	head -0.6600
	pich 0.0908
	bank 0.0000
	ortho 0
	zoom2 1.2646
	amb 0.250 0.250 0.250
	dirlights 1 {
		light {
			dir 0.408 0.408 0.816
			color 1.000 1.000 1.000
		}
	}
}
Material 1 {
	"mat1" shader(3) col(1.000 1.000 1.000 1.000) dif(0.600) amb(0.250) emi(0.400) spc(0.000) power(5.00) tex("qf5-25in.png")
}
Object "$body" {
	depth 0
	folding 0
	scale 1.000000 1.000000 1.000000
	rotation 0.000000 -0.000000 0.000000
	translation 0.000000 0.000000 0.000000
	visible 15
	locking 0
	shading 1
	facet 59.5
	color 0.898 0.498 0.698
	color_type 0
	vertex 17 {
		0.0000 17.1285 -0.0000
		0.0000 17.1285 222.1478
		157.0823 17.1285 157.0823
		222.1478 17.1285 -0.0000
		157.0823 17.1285 -157.0822
		0.0000 17.1285 -222.1478
		-157.0824 17.1285 -157.0822
		-222.1478 17.1285 -0.0000
		-157.0824 17.1285 157.0823
		0.0000 -33.0296 222.1478
		157.0823 -33.0296 157.0823
		222.1478 -33.0296 -0.0000
		157.0823 -33.0296 -157.0822
		0.0000 -33.0296 -222.1478
		-157.0824 -33.0296 -157.0822
		-222.1478 -33.0296 -0.0000
		-157.0824 -33.0296 157.0823
	}
	face 16 {
		4 V(1 2 10 9) M(0) UV(0.03309 0.06374 0.12623 0.06374 0.12623 0.13554 0.03309 0.13554)
		4 V(2 3 11 10) M(0) UV(0.12623 0.06374 0.35108 0.06374 0.35108 0.13554 0.12623 0.13554)
		4 V(3 4 12 11) M(0) UV(0.35108 0.06374 0.57594 0.06374 0.57594 0.13554 0.35108 0.13554)
		4 V(4 5 13 12) M(0) UV(0.57594 0.06374 0.66908 0.06374 0.66908 0.13554 0.57594 0.13554)
		4 V(5 6 14 13) M(0) UV(0.66908 0.06374 0.57594 0.06374 0.57594 0.13554 0.66908 0.13554)
		4 V(6 7 15 14) M(0) UV(0.57594 0.06374 0.35108 0.06374 0.35108 0.13554 0.57594 0.13554)
		4 V(7 8 16 15) M(0) UV(0.35108 0.06374 0.12623 0.06374 0.12623 0.13554 0.35108 0.13554)
		4 V(8 1 9 16) M(0) UV(0.12623 0.06374 0.03309 0.06374 0.03309 0.13554 0.12623 0.13554)
		3 V(0 2 1) M(0) UV(0.35108 0.06374 0.12623 0.06374 0.03309 0.06374)
		3 V(0 3 2) M(0) UV(0.35108 0.06374 0.35108 0.06374 0.12623 0.06374)
		3 V(0 4 3) M(0) UV(0.35108 0.06374 0.57594 0.06374 0.35108 0.06374)
		3 V(0 5 4) M(0) UV(0.35108 0.06374 0.66908 0.06374 0.57594 0.06374)
		3 V(0 6 5) M(0) UV(0.35108 0.06374 0.57594 0.06374 0.66908 0.06374)
		3 V(0 7 6) M(0) UV(0.35108 0.06374 0.35108 0.06374 0.57594 0.06374)
		3 V(0 8 7) M(0) UV(0.35108 0.06374 0.12623 0.06374 0.35108 0.06374)
		3 V(0 1 8) M(0) UV(0.35108 0.06374 0.03309 0.06374 0.12623 0.06374)
	}
}
Object "$part0" {
	depth 0
	folding 0
	scale 1.000000 1.000000 1.000000
	rotation 0.000000 -0.000000 0.000000
	translation 0.000000 0.000000 0.000000
	visible 15
	locking 0
	shading 1
	facet 59.5
	color 0.898 0.498 0.698
	color_type 0
	vertex 65 {
		-225.4591 9.8923 200.0238
		-77.4359 8.8610 232.3080
		77.4359 8.8610 232.3080
		225.4591 9.8923 200.0238
		225.4591 9.8923 -200.0238
		77.4359 8.8610 -232.3080
		-77.4359 8.8610 -232.3080
		-225.4591 9.8923 -200.0238
		-225.4591 78.3091 200.0238
		-77.4359 78.3091 232.3080
		77.4359 78.3091 232.3080
		225.4591 78.3091 200.0238
		225.4591 78.3091 -200.0238
		77.4359 78.3091 -232.3080
		-77.4359 78.3091 -232.3080
		-225.4591 78.3091 -200.0238
		-77.4359 286.0639 249.5344
		77.4372 286.0639 249.5344
		240.9212 383.6350 -227.6700
		77.4372 383.6350 -249.5345
		-77.4359 383.6350 -249.5345
		-240.9212 383.6350 -227.6700
		-240.9212 78.3091 230.4341
		-77.4359 78.3091 249.5344
		77.4359 78.3091 249.5344
		240.9212 78.3091 230.4341
		240.9212 78.3091 -227.6700
		77.4359 78.3091 -249.5345
		-77.4359 78.3091 -249.5345
		-240.9212 78.3091 -227.6700
		-240.9212 180.6358 230.4341
		-77.4359 180.6358 249.5344
		77.4372 180.6358 249.5344
		240.9212 180.6358 230.4341
		-239.2114 383.6350 -43.9576
		-178.8376 336.3565 63.1185
		178.8376 336.3565 63.1185
		239.2114 383.6350 -43.9576
		-239.2114 180.6358 -43.9576
		-178.8376 180.6358 63.1185
		178.8376 180.6358 63.1185
		239.2114 180.6358 -43.9576
		77.4372 180.6290 -36.9707
		77.4372 383.6368 -36.9706
		178.8386 180.6290 -36.4227
		178.8386 383.2415 -36.4227
		77.4372 383.6363 63.7378
		77.4372 180.6318 63.7378
		-77.4372 286.0639 249.5344
		-77.4372 180.6358 249.5344
		-178.8376 180.6358 63.1185
		-77.4372 180.6290 -36.9707
		-77.4372 383.6368 -36.9706
		-178.8386 180.6290 -36.4227
		-178.8386 383.2415 -36.4227
		-77.4372 383.6363 63.7378
		-77.4372 180.6318 63.7378
		-163.1023 336.3565 63.1183
		163.1023 336.3565 63.1183
		163.1023 180.6358 63.1183
		163.1033 180.6290 -36.4228
		163.1033 383.2415 -36.4228
		-163.1023 180.6358 63.1183
		-163.1033 180.6290 -36.4228
		-163.1033 383.2415 -36.4228
	}
	face 58 {
		4 V(0 1 6 7) M(0) UV(0.03070 0.41768 0.11347 0.43573 0.11347 0.17594 0.03070 0.19399)
		4 V(1 2 5 6) M(0) UV(0.11347 0.43573 0.20007 0.43573 0.20007 0.17594 0.11347 0.17594)
		4 V(2 3 4 5) M(0) UV(0.20007 0.43573 0.28284 0.41768 0.28284 0.19399 0.20007 0.17594)
		4 V(9 1 0 8) M(0) UV(0.78550 0.08927 0.78550 0.13547 0.68703 0.13479 0.68703 0.08927)
		4 V(10 2 1 9) M(0) UV(0.88853 0.08927 0.88853 0.13547 0.78550 0.13547 0.78550 0.08927)
		4 V(11 3 2 10) M(0) UV(0.98700 0.08927 0.98700 0.13479 0.88853 0.13547 0.88853 0.08927)
		4 V(12 4 3 11) M(0) UV(0.43625 0.75812 0.43625 0.81933 0.07834 0.81933 0.07834 0.75812)
		4 V(13 5 4 12) M(0) UV(0.88853 0.08927 0.88853 0.13547 0.98700 0.13479 0.98700 0.08927)
		4 V(14 6 5 13) M(0) UV(0.78550 0.08927 0.78550 0.13547 0.88853 0.13547 0.88853 0.08927)
		4 V(15 7 6 14) M(0) UV(0.68703 0.08927 0.68703 0.13479 0.78550 0.13547 0.78550 0.08927)
		4 V(8 0 7 15) M(0) UV(0.07834 0.75812 0.07834 0.81933 0.43625 0.81933 0.43625 0.75812)
		4 V(22 23 9 8) M(0) UV(0.77374 0.95914 0.84148 0.96705 0.84148 0.95991 0.78015 0.94654)
		4 V(23 24 10 9) M(0) UV(0.61671 0.24216 0.75526 0.24216 0.75526 0.24216 0.61671 0.24216)
		4 V(24 25 11 10) M(0) UV(0.90565 0.96705 0.97339 0.95914 0.96698 0.94654 0.90565 0.95991)
		4 V(25 26 12 11) M(0) UV(0.97339 0.95914 0.97339 0.76933 0.96698 0.78078 0.96698 0.94654)
		4 V(26 27 13 12) M(0) UV(0.97339 0.76933 0.90565 0.76027 0.90565 0.76740 0.96698 0.78078)
		4 V(27 26 18 19) M(0) UV(0.83380 0.73421 0.75519 0.73421 0.75519 0.58740 0.83380 0.58740)
		4 V(27 28 14 13) M(0) UV(0.83380 0.73421 0.90827 0.73421 0.90827 0.73421 0.83380 0.73421)
		4 V(28 27 19 20) M(0) UV(0.90827 0.73421 0.83380 0.73421 0.83380 0.58740 0.90827 0.58740)
		4 V(28 29 15 14) M(0) UV(0.84148 0.76027 0.77374 0.76933 0.78015 0.78078 0.84148 0.76740)
		4 V(29 28 20 21) M(0) UV(0.98687 0.73421 0.90827 0.73421 0.90827 0.58740 0.98687 0.58740)
		4 V(29 22 8 15) M(0) UV(0.77374 0.76933 0.77374 0.95914 0.78015 0.94654 0.78015 0.78078)
		4 V(30 31 23 22) M(0) UV(0.47044 0.15061 0.61671 0.15061 0.61671 0.24216 0.47044 0.24216)
		4 V(31 16 17 32) M(0) UV(0.48342 0.81176 0.48342 0.71744 0.48342 0.71744 0.48342 0.81176)
		4 V(31 32 24 23) M(0) UV(0.61671 0.15061 0.75526 0.15061 0.75526 0.24216 0.61671 0.24216)
		4 V(32 33 25 24) M(0) UV(0.75526 0.15061 0.90153 0.15061 0.90153 0.24216 0.75526 0.24216)
		4 V(38 34 35 39) M(0) UV(0.29662 0.66657 0.29662 0.48496 0.20082 0.52726 0.20082 0.66657)
		4 V(40 36 37 41) M(0) UV(0.20082 0.66657 0.20082 0.52726 0.29662 0.48496 0.29662 0.66657)
		4 V(26 41 37 18) M(0) UV(0.46098 0.75812 0.29662 0.66657 0.29662 0.48496 0.46098 0.48496)
		4 V(34 38 29 21) M(0) UV(0.29662 0.48496 0.29662 0.66657 0.46098 0.75812 0.46098 0.48496)
		4 V(30 22 29 38) M(0) UV(0.05113 0.66657 0.05113 0.75812 0.46098 0.75812 0.29662 0.66657)
		4 V(41 26 25 33) M(0) UV(0.29662 0.66657 0.46098 0.75812 0.05113 0.75812 0.05113 0.66657)
		4 V(38 41 33 30) M(0) UV(0.31529 0.30968 0.48248 0.30968 0.48308 0.40557 0.31469 0.40557)
		4 V(33 32 31 30) M(0) UV(0.90153 0.15061 0.75526 0.15061 0.61671 0.15061 0.47044 0.15061)
		4 V(43 45 44 42) M(0) UV(0.14416 0.58563 0.16631 0.58572 0.16631 0.62997 0.14416 0.62997)
		4 V(46 43 42 47) M(0) UV(0.64964 0.63015 0.73974 0.63015 0.73974 0.81177 0.64964 0.81177)
		4 V(46 47 32 17) M(0) UV(0.64964 0.63015 0.64964 0.81177 0.48342 0.81176 0.48342 0.71744)
		4 V(52 51 53 54) M(0) UV(0.11033 0.58563 0.11033 0.62997 0.08818 0.62997 0.08818 0.58572)
		4 V(55 56 51 52) M(0) UV(0.64964 0.63015 0.64964 0.81177 0.73974 0.81177 0.73974 0.63015)
		4 V(55 48 49 56) M(0) UV(0.64964 0.63015 0.48342 0.71744 0.48342 0.81176 0.64964 0.81177)
		4 V(55 46 17 16) M(0) UV(0.06907 0.46319 0.16105 0.46319 0.16105 0.57354 0.06907 0.57354)
		4 V(55 20 19 46) M(0) UV(0.66091 0.55796 0.66091 0.27769 0.79947 0.27769 0.79947 0.55796)
		4 V(19 18 45 43) M(0) UV(0.79947 0.27769 0.94573 0.29725 0.89018 0.46835 0.79947 0.46786)
		4 V(52 54 21 20) M(0) UV(0.66091 0.46786 0.57019 0.46835 0.51465 0.29725 0.66091 0.27769)
		3 V(45 37 36) M(0) UV(0.89018 0.46835 0.94420 0.46161 0.89018 0.55740)
		3 V(37 45 18) M(0) UV(0.94420 0.46161 0.89018 0.46835 0.94573 0.29725)
		3 V(54 34 21) M(0) UV(0.57019 0.46835 0.51618 0.46161 0.51465 0.29725)
		3 V(54 35 34) M(0) UV(0.57019 0.46835 0.57019 0.55740 0.51618 0.46161)
		4 V(60 59 40 44) M(0) UV(0.28988 0.66658 0.20082 0.66657 0.20082 0.66657 0.28988 0.66658)
		4 V(61 60 44 45) M(0) UV(0.28988 0.48531 0.28988 0.66658 0.28988 0.66658 0.28988 0.48531)
		4 V(58 61 45 36) M(0) UV(0.20082 0.52726 0.28988 0.48531 0.28988 0.48531 0.20082 0.52726)
		4 V(59 58 36 40) M(0) UV(0.20082 0.66657 0.20082 0.52726 0.20082 0.52726 0.20082 0.66657)
		4 V(59 60 61 58) M(0) UV(0.20082 0.66657 0.28988 0.66658 0.28988 0.48531 0.20082 0.52726)
		4 V(57 62 50 35) M(0) UV(0.20082 0.52726 0.20082 0.66657 0.20082 0.66657 0.20082 0.52726)
		4 V(64 57 35 54) M(0) UV(0.28988 0.48531 0.20082 0.52726 0.20082 0.52726 0.28988 0.48531)
		4 V(63 64 54 53) M(0) UV(0.28988 0.66658 0.28988 0.48531 0.28988 0.48531 0.28988 0.66658)
		4 V(62 63 53 50) M(0) UV(0.20082 0.66657 0.28988 0.66658 0.28988 0.66658 0.20082 0.66657)
		4 V(62 57 64 63) M(0) UV(0.20082 0.66657 0.20082 0.52726 0.28988 0.48531 0.28988 0.66658)
	}
}
Object "$part0_0" {
	depth 0
	folding 0
	scale 1.000000 1.000000 1.000000
	rotation 0.000000 -0.000000 0.000000
	translation 0.000000 0.000000 0.000000
	visible 15
	locking 0
	shading 1
	facet 59.5
	color 0.898 0.498 0.698
	color_type 0
	vertex 92 {
		181.2052 266.3458 -55.6544
		181.2052 266.3458 55.7876
		181.2052 187.5445 23.1470
		181.2052 154.9038 -55.6544
		181.2052 187.5445 -134.4558
		181.2052 266.3458 -167.0965
		181.2052 345.1475 -134.4558
		181.2052 377.7880 -55.6544
		181.2052 345.1475 23.1470
		-181.2052 266.3458 55.7876
		-181.2052 187.5445 23.1470
		-181.2052 154.9038 -55.6544
		-181.2052 187.5445 -134.4558
		-181.2052 266.3458 -167.0965
		-181.2052 345.1475 -134.4558
		-181.2052 377.7880 -55.6544
		-181.2052 345.1475 23.1470
		-181.2052 266.3458 -55.6544
		123.6594 284.7826 653.8305
		137.1673 276.9839 653.8305
		137.1673 261.3860 653.8307
		123.6594 253.5873 653.8307
		110.1513 261.3860 653.8307
		110.1513 276.9839 653.8305
		123.6594 269.1848 517.2052
		123.6594 286.0783 144.2324
		138.2896 277.6317 144.2324
		138.2896 260.7383 144.2323
		123.6594 252.2915 144.2323
		109.0291 260.7383 144.2323
		109.0293 277.6317 144.2324
		123.6594 304.0559 36.6429
		153.8584 286.6205 36.6429
		153.8584 251.7495 36.6429
		123.6594 234.3141 36.6429
		93.4602 251.7495 36.6429
		93.4602 286.6205 36.6429
		123.6594 291.7799 144.2324
		143.2273 280.4826 144.2324
		143.2273 257.8875 144.2323
		123.6594 246.5896 144.2323
		104.0914 257.8875 144.2323
		104.0914 280.4826 144.2324
		123.6594 286.0783 174.7387
		138.2896 277.6317 174.7387
		138.2896 260.7383 174.7387
		123.6594 252.2915 174.7387
		109.0291 260.7383 174.7387
		109.0293 277.6317 174.7387
		123.6594 287.9435 174.7387
		139.9048 278.5642 174.7387
		139.9048 259.8055 174.7387
		123.6594 250.4263 174.7387
		107.4138 259.8055 174.7387
		107.4138 278.5642 174.7387
		-123.6594 284.7826 653.8305
		-137.1673 276.9839 653.8305
		-137.1673 261.3860 653.8307
		-123.6594 253.5873 653.8307
		-110.1513 261.3860 653.8307
		-110.1513 276.9839 653.8305
		-123.6594 269.1848 517.2052
		-123.6594 286.0783 144.2324
		-138.2896 277.6317 144.2324
		-138.2896 260.7383 144.2323
		-123.6594 252.2915 144.2323
		-109.0291 260.7383 144.2323
		-109.0293 277.6317 144.2324
		-123.6594 304.0559 36.6429
		-153.8584 286.6205 36.6429
		-153.8584 251.7495 36.6429
		-123.6594 234.3141 36.6429
		-93.4602 251.7495 36.6429
		-93.4602 286.6205 36.6429
		-123.6594 291.7799 144.2324
		-143.2273 280.4826 144.2324
		-143.2273 257.8875 144.2323
		-123.6594 246.5896 144.2323
		-104.0914 257.8875 144.2323
		-104.0914 280.4826 144.2324
		-123.6594 286.0783 174.7387
		-138.2896 277.6317 174.7387
		-138.2896 260.7383 174.7387
		-123.6594 252.2915 174.7387
		-109.0291 260.7383 174.7387
		-109.0293 277.6317 174.7387
		-123.6594 287.9435 174.7387
		-139.9048 278.5642 174.7387
		-139.9048 259.8055 174.7387
		-123.6594 250.4263 174.7387
		-107.4138 259.8055 174.7387
		-107.4138 278.5642 174.7387
	}
	face 96 {
		4 V(1 2 10 9) M(0) UV(0.17183 0.87371 0.18559 0.90693 0.18559 0.90693 0.17183 0.87371)
		4 V(2 3 11 10) M(0) UV(0.18559 0.90693 0.21882 0.92070 0.21882 0.92070 0.18559 0.90693)
		4 V(3 4 12 11) M(0) UV(0.21882 0.92070 0.25205 0.90693 0.25205 0.90693 0.21882 0.92070)
		4 V(4 5 13 12) M(0) UV(0.25205 0.90693 0.26581 0.87371 0.26581 0.87371 0.25205 0.90693)
		4 V(5 6 14 13) M(0) UV(0.26581 0.87371 0.25205 0.84048 0.25205 0.84048 0.26581 0.87371)
		4 V(6 7 15 14) M(0) UV(0.25205 0.84048 0.21882 0.82671 0.21882 0.82671 0.25205 0.84048)
		4 V(7 8 16 15) M(0) UV(0.21882 0.82671 0.18559 0.84048 0.18559 0.84048 0.21882 0.82671)
		4 V(8 1 9 16) M(0) UV(0.18559 0.84048 0.17183 0.87371 0.17183 0.87371 0.18559 0.84048)
		3 V(0 2 1) M(0) UV(0.21882 0.87371 0.18559 0.90693 0.17183 0.87371)
		3 V(0 3 2) M(0) UV(0.21882 0.87371 0.21882 0.92070 0.18559 0.90693)
		3 V(0 4 3) M(0) UV(0.21882 0.87371 0.25205 0.90693 0.21882 0.92070)
		3 V(0 5 4) M(0) UV(0.21882 0.87371 0.26581 0.87371 0.25205 0.90693)
		3 V(0 6 5) M(0) UV(0.21882 0.87371 0.25205 0.84048 0.26581 0.87371)
		3 V(0 7 6) M(0) UV(0.21882 0.87371 0.21882 0.82671 0.25205 0.84048)
		3 V(0 8 7) M(0) UV(0.21882 0.87371 0.18559 0.84048 0.21882 0.82671)
		3 V(0 1 8) M(0) UV(0.21882 0.87371 0.17183 0.87371 0.18559 0.84048)
		3 V(17 9 10) M(0) UV(0.21882 0.87371 0.17183 0.87371 0.18559 0.90693)
		3 V(17 10 11) M(0) UV(0.21882 0.87371 0.18559 0.90693 0.21882 0.92070)
		3 V(17 11 12) M(0) UV(0.21882 0.87371 0.21882 0.92070 0.25205 0.90693)
		3 V(17 12 13) M(0) UV(0.21882 0.87371 0.25205 0.90693 0.26581 0.87371)
		3 V(17 13 14) M(0) UV(0.21882 0.87371 0.26581 0.87371 0.25205 0.84048)
		3 V(17 14 15) M(0) UV(0.21882 0.87371 0.25205 0.84048 0.21882 0.82671)
		3 V(17 15 16) M(0) UV(0.21882 0.87371 0.21882 0.82671 0.18559 0.84048)
		3 V(17 16 9) M(0) UV(0.21882 0.87371 0.18559 0.84048 0.17183 0.87371)
		3 V(24 18 19) M(0) UV(0.15419 0.94599 0.03196 0.93203 0.03196 0.93901)
		3 V(24 19 20) M(0) UV(0.15419 0.94599 0.03196 0.93901 0.03196 0.95297)
		3 V(24 20 21) M(0) UV(0.15419 0.94599 0.03196 0.95297 0.03196 0.95994)
		3 V(24 21 22) M(0) UV(0.15419 0.94599 0.03196 0.95994 0.03196 0.95297)
		3 V(24 22 23) M(0) UV(0.15419 0.94599 0.03196 0.95297 0.03196 0.93901)
		3 V(24 23 18) M(0) UV(0.15419 0.94599 0.03196 0.93901 0.03196 0.93203)
		4 V(37 38 26 25) M(0) UV(0.48787 0.92577 0.48787 0.93588 0.48787 0.93843 0.48787 0.93087)
		4 V(38 37 31 32) M(0) UV(0.48787 0.93588 0.48787 0.92577 0.58413 0.91479 0.58413 0.93039)
		4 V(38 39 27 26) M(0) UV(0.48787 0.93588 0.48787 0.95610 0.48787 0.95354 0.48787 0.93843)
		4 V(39 38 32 33) M(0) UV(0.48787 0.95610 0.48787 0.93588 0.58413 0.93039 0.58413 0.96159)
		4 V(39 40 28 27) M(0) UV(0.48787 0.95610 0.48787 0.96620 0.48787 0.96110 0.48787 0.95354)
		4 V(40 39 33 34) M(0) UV(0.48787 0.96620 0.48787 0.95610 0.58413 0.96159 0.58413 0.97719)
		4 V(40 41 29 28) M(0) UV(0.48787 0.96620 0.48787 0.95610 0.48787 0.95354 0.48787 0.96110)
		4 V(41 40 34 35) M(0) UV(0.48787 0.95610 0.48787 0.96620 0.58413 0.97719 0.58413 0.96159)
		4 V(41 42 30 29) M(0) UV(0.48787 0.95610 0.48787 0.93588 0.48787 0.93843 0.48787 0.95354)
		4 V(42 41 35 36) M(0) UV(0.48787 0.93588 0.48787 0.95610 0.58413 0.96159 0.58413 0.93039)
		4 V(42 37 25 30) M(0) UV(0.48787 0.93588 0.48787 0.92577 0.48787 0.93087 0.48787 0.93843)
		4 V(37 42 36 31) M(0) UV(0.48787 0.92577 0.48787 0.93588 0.58413 0.93039 0.58413 0.91479)
		4 V(44 43 25 26) M(0) UV(0.05195 0.87420 0.05195 0.86664 0.07925 0.86664 0.07925 0.87420)
		4 V(45 44 26 27) M(0) UV(0.05195 0.88931 0.05195 0.87420 0.07925 0.87420 0.07925 0.88931)
		4 V(46 45 27 28) M(0) UV(0.05195 0.89687 0.05195 0.88931 0.07925 0.88931 0.07925 0.89687)
		4 V(47 46 28 29) M(0) UV(0.05195 0.88931 0.05195 0.89687 0.07925 0.89687 0.07925 0.88931)
		4 V(48 47 29 30) M(0) UV(0.05195 0.87420 0.05195 0.88931 0.07925 0.88931 0.07925 0.87420)
		4 V(43 48 30 25) M(0) UV(0.05195 0.86664 0.05195 0.87420 0.07925 0.87420 0.07925 0.86664)
		4 V(50 19 18 49) M(0) UV(0.46058 0.93760 0.03196 0.93901 0.03196 0.93203 0.46058 0.92921)
		4 V(50 49 43 44) M(0) UV(0.46058 0.93760 0.46058 0.92921 0.46058 0.93087 0.46058 0.93843)
		4 V(51 20 19 50) M(0) UV(0.46058 0.95438 0.03196 0.95297 0.03196 0.93901 0.46058 0.93760)
		4 V(51 50 44 45) M(0) UV(0.46058 0.95438 0.46058 0.93760 0.46058 0.93843 0.46058 0.95354)
		4 V(52 21 20 51) M(0) UV(0.46058 0.96277 0.03196 0.95994 0.03196 0.95297 0.46058 0.95438)
		4 V(52 51 45 46) M(0) UV(0.46058 0.96277 0.46058 0.95438 0.46058 0.95354 0.46058 0.96110)
		4 V(53 22 21 52) M(0) UV(0.46058 0.95438 0.03196 0.95297 0.03196 0.95994 0.46058 0.96277)
		4 V(53 52 46 47) M(0) UV(0.46058 0.95438 0.46058 0.96277 0.46058 0.96110 0.46058 0.95354)
		4 V(54 23 22 53) M(0) UV(0.46058 0.93760 0.03196 0.93901 0.03196 0.95297 0.46058 0.95438)
		4 V(54 53 47 48) M(0) UV(0.46058 0.93760 0.46058 0.95438 0.46058 0.95354 0.46058 0.93843)
		4 V(49 18 23 54) M(0) UV(0.46058 0.92921 0.03196 0.93203 0.03196 0.93901 0.46058 0.93760)
		4 V(49 54 48 43) M(0) UV(0.46058 0.92921 0.46058 0.93760 0.46058 0.93843 0.46058 0.93087)
		3 V(61 56 55) M(0) UV(0.15419 0.94599 0.03196 0.93901 0.03196 0.93203)
		3 V(61 57 56) M(0) UV(0.15419 0.94599 0.03196 0.95297 0.03196 0.93901)
		3 V(61 58 57) M(0) UV(0.15419 0.94599 0.03196 0.95994 0.03196 0.95297)
		3 V(61 59 58) M(0) UV(0.15419 0.94599 0.03196 0.95297 0.03196 0.95994)
		3 V(61 60 59) M(0) UV(0.15419 0.94599 0.03196 0.93901 0.03196 0.95297)
		3 V(61 55 60) M(0) UV(0.15419 0.94599 0.03196 0.93203 0.03196 0.93901)
		4 V(74 62 63 75) M(0) UV(0.48787 0.92577 0.48787 0.93087 0.48787 0.93843 0.48787 0.93588)
		4 V(75 69 68 74) M(0) UV(0.48787 0.93588 0.58413 0.93039 0.58413 0.91479 0.48787 0.92577)
		4 V(75 63 64 76) M(0) UV(0.48787 0.93588 0.48787 0.93843 0.48787 0.95354 0.48787 0.95610)
		4 V(76 70 69 75) M(0) UV(0.48787 0.95610 0.58413 0.96159 0.58413 0.93039 0.48787 0.93588)
		4 V(76 64 65 77) M(0) UV(0.48787 0.95610 0.48787 0.95354 0.48787 0.96110 0.48787 0.96620)
		4 V(77 71 70 76) M(0) UV(0.48787 0.96620 0.58413 0.97719 0.58413 0.96159 0.48787 0.95610)
		4 V(77 65 66 78) M(0) UV(0.48787 0.96620 0.48787 0.96110 0.48787 0.95354 0.48787 0.95610)
		4 V(78 72 71 77) M(0) UV(0.48787 0.95610 0.58413 0.96159 0.58413 0.97719 0.48787 0.96620)
		4 V(78 66 67 79) M(0) UV(0.48787 0.95610 0.48787 0.95354 0.48787 0.93843 0.48787 0.93588)
		4 V(79 73 72 78) M(0) UV(0.48787 0.93588 0.58413 0.93039 0.58413 0.96159 0.48787 0.95610)
		4 V(79 67 62 74) M(0) UV(0.48787 0.93588 0.48787 0.93843 0.48787 0.93087 0.48787 0.92577)
		4 V(74 68 73 79) M(0) UV(0.48787 0.92577 0.58413 0.91479 0.58413 0.93039 0.48787 0.93588)
		4 V(81 63 62 80) M(0) UV(0.05195 0.87420 0.07925 0.87420 0.07925 0.86664 0.05195 0.86664)
		4 V(82 64 63 81) M(0) UV(0.05195 0.88931 0.07925 0.88931 0.07925 0.87420 0.05195 0.87420)
		4 V(83 65 64 82) M(0) UV(0.05195 0.89687 0.07925 0.89687 0.07925 0.88931 0.05195 0.88931)
		4 V(84 66 65 83) M(0) UV(0.05195 0.88931 0.07925 0.88931 0.07925 0.89687 0.05195 0.89687)
		4 V(85 67 66 84) M(0) UV(0.05195 0.87420 0.07925 0.87420 0.07925 0.88931 0.05195 0.88931)
		4 V(80 62 67 85) M(0) UV(0.05195 0.86664 0.07925 0.86664 0.07925 0.87420 0.05195 0.87420)
		4 V(87 86 55 56) M(0) UV(0.46058 0.93760 0.46058 0.92921 0.03196 0.93203 0.03196 0.93901)
		4 V(87 81 80 86) M(0) UV(0.46058 0.93760 0.46058 0.93843 0.46058 0.93087 0.46058 0.92921)
		4 V(88 87 56 57) M(0) UV(0.46058 0.95438 0.46058 0.93760 0.03196 0.93901 0.03196 0.95297)
		4 V(88 82 81 87) M(0) UV(0.46058 0.95438 0.46058 0.95354 0.46058 0.93843 0.46058 0.93760)
		4 V(89 88 57 58) M(0) UV(0.46058 0.96277 0.46058 0.95438 0.03196 0.95297 0.03196 0.95994)
		4 V(89 83 82 88) M(0) UV(0.46058 0.96277 0.46058 0.96110 0.46058 0.95354 0.46058 0.95438)
		4 V(90 89 58 59) M(0) UV(0.46058 0.95438 0.46058 0.96277 0.03196 0.95994 0.03196 0.95297)
		4 V(90 84 83 89) M(0) UV(0.46058 0.95438 0.46058 0.95354 0.46058 0.96110 0.46058 0.96277)
		4 V(91 90 59 60) M(0) UV(0.46058 0.93760 0.46058 0.95438 0.03196 0.95297 0.03196 0.93901)
		4 V(91 85 84 90) M(0) UV(0.46058 0.93760 0.46058 0.93843 0.46058 0.95354 0.46058 0.95438)
		4 V(86 91 60 55) M(0) UV(0.46058 0.92921 0.46058 0.93760 0.03196 0.93901 0.03196 0.93203)
		4 V(86 80 85 91) M(0) UV(0.46058 0.92921 0.46058 0.93087 0.46058 0.93843 0.46058 0.93760)
	}
}
Eof
