Metasequoia Document
Format Text Ver 1.1

Scene {
	pos -5.2069 63.5438 2400.0259
	lookat -7.7666 96.6868 10.5372
	head 5.5000
	pich 0.3140
	bank 0.0000
	ortho 0
	zoom2 8.0000
	amb 0.137 0.137 0.137
	dirlights 1 {
		light {
			dir 0.408 0.408 0.816
			color 1.000 1.000 1.000
		}
	}
}
Material 1 {
	"mat1" shader(3) col(1.000 1.000 1.000 1.000) dif(0.800) amb(0.600) emi(0.000) spc(0.000) power(5.00)
}
Object "$body" {
	depth 0
	folding 0
	scale 1.000000 1.000000 1.000000
	rotation 0.000000 0.000000 0.000000
	translation 0.000000 0.000000 0.000000
	visible 15
	locking 0
	shading 1
	facet 59.5
	color 0.898 0.498 0.698
	color_type 0
	vertex 32 {
		-7.2708 50.4530 -3.8929
		-5.2208 50.4530 1.0531
		-0.2768 50.4530 3.1011
		4.6692 50.4530 1.0531
		6.7172 50.4530 -3.8929
		4.6692 50.4530 -8.8389
		-0.2768 50.4530 -10.8869
		-5.2208 50.4530 -8.8389
		-0.2768 -17.6510 -10.8869
		4.6692 -17.6510 -8.8389
		-5.2208 -17.6510 -8.8389
		6.7172 -17.6510 -3.8929
		-7.2708 -17.6510 -3.8929
		4.6692 -17.6510 1.0531
		-5.2208 -17.6510 1.0531
		-0.2768 -17.6510 3.1011
		-17.0908 -25.0170 -3.8929
		-12.1668 -25.0170 7.9971
		-0.2768 -25.0170 12.9211
		11.6132 -25.0170 7.9971
		16.5372 -25.0170 -3.8929
		11.6132 -25.0170 -15.7829
		-0.2768 -25.0170 -20.7069
		-12.1668 -25.0170 -15.7829
		-0.2768 -17.6510 -20.7069
		11.6132 -17.6510 -15.7829
		-12.1668 -17.6510 -15.7829
		16.5372 -17.6510 -3.8929
		-17.0908 -17.6510 -3.8929
		11.6132 -17.6510 7.9971
		-12.1668 -17.6510 7.9971
		-0.2768 -17.6510 12.9211
	}
	face 54 {
		3 V(9 5 6) M(0) UV(0.52008 0.86917 0.52008 0.05905 0.56062 0.05905)
		3 V(9 6 8) M(0) UV(0.52008 0.86917 0.56062 0.05905 0.56062 0.86917)
		3 V(6 7 10) M(0) UV(0.56062 0.05905 0.60116 0.05905 0.60116 0.86917)
		3 V(6 10 8) M(0) UV(0.56062 0.05905 0.60116 0.86917 0.56062 0.86917)
		3 V(11 4 5) M(0) UV(0.47954 0.86917 0.47954 0.05905 0.52008 0.05905)
		3 V(11 5 9) M(0) UV(0.47954 0.86917 0.52008 0.05905 0.52008 0.86917)
		3 V(7 0 12) M(0) UV(0.60116 0.05905 0.64171 0.05905 0.64171 0.86917)
		3 V(7 12 10) M(0) UV(0.60116 0.05905 0.64171 0.86917 0.60116 0.86917)
		3 V(13 3 4) M(0) UV(0.43900 0.86917 0.43900 0.05905 0.47954 0.05905)
		3 V(13 4 11) M(0) UV(0.43900 0.86917 0.47954 0.05905 0.47954 0.86917)
		3 V(0 1 14) M(0) UV(0.31738 0.05905 0.35792 0.05905 0.35792 0.86917)
		3 V(0 14 12) M(0) UV(0.31738 0.05905 0.35792 0.86917 0.31738 0.86917)
		3 V(15 2 3) M(0) UV(0.39846 0.86917 0.39846 0.05905 0.43900 0.05905)
		3 V(15 3 13) M(0) UV(0.39846 0.86917 0.43900 0.05905 0.43900 0.86917)
		3 V(1 2 15) M(0) UV(0.35792 0.05905 0.39846 0.05905 0.39846 0.86917)
		3 V(1 15 14) M(0) UV(0.35792 0.05905 0.39846 0.86917 0.35792 0.86917)
		3 V(25 9 8) M(0) UV(0.52008 0.86917 0.52008 0.86917 0.56062 0.86917)
		3 V(25 8 24) M(0) UV(0.52008 0.86917 0.56062 0.86917 0.56062 0.86917)
		3 V(22 21 25) M(0) UV(0.56062 0.96275 0.52008 0.96275 0.52008 0.86917)
		3 V(22 25 24) M(0) UV(0.56062 0.96275 0.52008 0.86917 0.56062 0.86917)
		3 V(24 8 10) M(0) UV(0.56062 0.86917 0.56062 0.86917 0.60116 0.86917)
		3 V(24 10 26) M(0) UV(0.56062 0.86917 0.60116 0.86917 0.60116 0.86917)
		3 V(26 23 22) M(0) UV(0.60116 0.86917 0.60116 0.96275 0.56062 0.96275)
		3 V(26 22 24) M(0) UV(0.60116 0.86917 0.56062 0.96275 0.56062 0.86917)
		3 V(27 11 9) M(0) UV(0.47954 0.86917 0.47954 0.86917 0.52008 0.86917)
		3 V(27 9 25) M(0) UV(0.47954 0.86917 0.52008 0.86917 0.52008 0.86917)
		3 V(21 20 27) M(0) UV(0.52008 0.96275 0.47954 0.96275 0.47954 0.86917)
		3 V(21 27 25) M(0) UV(0.52008 0.96275 0.47954 0.86917 0.52008 0.86917)
		3 V(26 10 12) M(0) UV(0.60116 0.86917 0.60116 0.86917 0.64171 0.86917)
		3 V(26 12 28) M(0) UV(0.60116 0.86917 0.64171 0.86917 0.64171 0.86917)
		3 V(28 16 23) M(0) UV(0.64171 0.86917 0.64171 0.96275 0.60116 0.96275)
		3 V(28 23 26) M(0) UV(0.64171 0.86917 0.60116 0.96275 0.60116 0.86917)
		3 V(29 13 11) M(0) UV(0.43900 0.86917 0.43900 0.86917 0.47954 0.86917)
		3 V(29 11 27) M(0) UV(0.43900 0.86917 0.47954 0.86917 0.47954 0.86917)
		3 V(20 19 29) M(0) UV(0.47954 0.96275 0.43900 0.96275 0.43900 0.86917)
		3 V(20 29 27) M(0) UV(0.47954 0.96275 0.43900 0.86917 0.47954 0.86917)
		3 V(28 12 14) M(0) UV(0.31738 0.86917 0.31738 0.86917 0.35792 0.86917)
		3 V(28 14 30) M(0) UV(0.31738 0.86917 0.35792 0.86917 0.35792 0.86917)
		3 V(30 17 16) M(0) UV(0.35792 0.86917 0.35792 0.96275 0.31738 0.96275)
		3 V(30 16 28) M(0) UV(0.35792 0.86917 0.31738 0.96275 0.31738 0.86917)
		3 V(31 15 13) M(0) UV(0.39846 0.86917 0.39846 0.86917 0.43900 0.86917)
		3 V(31 13 29) M(0) UV(0.39846 0.86917 0.43900 0.86917 0.43900 0.86917)
		3 V(19 18 31) M(0) UV(0.43900 0.96275 0.39846 0.96275 0.39846 0.86917)
		3 V(19 31 29) M(0) UV(0.43900 0.96275 0.39846 0.86917 0.43900 0.86917)
		3 V(30 14 15) M(0) UV(0.35792 0.86917 0.35792 0.86917 0.39846 0.86917)
		3 V(30 15 31) M(0) UV(0.35792 0.86917 0.39846 0.86917 0.39846 0.86917)
		3 V(31 18 17) M(0) UV(0.39846 0.86917 0.39846 0.96275 0.35792 0.96275)
		3 V(31 17 30) M(0) UV(0.39846 0.86917 0.35792 0.96275 0.35792 0.86917)
		3 V(16 17 23) M(0) UV(0.31738 0.05905 0.31738 0.05905 0.31738 0.05905)
		3 V(17 18 23) M(0) UV(0.31738 0.05905 0.31738 0.05905 0.31738 0.05905)
		3 V(23 18 22) M(0) UV(0.31738 0.05905 0.31738 0.05905 0.31738 0.05905)
		3 V(18 19 22) M(0) UV(0.31738 0.05905 0.31738 0.05905 0.31738 0.05905)
		3 V(22 19 21) M(0) UV(0.31738 0.05905 0.31738 0.05905 0.31738 0.05905)
		3 V(19 20 21) M(0) UV(0.31738 0.05905 0.31738 0.05905 0.31738 0.05905)
	}
}
Object "$part0" {
	depth 0
	folding 0
	scale 1.000000 1.000000 1.000000
	rotation 0.000000 0.000000 0.000000
	translation 0.000000 0.000000 0.000000
	visible 15
	locking 0
	shading 1
	facet 59.5
	color 0.898 0.498 0.698
	color_type 0
	vertex 28 {
		-17.2608 83.9330 3.6251
		-17.2608 70.2870 3.6251
		-13.5788 55.1150 3.6251
		-9.5648 48.8770 3.6251
		-17.2608 83.9330 -3.3349
		-17.2608 70.2870 -3.3349
		-13.5788 55.1150 -11.7309
		-9.5648 48.8770 -11.7309
		17.4532 83.9330 -3.3349
		17.4532 70.2870 -3.3349
		11.8652 55.1150 -11.7309
		7.8512 48.8770 -11.7309
		17.4532 83.9330 3.6251
		17.4532 70.2870 3.6251
		11.8652 55.1150 3.6251
		7.8512 48.8770 3.6251
		15.4392 83.9330 3.6251
		15.4432 70.2870 3.6251
		9.5232 55.1150 3.6251
		15.1832 83.9330 -3.3349
		15.1452 70.2870 -3.3349
		9.2992 55.1150 -11.7309
		-15.4208 83.9330 3.6251
		-14.5928 70.2870 3.6251
		-15.7928 83.9330 -3.3349
		-15.0248 70.2870 -3.3349
		-11.3828 55.1150 -11.7309
		-11.0568 55.1150 3.6251
	}
	face 48 {
		3 V(1 5 4) M(0) UV(0.33883 0.44343 0.94214 0.44343 0.94214 0.31185)
		3 V(1 4 0) M(0) UV(0.33883 0.44343 0.94214 0.31185 0.33883 0.31185)
		3 V(2 6 5) M(0) UV(0.33883 0.57501 0.94214 0.57501 0.94214 0.44343)
		3 V(2 5 1) M(0) UV(0.33883 0.57501 0.94214 0.44343 0.33883 0.44343)
		3 V(3 7 6) M(0) UV(0.33883 0.70659 0.94214 0.70659 0.94214 0.57501)
		3 V(3 6 2) M(0) UV(0.33883 0.70659 0.94214 0.57501 0.33883 0.57501)
		3 V(7 11 10) M(0) UV(0.33883 0.70659 0.94214 0.70659 0.94214 0.57501)
		3 V(7 10 6) M(0) UV(0.33883 0.70659 0.94214 0.57501 0.33883 0.57501)
		3 V(9 13 12) M(0) UV(0.33883 0.44343 0.94214 0.44343 0.94214 0.31185)
		3 V(9 12 8) M(0) UV(0.33883 0.44343 0.94214 0.31185 0.33883 0.31185)
		3 V(10 14 13) M(0) UV(0.33883 0.57501 0.94214 0.57501 0.94214 0.44343)
		3 V(10 13 9) M(0) UV(0.33883 0.57501 0.94214 0.44343 0.33883 0.44343)
		3 V(11 15 14) M(0) UV(0.33883 0.70659 0.94214 0.70659 0.94214 0.57501)
		3 V(11 14 10) M(0) UV(0.33883 0.70659 0.94214 0.57501 0.33883 0.57501)
		3 V(15 3 2) M(0) UV(0.33883 0.70659 0.94214 0.70659 0.94214 0.57501)
		3 V(15 2 14) M(0) UV(0.33883 0.70659 0.94214 0.57501 0.33883 0.57501)
		3 V(15 11 7) M(0) UV(0.94214 0.70659 0.33883 0.70659 0.94214 0.70659)
		3 V(15 7 3) M(0) UV(0.94214 0.70659 0.94214 0.70659 0.33883 0.70659)
		3 V(9 8 19) M(0) UV(0.94214 0.44343 0.94214 0.31185 0.83524 0.31185)
		3 V(9 19 20) M(0) UV(0.94214 0.44343 0.83524 0.31185 0.80849 0.44343)
		3 V(10 9 20) M(0) UV(0.94214 0.57501 0.94214 0.44343 0.80849 0.44343)
		3 V(10 20 21) M(0) UV(0.94214 0.57501 0.80849 0.44343 0.84377 0.57501)
		3 V(16 12 13) M(0) UV(0.44260 0.31185 0.33883 0.31185 0.33883 0.44343)
		3 V(16 13 17) M(0) UV(0.44260 0.31185 0.33883 0.44343 0.46935 0.44343)
		3 V(17 13 14) M(0) UV(0.46935 0.44343 0.33883 0.44343 0.33883 0.57501)
		3 V(17 14 18) M(0) UV(0.46935 0.44343 0.33883 0.57501 0.43269 0.57501)
		3 V(19 8 12) M(0) UV(0.94214 0.40511 0.94214 0.31185 0.33883 0.31185)
		3 V(19 12 16) M(0) UV(0.94214 0.40511 0.33883 0.31185 0.33883 0.40238)
		3 V(4 5 25) M(0) UV(0.33883 0.31185 0.33883 0.44343 0.47115 0.44343)
		3 V(4 25 24) M(0) UV(0.33883 0.31185 0.47115 0.44343 0.43360 0.31185)
		3 V(5 6 26) M(0) UV(0.33883 0.44343 0.33883 0.57501 0.45081 0.57501)
		3 V(5 26 25) M(0) UV(0.33883 0.44343 0.45081 0.57501 0.47115 0.44343)
		3 V(1 0 22) M(0) UV(0.94214 0.44343 0.94214 0.31185 0.84282 0.31185)
		3 V(1 22 23) M(0) UV(0.94214 0.44343 0.84282 0.31185 0.80527 0.44343)
		3 V(2 1 23) M(0) UV(0.94214 0.57501 0.94214 0.44343 0.80527 0.44343)
		3 V(2 23 27) M(0) UV(0.94214 0.57501 0.80527 0.44343 0.82361 0.57501)
		3 V(0 4 24) M(0) UV(0.33883 0.83817 0.94214 0.83817 0.94214 0.75549)
		3 V(0 24 22) M(0) UV(0.33883 0.83817 0.94214 0.75549 0.33883 0.75152)
		3 V(22 24 25) M(0) UV(0.33883 0.75152 0.94214 0.75549 0.47115 0.44343)
		3 V(22 25 23) M(0) UV(0.33883 0.75152 0.47115 0.44343 0.80527 0.44343)
		3 V(25 26 27) M(0) UV(0.47115 0.44343 0.45081 0.57501 0.82361 0.57501)
		3 V(25 27 23) M(0) UV(0.47115 0.44343 0.82361 0.57501 0.80527 0.44343)
		3 V(21 18 27) M(0) UV(0.84377 0.57501 0.43269 0.57501 0.82361 0.57501)
		3 V(21 27 26) M(0) UV(0.84377 0.57501 0.82361 0.57501 0.45081 0.57501)
		3 V(17 20 19) M(0) UV(0.46935 0.44343 0.80849 0.44343 0.94214 0.40511)
		3 V(17 19 16) M(0) UV(0.46935 0.44343 0.94214 0.40511 0.33883 0.40238)
		3 V(18 21 20) M(0) UV(0.43269 0.57501 0.84377 0.57501 0.80849 0.44343)
		3 V(18 20 17) M(0) UV(0.43269 0.57501 0.80849 0.44343 0.46935 0.44343)
	}
}
Object "$part1" {
	depth 0
	folding 0
	scale 1.000000 1.000000 1.000000
	rotation 0.000000 0.000000 0.000000
	translation 0.000000 0.000000 0.000000
	visible 15
	locking 0
	shading 1
	facet 59.5
	color 0.898 0.498 0.698
	color_type 0
	vertex 220 {
		2.7312 81.8610 26.4771
		4.5612 77.4450 26.5171
		8.9812 75.6150 26.5331
		13.3952 77.4450 26.5171
		15.2252 81.8610 26.4771
		13.3952 86.2790 26.4391
		8.9812 88.1090 26.4191
		4.5612 86.2790 26.4391
		1.7232 81.9070 30.3551
		3.8452 76.7730 30.4011
		8.9812 74.6510 30.4211
		14.1112 76.7730 30.4011
		16.2372 81.9070 30.3551
		14.1112 87.0370 30.3111
		8.9812 89.1570 30.2891
		3.8452 87.0370 30.3111
		0.2792 81.9070 30.3551
		2.8252 75.7510 30.4111
		8.9812 73.2030 30.4311
		15.1312 75.7510 30.4111
		17.6812 81.9070 30.3551
		15.1312 88.0550 30.3051
		8.9812 90.6050 30.2811
		2.8252 88.0550 30.3051
		3.7212 81.5570 -18.7689
		5.2612 77.8430 -18.7369
		8.9812 76.3010 -18.7229
		12.6972 77.8430 -18.7369
		14.2372 81.5570 -18.7689
		12.6972 85.2750 -18.8029
		8.9812 86.8130 -18.8129
		5.2612 85.2750 -18.8029
		14.4092 87.1390 13.5531
		16.6612 81.7090 13.5991
		8.9812 89.3890 13.5331
		14.4092 76.2790 13.6471
		3.5472 87.1390 13.5531
		8.9812 74.0310 13.6651
		1.2992 81.7090 13.5991
		3.5472 76.2790 13.6471
		15.0092 87.8070 15.6511
		17.5092 81.7770 15.7011
		8.9812 90.3030 15.6291
		15.0092 75.7450 15.7571
		2.9472 87.8070 15.6511
		8.9812 73.2470 15.7751
		0.4512 81.7770 15.7011
		2.9472 75.7450 15.7571
		-15.7968 76.0690 -24.9429
		-15.7968 74.5990 -20.8429
		-15.7968 89.9010 -17.3309
		-15.7968 74.5990 -17.3309
		16.0332 89.9010 -17.3309
		16.0332 74.5990 -17.3309
		16.0332 76.0690 -24.9429
		16.0332 74.5990 -20.8429
		-2.3368 81.8610 26.4771
		-4.1668 77.4450 26.5171
		-8.5868 75.6150 26.5331
		-13.0008 77.4450 26.5171
		-14.8308 81.8610 26.4771
		-13.0008 86.2790 26.4391
		-8.5868 88.1090 26.4191
		-4.1668 86.2790 26.4391
		-1.3288 81.9070 30.3551
		-3.4508 76.7730 30.4011
		-8.5868 74.6510 30.4211
		-13.7168 76.7730 30.4011
		-15.8428 81.9070 30.3551
		-13.7168 87.0370 30.3111
		-8.5868 89.1570 30.2891
		-3.4508 87.0370 30.3111
		0.1152 81.9070 30.3551
		-2.4308 75.7510 30.4111
		-8.5868 73.2030 30.4311
		-14.7368 75.7510 30.4111
		-17.2868 81.9070 30.3551
		-14.7368 88.0550 30.3051
		-8.5868 90.6050 30.2811
		-2.4308 88.0550 30.3051
		-3.3268 81.5570 -18.7689
		-4.8668 77.8430 -18.7369
		-8.5868 76.3010 -18.7229
		-12.3028 77.8430 -18.7369
		-13.8428 81.5570 -18.7689
		-12.3028 85.2750 -18.8029
		-8.5868 86.8130 -18.8129
		-4.8668 85.2750 -18.8029
		-14.0148 87.1390 13.5531
		-16.2668 81.7090 13.5991
		-8.5868 89.3890 13.5331
		-14.0148 76.2790 13.6471
		-3.1528 87.1390 13.5531
		-8.5868 74.0310 13.6651
		-0.9048 81.7090 13.5991
		-3.1528 76.2790 13.6471
		-14.6148 87.8070 15.6511
		-17.1148 81.7770 15.7011
		-8.5868 90.3030 15.6291
		-14.6148 75.7450 15.7571
		-2.5528 87.8070 15.6511
		-8.5868 73.2470 15.7751
		-0.0568 81.7770 15.7011
		-2.5528 75.7450 15.7571
		-7.5568 87.4490 -24.1189
		-7.5568 83.2810 -26.9829
		-18.3048 87.7910 -18.1769
		-18.3048 76.3970 -23.9829
		-1.1088 87.7910 -18.1769
		-1.1088 76.3970 -23.9829
		-2.5008 87.4490 -24.1189
		-2.5008 83.2810 -26.9829
		-3.7348 87.7290 -29.0449
		-4.2108 88.6810 -28.4029
		-5.3608 89.0750 -28.1369
		-6.5088 88.6810 -28.4029
		-6.9848 87.7290 -29.0449
		-6.5088 86.7770 -29.6869
		-5.3608 86.3810 -29.9529
		-4.2108 86.7770 -29.6869
		-3.4728 88.2890 -29.8829
		-4.0248 89.3970 -29.1369
		-5.3608 89.8550 -28.8269
		-6.6948 89.3970 -29.1369
		-7.2468 88.2890 -29.8829
		-6.6948 87.1850 -30.6289
		-5.3608 86.7250 -30.9369
		-4.0248 87.1850 -30.6289
		-3.0968 88.2890 -29.8829
		-3.7588 89.6190 -28.9889
		-5.3608 90.1670 -28.6169
		-6.9608 89.6190 -28.9889
		-7.6228 88.2890 -29.8829
		-6.9608 86.9650 -30.7789
		-5.3608 86.4150 -31.1489
		-3.7588 86.9650 -30.7789
		-6.7868 83.8970 -25.9549
		-7.3788 85.0790 -25.1569
		-5.3608 83.4070 -26.2869
		-6.7868 86.2630 -24.3609
		-3.9328 83.8970 -25.9549
		-5.3608 86.7530 -24.0289
		-3.3428 85.0790 -25.1569
		-3.9328 86.2630 -24.3609
		7.5872 87.4490 -24.1189
		7.5872 83.2810 -26.9829
		18.3352 87.7910 -18.1769
		18.3352 76.3970 -23.9829
		1.1372 87.7910 -18.1769
		1.1372 76.3970 -23.9829
		2.5312 87.4490 -24.1189
		2.5312 83.2810 -26.9829
		3.7632 87.7290 -29.0449
		4.2392 88.6810 -28.4029
		5.3892 89.0750 -28.1369
		6.5372 88.6810 -28.4029
		7.0132 87.7290 -29.0449
		6.5372 86.7770 -29.6869
		5.3892 86.3810 -29.9529
		4.2392 86.7770 -29.6869
		3.5012 88.2890 -29.8829
		4.0532 89.3970 -29.1369
		5.3892 89.8550 -28.8269
		6.7232 89.3970 -29.1369
		7.2772 88.2890 -29.8829
		6.7232 87.1850 -30.6289
		5.3892 86.7250 -30.9369
		4.0532 87.1850 -30.6289
		3.1252 88.2890 -29.8829
		3.7892 89.6190 -28.9889
		5.3892 90.1670 -28.6169
		6.9892 89.6190 -28.9889
		7.6532 88.2890 -29.8829
		6.9892 86.9650 -30.7789
		5.3892 86.4150 -31.1489
		3.7892 86.9650 -30.7789
		6.8152 83.8970 -25.9549
		7.4072 85.0790 -25.1569
		5.3892 83.4070 -26.2869
		6.8152 86.2630 -24.3609
		3.9612 83.8970 -25.9549
		5.3892 86.7530 -24.0289
		3.3712 85.0790 -25.1569
		3.9612 86.2630 -24.3609
		8.9812 81.9030 30.9391
		2.7312 81.8610 26.4771
		4.5612 77.4450 26.5171
		8.9812 75.6150 26.5331
		13.3952 77.4450 26.5171
		15.2252 81.8610 26.4771
		13.3952 86.2790 26.4391
		8.9812 88.1090 26.4191
		4.5612 86.2790 26.4391
		-8.5868 81.9030 30.9391
		-2.3368 81.8610 26.4771
		-4.1668 77.4450 26.5171
		-8.5868 75.6150 26.5331
		-13.0008 77.4450 26.5171
		-14.8308 81.8610 26.4771
		-13.0008 86.2790 26.4391
		-8.5868 88.1090 26.4191
		-4.1668 86.2790 26.4391
		-5.3608 88.3770 -30.0069
		-3.7348 87.7290 -29.0449
		-4.2108 88.6810 -28.4029
		-5.3608 89.0750 -28.1369
		-6.5088 88.6810 -28.4029
		-6.9848 87.7290 -29.0449
		-6.5088 86.7770 -29.6869
		-5.3608 86.3810 -29.9529
		-4.2108 86.7770 -29.6869
		5.3892 88.3770 -30.0069
		3.7632 87.7290 -29.0449
		4.2392 88.6810 -28.4029
		5.3892 89.0750 -28.1369
		6.5372 88.6810 -28.4029
		7.0132 87.7290 -29.0449
		6.5372 86.7770 -29.6869
		5.3892 86.3810 -29.9529
		4.2392 86.7770 -29.6869
	}
	face 616 {
		3 V(9 8 0) M(0) UV(0.16824 0.19994 0.16833 0.18845 0.17588 0.18855)
		3 V(9 0 1) M(0) UV(0.16824 0.19994 0.17588 0.18855 0.17580 0.19844)
		3 V(10 9 1) M(0) UV(0.22096 0.10163 0.21097 0.10158 0.21236 0.09289)
		3 V(10 1 2) M(0) UV(0.22096 0.10163 0.21236 0.09289 0.22096 0.09292)
		3 V(10 2 3) M(0) UV(0.22096 0.10163 0.22096 0.09292 0.22955 0.09289)
		3 V(10 3 11) M(0) UV(0.22096 0.10163 0.22955 0.09289 0.23094 0.10158)
		3 V(11 3 4) M(0) UV(0.17556 0.24442 0.16800 0.24292 0.16792 0.23303)
		3 V(11 4 12) M(0) UV(0.17556 0.24442 0.16792 0.23303 0.17547 0.23293)
		3 V(12 4 5) M(0) UV(0.17547 0.23293 0.16792 0.23303 0.16785 0.22314)
		3 V(12 5 13) M(0) UV(0.17547 0.23293 0.16785 0.22314 0.17538 0.22144)
		3 V(13 5 6) M(0) UV(0.23094 0.18743 0.22955 0.19610 0.22096 0.19614)
		3 V(13 6 14) M(0) UV(0.23094 0.18743 0.22096 0.19614 0.22096 0.18748)
		3 V(14 6 7) M(0) UV(0.22096 0.18748 0.22096 0.19614 0.21236 0.19610)
		3 V(14 7 15) M(0) UV(0.22096 0.18748 0.21236 0.19610 0.21097 0.18743)
		3 V(15 7 0) M(0) UV(0.16842 0.17696 0.17595 0.17866 0.17588 0.18855)
		3 V(15 0 8) M(0) UV(0.16842 0.17696 0.17588 0.18855 0.16833 0.18845)
		3 V(16 8 9) M(0) UV(0.09095 0.19643 0.09376 0.19643 0.09789 0.20793)
		3 V(16 9 17) M(0) UV(0.09095 0.19643 0.09789 0.20793 0.09591 0.21022)
		3 V(17 9 10) M(0) UV(0.09591 0.21022 0.09789 0.20793 0.10788 0.21268)
		3 V(17 10 18) M(0) UV(0.09591 0.21022 0.10788 0.21268 0.10788 0.21592)
		3 V(19 18 10) M(0) UV(0.11985 0.21022 0.10788 0.21592 0.10788 0.21268)
		3 V(19 10 11) M(0) UV(0.11985 0.21022 0.10788 0.21268 0.11786 0.20793)
		3 V(19 11 12) M(0) UV(0.11985 0.21022 0.11786 0.20793 0.12200 0.19643)
		3 V(19 12 20) M(0) UV(0.11985 0.21022 0.12200 0.19643 0.12481 0.19643)
		3 V(20 12 13) M(0) UV(0.12481 0.19643 0.12200 0.19643 0.11786 0.18495)
		3 V(20 13 21) M(0) UV(0.12481 0.19643 0.11786 0.18495 0.11985 0.18267)
		3 V(22 21 13) M(0) UV(0.10788 0.17696 0.11985 0.18267 0.11786 0.18495)
		3 V(22 13 14) M(0) UV(0.10788 0.17696 0.11786 0.18495 0.10788 0.18020)
		3 V(22 14 15) M(0) UV(0.10788 0.17696 0.10788 0.18020 0.09789 0.18495)
		3 V(22 15 23) M(0) UV(0.10788 0.17696 0.09789 0.18495 0.09591 0.18267)
		3 V(23 15 8) M(0) UV(0.09591 0.18267 0.09789 0.18495 0.09376 0.19643)
		3 V(23 8 16) M(0) UV(0.09591 0.18267 0.09376 0.19643 0.09095 0.19643)
		3 V(29 28 33) M(0) UV(0.11998 0.02831 0.11992 0.03663 0.05695 0.03629)
		3 V(29 33 32) M(0) UV(0.11998 0.02831 0.05695 0.03629 0.05704 0.02413)
		3 V(34 30 29) M(0) UV(0.19421 0.09451 0.19421 0.02208 0.20144 0.02210)
		3 V(34 29 32) M(0) UV(0.19421 0.09451 0.20144 0.02210 0.20477 0.09455)
		3 V(28 27 35) M(0) UV(0.11992 0.03663 0.11985 0.04495 0.05685 0.04845)
		3 V(28 35 33) M(0) UV(0.11992 0.03663 0.05685 0.04845 0.05695 0.03629)
		3 V(36 31 30) M(0) UV(0.18364 0.09455 0.18697 0.02210 0.19421 0.02208)
		3 V(36 30 34) M(0) UV(0.18364 0.09455 0.19421 0.02208 0.19421 0.09451)
		3 V(27 26 37) M(0) UV(0.14398 0.13218 0.13675 0.13214 0.13675 0.05962)
		3 V(27 37 35) M(0) UV(0.14398 0.13218 0.13675 0.05962 0.14731 0.05966)
		3 V(38 24 31) M(0) UV(0.08728 0.06937 0.02431 0.06971 0.02424 0.06138)
		3 V(38 31 36) M(0) UV(0.08728 0.06937 0.02424 0.06138 0.08719 0.05721)
		3 V(37 26 25) M(0) UV(0.13675 0.05962 0.13675 0.13214 0.12951 0.13218)
		3 V(37 25 39) M(0) UV(0.13675 0.05962 0.12951 0.13218 0.12618 0.05966)
		3 V(38 39 25) M(0) UV(0.08728 0.06937 0.08737 0.08153 0.02437 0.07803)
		3 V(38 25 24) M(0) UV(0.08728 0.06937 0.02437 0.07803 0.02431 0.06971)
		3 V(32 33 41) M(0) UV(0.05704 0.02413 0.05695 0.03629 0.05286 0.03614)
		3 V(32 41 40) M(0) UV(0.05704 0.02413 0.05286 0.03614 0.05296 0.02264)
		3 V(41 20 21) M(0) UV(0.05286 0.03614 0.02435 0.03585 0.02445 0.02208)
		3 V(41 21 40) M(0) UV(0.05286 0.03614 0.02445 0.02208 0.05296 0.02264)
		3 V(40 21 22) M(0) UV(0.20594 0.09925 0.20618 0.13206 0.19421 0.13201)
		3 V(40 22 42) M(0) UV(0.20594 0.09925 0.19421 0.13201 0.19421 0.09920)
		3 V(42 34 32) M(0) UV(0.19421 0.09920 0.19421 0.09451 0.20477 0.09455)
		3 V(42 32 40) M(0) UV(0.19421 0.09920 0.20477 0.09455 0.20594 0.09925)
		3 V(33 35 43) M(0) UV(0.05695 0.03629 0.05685 0.04845 0.05275 0.04964)
		3 V(33 43 41) M(0) UV(0.05695 0.03629 0.05275 0.04964 0.05286 0.03614)
		3 V(43 19 20) M(0) UV(0.05275 0.04964 0.02424 0.04963 0.02435 0.03585)
		3 V(43 20 41) M(0) UV(0.05275 0.04964 0.02435 0.03585 0.05286 0.03614)
		3 V(42 22 23) M(0) UV(0.19421 0.09920 0.19421 0.13201 0.18224 0.13206)
		3 V(42 23 44) M(0) UV(0.19421 0.09920 0.18224 0.13206 0.18247 0.09925)
		3 V(44 36 34) M(0) UV(0.18247 0.09925 0.18364 0.09455 0.19421 0.09451)
		3 V(44 34 42) M(0) UV(0.18247 0.09925 0.19421 0.09451 0.19421 0.09920)
		3 V(35 37 45) M(0) UV(0.14731 0.05966 0.13675 0.05962 0.13675 0.05490)
		3 V(35 45 43) M(0) UV(0.14731 0.05966 0.13675 0.05490 0.14848 0.05494)
		3 V(45 18 19) M(0) UV(0.13675 0.05490 0.13675 0.02208 0.14871 0.02213)
		3 V(45 19 43) M(0) UV(0.13675 0.05490 0.14871 0.02213 0.14848 0.05494)
		3 V(23 16 46) M(0) UV(0.11978 0.05516 0.11987 0.06893 0.09136 0.06922)
		3 V(23 46 44) M(0) UV(0.11978 0.05516 0.09136 0.06922 0.09127 0.05571)
		3 V(46 38 36) M(0) UV(0.09136 0.06922 0.08728 0.06937 0.08719 0.05721)
		3 V(46 36 44) M(0) UV(0.09136 0.06922 0.08719 0.05721 0.09127 0.05571)
		3 V(37 39 47) M(0) UV(0.13675 0.05962 0.12618 0.05966 0.12501 0.05494)
		3 V(37 47 45) M(0) UV(0.13675 0.05962 0.12501 0.05494 0.13675 0.05490)
		3 V(47 17 18) M(0) UV(0.12501 0.05494 0.12477 0.02213 0.13675 0.02208)
		3 V(47 18 45) M(0) UV(0.12501 0.05494 0.13675 0.02208 0.13675 0.05490)
		3 V(16 17 47) M(0) UV(0.11987 0.06893 0.11998 0.08271 0.09147 0.08272)
		3 V(16 47 46) M(0) UV(0.11987 0.06893 0.09147 0.08272 0.09136 0.06922)
		3 V(47 39 38) M(0) UV(0.09147 0.08272 0.08737 0.08153 0.08728 0.06937)
		3 V(47 38 46) M(0) UV(0.09147 0.08272 0.08728 0.06937 0.09136 0.06922)
		3 V(50 51 49) M(0) UV(0.17783 0.13769 0.17783 0.17195 0.17100 0.17195)
		3 V(50 49 48) M(0) UV(0.17783 0.13769 0.17100 0.17195 0.16302 0.16866)
		3 V(52 53 51) M(0) UV(0.08616 0.15440 0.08616 0.18866 0.02424 0.18866)
		3 V(52 51 50) M(0) UV(0.08616 0.15440 0.02424 0.18866 0.02424 0.15440)
		3 V(54 55 53) M(0) UV(0.22578 0.08408 0.21780 0.08737 0.21097 0.08737)
		3 V(54 53 52) M(0) UV(0.22578 0.08408 0.21097 0.08737 0.21097 0.05311)
		3 V(48 49 55) M(0) UV(0.09095 0.17144 0.09095 0.16226 0.15288 0.16226)
		3 V(48 55 54) M(0) UV(0.09095 0.17144 0.15288 0.16226 0.15288 0.17144)
		3 V(52 50 48) M(0) UV(0.02424 0.19418 0.08616 0.19418 0.08616 0.22515)
		3 V(52 48 54) M(0) UV(0.02424 0.19418 0.08616 0.22515 0.02424 0.22515)
		3 V(51 53 55) M(0) UV(0.09095 0.15440 0.15288 0.15440 0.15288 0.16226)
		3 V(51 55 49) M(0) UV(0.09095 0.15440 0.15288 0.16226 0.09095 0.16226)
		3 V(65 57 56) M(0) UV(0.23827 0.07609 0.23072 0.07459 0.23064 0.06470)
		3 V(65 56 64) M(0) UV(0.23827 0.07609 0.23064 0.06470 0.23819 0.06460)
		3 V(66 58 57) M(0) UV(0.22095 0.11589 0.22095 0.10718 0.22955 0.10714)
		3 V(66 57 65) M(0) UV(0.22095 0.11589 0.22955 0.10714 0.23094 0.11584)
		3 V(59 58 66) M(0) UV(0.21236 0.10714 0.22095 0.10718 0.22095 0.11589)
		3 V(59 66 67) M(0) UV(0.21236 0.10714 0.22095 0.11589 0.21097 0.11584)
		3 V(60 59 67) M(0) UV(0.24052 0.16799 0.24045 0.17788 0.23289 0.17938)
		3 V(60 67 68) M(0) UV(0.24052 0.16799 0.23289 0.17938 0.23298 0.16789)
		3 V(61 60 68) M(0) UV(0.24060 0.15810 0.24052 0.16799 0.23298 0.16789)
		3 V(61 68 69) M(0) UV(0.24060 0.15810 0.23298 0.16789 0.23307 0.15640)
		3 V(62 61 69) M(0) UV(0.22095 0.21037 0.21236 0.21033 0.21097 0.20166)
		3 V(62 69 70) M(0) UV(0.22095 0.21037 0.21097 0.20166 0.22095 0.20171)
		3 V(63 62 70) M(0) UV(0.22955 0.21033 0.22095 0.21037 0.22095 0.20171)
		3 V(63 70 71) M(0) UV(0.22955 0.21033 0.22095 0.20171 0.23094 0.20166)
		3 V(64 56 63) M(0) UV(0.23819 0.06460 0.23064 0.06470 0.23057 0.05481)
		3 V(64 63 71) M(0) UV(0.23819 0.06460 0.23057 0.05481 0.23810 0.05311)
		3 V(65 64 72) M(0) UV(0.15652 0.20793 0.16064 0.19643 0.16345 0.19643)
		3 V(65 72 73) M(0) UV(0.15652 0.20793 0.16345 0.19643 0.15850 0.21022)
		3 V(66 65 73) M(0) UV(0.14652 0.21268 0.15652 0.20793 0.15850 0.21022)
		3 V(66 73 74) M(0) UV(0.14652 0.21268 0.15850 0.21022 0.14652 0.21592)
		3 V(75 67 66) M(0) UV(0.13456 0.21022 0.13654 0.20793 0.14652 0.21268)
		3 V(75 66 74) M(0) UV(0.13456 0.21022 0.14652 0.21268 0.14652 0.21592)
		3 V(76 68 67) M(0) UV(0.12960 0.19643 0.13241 0.19643 0.13654 0.20793)
		3 V(76 67 75) M(0) UV(0.12960 0.19643 0.13654 0.20793 0.13456 0.21022)
		3 V(69 68 76) M(0) UV(0.13654 0.18495 0.13241 0.19643 0.12960 0.19643)
		3 V(69 76 77) M(0) UV(0.13654 0.18495 0.12960 0.19643 0.13456 0.18267)
		3 V(78 70 69) M(0) UV(0.14652 0.17696 0.14652 0.18020 0.13654 0.18495)
		3 V(78 69 77) M(0) UV(0.14652 0.17696 0.13654 0.18495 0.13456 0.18267)
		3 V(71 70 78) M(0) UV(0.15652 0.18495 0.14652 0.18020 0.14652 0.17696)
		3 V(71 78 79) M(0) UV(0.15652 0.18495 0.14652 0.17696 0.15850 0.18267)
		3 V(72 64 71) M(0) UV(0.16345 0.19643 0.16064 0.19643 0.15652 0.18495)
		3 V(72 71 79) M(0) UV(0.16345 0.19643 0.15652 0.18495 0.15850 0.18267)
		3 V(89 84 85) M(0) UV(0.08728 0.10245 0.02431 0.10279 0.02424 0.09446)
		3 V(89 85 88) M(0) UV(0.08728 0.10245 0.02424 0.09446 0.08719 0.09029)
		3 V(88 85 86) M(0) UV(0.18364 0.21005 0.18697 0.13760 0.19420 0.13758)
		3 V(88 86 90) M(0) UV(0.18364 0.21005 0.19420 0.13758 0.19420 0.21001)
		3 V(91 83 84) M(0) UV(0.08737 0.11461 0.02437 0.11111 0.02431 0.10279)
		3 V(91 84 89) M(0) UV(0.08737 0.11461 0.02431 0.10279 0.08728 0.10245)
		3 V(86 87 92) M(0) UV(0.19420 0.13758 0.20144 0.13760 0.20477 0.21005)
		3 V(86 92 90) M(0) UV(0.19420 0.13758 0.20477 0.21005 0.19420 0.21001)
		3 V(91 93 82) M(0) UV(0.15491 0.05966 0.16547 0.05962 0.16547 0.13214)
		3 V(91 82 83) M(0) UV(0.15491 0.05966 0.16547 0.13214 0.15824 0.13218)
		3 V(87 80 94) M(0) UV(0.11998 0.12754 0.11992 0.13587 0.05695 0.13553)
		3 V(87 94 92) M(0) UV(0.11998 0.12754 0.05695 0.13553 0.05704 0.12337)
		3 V(93 95 81) M(0) UV(0.16547 0.05962 0.17604 0.05966 0.17271 0.13218)
		3 V(93 81 82) M(0) UV(0.16547 0.05962 0.17271 0.13218 0.16547 0.13214)
		3 V(80 81 95) M(0) UV(0.11992 0.13587 0.11985 0.14418 0.05685 0.14769)
		3 V(80 95 94) M(0) UV(0.11992 0.13587 0.05685 0.14769 0.05695 0.13553)
		3 V(97 89 88) M(0) UV(0.09136 0.10230 0.08728 0.10245 0.08719 0.09029)
		3 V(97 88 96) M(0) UV(0.09136 0.10230 0.08719 0.09029 0.09127 0.08879)
		3 V(77 76 97) M(0) UV(0.11978 0.08824 0.11987 0.10201 0.09136 0.10230)
		3 V(77 97 96) M(0) UV(0.11978 0.08824 0.09136 0.10230 0.09127 0.08879)
		3 V(96 98 78) M(0) UV(0.18247 0.21475 0.19420 0.21470 0.19420 0.24751)
		3 V(96 78 77) M(0) UV(0.18247 0.21475 0.19420 0.24751 0.18224 0.24756)
		3 V(88 90 98) M(0) UV(0.18364 0.21005 0.19420 0.21001 0.19420 0.21470)
		3 V(88 98 96) M(0) UV(0.18364 0.21005 0.19420 0.21470 0.18247 0.21475)
		3 V(99 91 89) M(0) UV(0.09147 0.11580 0.08737 0.11461 0.08728 0.10245)
		3 V(99 89 97) M(0) UV(0.09147 0.11580 0.08728 0.10245 0.09136 0.10230)
		3 V(76 75 99) M(0) UV(0.11987 0.10201 0.11998 0.11579 0.09147 0.11580)
		3 V(76 99 97) M(0) UV(0.11987 0.10201 0.09147 0.11580 0.09136 0.10230)
		3 V(98 100 79) M(0) UV(0.19420 0.21470 0.20594 0.21475 0.20618 0.24756)
		3 V(98 79 78) M(0) UV(0.19420 0.21470 0.20618 0.24756 0.19420 0.24751)
		3 V(90 92 100) M(0) UV(0.19420 0.21001 0.20477 0.21005 0.20594 0.21475)
		3 V(90 100 98) M(0) UV(0.19420 0.21001 0.20594 0.21475 0.19420 0.21470)
		3 V(99 101 93) M(0) UV(0.15374 0.05494 0.16547 0.05490 0.16547 0.05962)
		3 V(99 93 91) M(0) UV(0.15374 0.05494 0.16547 0.05962 0.15491 0.05966)
		3 V(75 74 101) M(0) UV(0.15350 0.02213 0.16547 0.02208 0.16547 0.05490)
		3 V(75 101 99) M(0) UV(0.15350 0.02213 0.16547 0.05490 0.15374 0.05494)
		3 V(102 72 79) M(0) UV(0.05286 0.13538 0.02435 0.13509 0.02445 0.12132)
		3 V(102 79 100) M(0) UV(0.05286 0.13538 0.02445 0.12132 0.05296 0.12187)
		3 V(92 94 102) M(0) UV(0.05704 0.12337 0.05695 0.13553 0.05286 0.13538)
		3 V(92 102 100) M(0) UV(0.05704 0.12337 0.05286 0.13538 0.05296 0.12187)
		3 V(101 103 95) M(0) UV(0.16547 0.05490 0.17721 0.05494 0.17604 0.05966)
		3 V(101 95 93) M(0) UV(0.16547 0.05490 0.17604 0.05966 0.16547 0.05962)
		3 V(74 73 103) M(0) UV(0.16547 0.02208 0.17744 0.02213 0.17721 0.05494)
		3 V(74 103 101) M(0) UV(0.16547 0.02208 0.17721 0.05494 0.16547 0.05490)
		3 V(103 73 72) M(0) UV(0.05275 0.14888 0.02424 0.14887 0.02435 0.13509)
		3 V(103 72 102) M(0) UV(0.05275 0.14888 0.02435 0.13509 0.05286 0.13538)
		3 V(94 95 103) M(0) UV(0.05695 0.13553 0.05685 0.14769 0.05275 0.14888)
		3 V(94 103 102) M(0) UV(0.05695 0.13553 0.05275 0.14888 0.05286 0.13538)
		3 V(106 107 105) M(0) UV(0.05769 0.23066 0.05769 0.25618 0.03679 0.24076)
		3 V(106 105 104) M(0) UV(0.05769 0.23066 0.03679 0.24076 0.03679 0.23143)
		3 V(108 109 107) M(0) UV(0.24442 0.02208 0.24442 0.04759 0.21097 0.04759)
		3 V(108 107 106) M(0) UV(0.24442 0.02208 0.21097 0.04759 0.21097 0.02208)
		3 V(110 111 109) M(0) UV(0.07405 0.23143 0.07962 0.24076 0.07378 0.25618)
		3 V(110 109 108) M(0) UV(0.07405 0.23143 0.07378 0.25618 0.06249 0.23066)
		3 V(104 105 111) M(0) UV(0.03679 0.23143 0.03679 0.24076 0.02695 0.24076)
		3 V(104 111 110) M(0) UV(0.03679 0.23143 0.02695 0.24076 0.02695 0.23143)
		3 V(108 106 104) M(0) UV(0.24442 0.15088 0.21097 0.15088 0.23188 0.13758)
		3 V(108 104 110) M(0) UV(0.24442 0.15088 0.23188 0.13758 0.24171 0.13758)
		3 V(107 109 111) M(0) UV(0.05769 0.25618 0.02424 0.25618 0.02695 0.24076)
		3 V(107 111 105) M(0) UV(0.05769 0.25618 0.02695 0.24076 0.03679 0.24076)
		3 V(113 112 120) M(0) UV(0.17218 0.25154 0.17093 0.25367 0.16930 0.25242)
		3 V(113 120 121) M(0) UV(0.17218 0.25154 0.16930 0.25242 0.17075 0.24994)
		3 V(122 114 113) M(0) UV(0.23265 0.23491 0.23265 0.23666 0.23041 0.23754)
		3 V(122 113 121) M(0) UV(0.23265 0.23491 0.23041 0.23754 0.23005 0.23594)
		3 V(115 114 122) M(0) UV(0.23488 0.23754 0.23265 0.23666 0.23265 0.23491)
		3 V(115 122 123) M(0) UV(0.23488 0.23754 0.23265 0.23491 0.23524 0.23594)
		3 V(116 115 123) M(0) UV(0.23698 0.11377 0.23573 0.11164 0.23716 0.11003)
		3 V(116 123 124) M(0) UV(0.23698 0.11377 0.23716 0.11003 0.23861 0.11251)
		3 V(117 116 124) M(0) UV(0.23823 0.11590 0.23698 0.11377 0.23861 0.11251)
		3 V(117 124 125) M(0) UV(0.23823 0.11590 0.23861 0.11251 0.24006 0.11499)
		3 V(118 117 125) M(0) UV(0.18483 0.25528 0.18260 0.25588 0.18224 0.25377)
		3 V(118 125 126) M(0) UV(0.18483 0.25528 0.18224 0.25377 0.18483 0.25308)
		3 V(119 118 126) M(0) UV(0.18707 0.25588 0.18483 0.25528 0.18483 0.25308)
		3 V(119 126 127) M(0) UV(0.18707 0.25588 0.18483 0.25308 0.18743 0.25377)
		3 V(112 119 127) M(0) UV(0.17093 0.25367 0.16968 0.25580 0.16785 0.25489)
		3 V(112 127 120) M(0) UV(0.17093 0.25367 0.16785 0.25489 0.16930 0.25242)
		3 V(121 120 128) M(0) UV(0.23005 0.23594 0.22898 0.23842 0.22824 0.23842)
		3 V(121 128 129) M(0) UV(0.23005 0.23594 0.22824 0.23842 0.22953 0.23544)
		3 V(122 121 129) M(0) UV(0.23265 0.23491 0.23005 0.23594 0.22953 0.23544)
		3 V(122 129 130) M(0) UV(0.23265 0.23491 0.22953 0.23544 0.23265 0.23422)
		3 V(123 122 130) M(0) UV(0.23524 0.23594 0.23265 0.23491 0.23265 0.23422)
		3 V(123 130 131) M(0) UV(0.23524 0.23594 0.23265 0.23422 0.23576 0.23544)
		3 V(124 123 131) M(0) UV(0.23632 0.23842 0.23524 0.23594 0.23576 0.23544)
		3 V(124 131 132) M(0) UV(0.23632 0.23842 0.23576 0.23544 0.23705 0.23842)
		3 V(125 124 132) M(0) UV(0.23524 0.24089 0.23632 0.23842 0.23705 0.23842)
		3 V(125 132 133) M(0) UV(0.23524 0.24089 0.23705 0.23842 0.23576 0.24139)
		3 V(126 125 133) M(0) UV(0.23265 0.24192 0.23524 0.24089 0.23576 0.24139)
		3 V(126 133 134) M(0) UV(0.23265 0.24192 0.23576 0.24139 0.23265 0.24262)
		3 V(135 127 126) M(0) UV(0.22953 0.24139 0.23005 0.24089 0.23265 0.24192)
		3 V(135 126 134) M(0) UV(0.22953 0.24139 0.23265 0.24192 0.23265 0.24262)
		3 V(120 127 135) M(0) UV(0.22898 0.23842 0.23005 0.24089 0.22953 0.24139)
		3 V(120 135 128) M(0) UV(0.22898 0.23842 0.22953 0.24139 0.22824 0.23842)
		3 V(136 133 132) M(0) UV(0.22035 0.13421 0.21097 0.12734 0.21271 0.12438)
		3 V(136 132 137) M(0) UV(0.22035 0.13421 0.21271 0.12438 0.22190 0.13157)
		3 V(138 134 133) M(0) UV(0.23884 0.09363 0.23884 0.10452 0.23573 0.10369)
		3 V(138 133 136) M(0) UV(0.23884 0.09363 0.23573 0.10369 0.23607 0.09289)
		3 V(132 131 139) M(0) UV(0.21271 0.12438 0.21445 0.12140 0.22345 0.12892)
		3 V(132 139 137) M(0) UV(0.21271 0.12438 0.22345 0.12892 0.22190 0.13157)
		3 V(140 135 134) M(0) UV(0.24162 0.09289 0.24196 0.10369 0.23884 0.10452)
		3 V(140 134 138) M(0) UV(0.24162 0.09289 0.23884 0.10452 0.23884 0.09363)
		3 V(131 130 141) M(0) UV(0.16824 0.20546 0.17136 0.20629 0.17136 0.21656)
		3 V(131 141 139) M(0) UV(0.16824 0.20546 0.17136 0.21656 0.16858 0.21582)
		3 V(142 128 135) M(0) UV(0.21252 0.22605 0.22171 0.21887 0.22345 0.22183)
		3 V(142 135 140) M(0) UV(0.21252 0.22605 0.22345 0.22183 0.21407 0.22870)
		3 V(130 129 143) M(0) UV(0.17136 0.20629 0.17447 0.20546 0.17414 0.21582)
		3 V(130 143 141) M(0) UV(0.17136 0.20629 0.17414 0.21582 0.17136 0.21656)
		3 V(143 129 128) M(0) UV(0.21097 0.22340 0.21997 0.21589 0.22171 0.21887)
		3 V(143 128 142) M(0) UV(0.21097 0.22340 0.22171 0.21887 0.21252 0.22605)
		3 V(145 147 146) M(0) UV(0.11186 0.23154 0.09095 0.24695 0.09095 0.22144)
		3 V(145 146 144) M(0) UV(0.11186 0.23154 0.09095 0.22144 0.11186 0.22221)
		3 V(147 149 148) M(0) UV(0.16306 0.24695 0.12960 0.24695 0.12960 0.22144)
		3 V(147 148 146) M(0) UV(0.16306 0.24695 0.12960 0.22144 0.16306 0.22144)
		3 V(149 151 150) M(0) UV(0.21680 0.18191 0.21097 0.16650 0.21654 0.15716)
		3 V(149 150 148) M(0) UV(0.21680 0.18191 0.21654 0.15716 0.22810 0.15640)
		3 V(151 145 144) M(0) UV(0.12170 0.23154 0.11186 0.23154 0.11186 0.22221)
		3 V(151 144 150) M(0) UV(0.12170 0.23154 0.11186 0.22221 0.12170 0.22221)
		3 V(144 146 148) M(0) UV(0.13732 0.13769 0.15823 0.15100 0.12477 0.15100)
		3 V(144 148 150) M(0) UV(0.13732 0.13769 0.12477 0.15100 0.12748 0.13769)
		3 V(151 149 147) M(0) UV(0.12170 0.23154 0.12441 0.24695 0.09095 0.24695)
		3 V(151 147 145) M(0) UV(0.12170 0.23154 0.09095 0.24695 0.11186 0.23154)
		3 V(160 152 153) M(0) UV(0.23861 0.20705 0.23698 0.20831 0.23573 0.20618)
		3 V(160 153 161) M(0) UV(0.23861 0.20705 0.23573 0.20618 0.23716 0.20457)
		3 V(161 153 154) M(0) UV(0.23757 0.08333 0.23721 0.08493 0.23497 0.08405)
		3 V(161 154 162) M(0) UV(0.23757 0.08333 0.23497 0.08405 0.23497 0.08231)
		3 V(162 154 155) M(0) UV(0.23497 0.08231 0.23497 0.08405 0.23274 0.08493)
		3 V(162 155 163) M(0) UV(0.23497 0.08231 0.23274 0.08493 0.23238 0.08333)
		3 V(163 155 156) M(0) UV(0.23115 0.24813 0.23257 0.24974 0.23133 0.25187)
		3 V(163 156 164) M(0) UV(0.23115 0.24813 0.23133 0.25187 0.22970 0.25061)
		3 V(164 156 157) M(0) UV(0.22970 0.25061 0.23133 0.25187 0.23008 0.25400)
		3 V(164 157 165) M(0) UV(0.22970 0.25061 0.23008 0.25400 0.22824 0.25309)
		3 V(166 165 157) M(0) UV(0.09355 0.25247 0.09615 0.25316 0.09579 0.25527)
		3 V(166 157 158) M(0) UV(0.09355 0.25247 0.09579 0.25527 0.09355 0.25467)
		3 V(167 166 158) M(0) UV(0.09095 0.25316 0.09355 0.25247 0.09355 0.25467)
		3 V(167 158 159) M(0) UV(0.09095 0.25316 0.09355 0.25467 0.09132 0.25527)
		3 V(167 159 152) M(0) UV(0.24006 0.20953 0.23823 0.21044 0.23698 0.20831)
		3 V(167 152 160) M(0) UV(0.24006 0.20953 0.23698 0.20831 0.23861 0.20705)
		3 V(168 160 161) M(0) UV(0.23938 0.08581 0.23864 0.08581 0.23757 0.08333)
		3 V(168 161 169) M(0) UV(0.23938 0.08581 0.23757 0.08333 0.23808 0.08283)
		3 V(169 161 162) M(0) UV(0.23808 0.08283 0.23757 0.08333 0.23497 0.08231)
		3 V(169 162 170) M(0) UV(0.23808 0.08283 0.23497 0.08231 0.23497 0.08161)
		3 V(170 162 163) M(0) UV(0.23497 0.08161 0.23497 0.08231 0.23238 0.08333)
		3 V(170 163 171) M(0) UV(0.23497 0.08161 0.23238 0.08333 0.23186 0.08283)
		3 V(171 163 164) M(0) UV(0.23186 0.08283 0.23238 0.08333 0.23130 0.08581)
		3 V(171 164 172) M(0) UV(0.23186 0.08283 0.23130 0.08581 0.23057 0.08581)
		3 V(172 164 165) M(0) UV(0.23057 0.08581 0.23130 0.08581 0.23238 0.08828)
		3 V(172 165 173) M(0) UV(0.23057 0.08581 0.23238 0.08828 0.23186 0.08878)
		3 V(173 165 166) M(0) UV(0.23186 0.08878 0.23238 0.08828 0.23497 0.08931)
		3 V(173 166 174) M(0) UV(0.23186 0.08878 0.23497 0.08931 0.23497 0.09001)
		3 V(174 166 167) M(0) UV(0.23497 0.09001 0.23497 0.08931 0.23757 0.08828)
		3 V(174 167 175) M(0) UV(0.23497 0.09001 0.23757 0.08828 0.23808 0.08878)
		3 V(175 167 160) M(0) UV(0.23808 0.08878 0.23757 0.08828 0.23864 0.08581)
		3 V(175 160 168) M(0) UV(0.23808 0.08878 0.23864 0.08581 0.23938 0.08581)
		3 V(177 172 173) M(0) UV(0.22979 0.13157 0.23899 0.12438 0.24073 0.12734)
		3 V(177 173 176) M(0) UV(0.22979 0.13157 0.24073 0.12734 0.23135 0.13421)
		3 V(173 174 178) M(0) UV(0.24196 0.19823 0.23884 0.19906 0.23884 0.18817)
		3 V(173 178 176) M(0) UV(0.24196 0.19823 0.23884 0.18817 0.24162 0.18743)
		3 V(179 171 172) M(0) UV(0.22824 0.12892 0.23725 0.12140 0.23899 0.12438)
		3 V(179 172 177) M(0) UV(0.22824 0.12892 0.23899 0.12438 0.22979 0.13157)
		3 V(178 174 175) M(0) UV(0.23884 0.18817 0.23884 0.19906 0.23573 0.19823)
		3 V(178 175 180) M(0) UV(0.23884 0.18817 0.23573 0.19823 0.23606 0.18743)
		3 V(181 170 171) M(0) UV(0.21408 0.24532 0.21408 0.23505 0.21719 0.23422)
		3 V(181 171 179) M(0) UV(0.21408 0.24532 0.21719 0.23422 0.21685 0.24458)
		3 V(175 168 182) M(0) UV(0.22824 0.22183 0.22999 0.21887 0.23918 0.22605)
		3 V(175 182 180) M(0) UV(0.22824 0.22183 0.23918 0.22605 0.23763 0.22870)
		3 V(183 169 170) M(0) UV(0.21130 0.24458 0.21097 0.23422 0.21408 0.23505)
		3 V(183 170 181) M(0) UV(0.21130 0.24458 0.21408 0.23505 0.21408 0.24532)
		3 V(168 169 183) M(0) UV(0.22999 0.21887 0.23173 0.21589 0.24073 0.22340)
		3 V(168 183 182) M(0) UV(0.22999 0.21887 0.24073 0.22340 0.23918 0.22605)
		3 V(0 8 9) M(0) UV(0.17588 0.18855 0.16833 0.18845 0.16824 0.19994)
		3 V(1 0 9) M(0) UV(0.17580 0.19844 0.17588 0.18855 0.16824 0.19994)
		3 V(1 9 10) M(0) UV(0.21236 0.09289 0.21097 0.10158 0.22096 0.10163)
		3 V(2 1 10) M(0) UV(0.22096 0.09292 0.21236 0.09289 0.22096 0.10163)
		3 V(3 2 10) M(0) UV(0.22955 0.09289 0.22096 0.09292 0.22096 0.10163)
		3 V(11 3 10) M(0) UV(0.23094 0.10158 0.22955 0.09289 0.22096 0.10163)
		3 V(4 3 11) M(0) UV(0.16792 0.23303 0.16800 0.24292 0.17556 0.24442)
		3 V(12 4 11) M(0) UV(0.17547 0.23293 0.16792 0.23303 0.17556 0.24442)
		3 V(5 4 12) M(0) UV(0.16785 0.22314 0.16792 0.23303 0.17547 0.23293)
		3 V(13 5 12) M(0) UV(0.17538 0.22144 0.16785 0.22314 0.17547 0.23293)
		3 V(6 5 13) M(0) UV(0.22096 0.19614 0.22955 0.19610 0.23094 0.18743)
		3 V(14 6 13) M(0) UV(0.22096 0.18748 0.22096 0.19614 0.23094 0.18743)
		3 V(7 6 14) M(0) UV(0.21236 0.19610 0.22096 0.19614 0.22096 0.18748)
		3 V(15 7 14) M(0) UV(0.21097 0.18743 0.21236 0.19610 0.22096 0.18748)
		3 V(0 7 15) M(0) UV(0.17588 0.18855 0.17595 0.17866 0.16842 0.17696)
		3 V(8 0 15) M(0) UV(0.16833 0.18845 0.17588 0.18855 0.16842 0.17696)
		3 V(9 8 16) M(0) UV(0.09789 0.20793 0.09376 0.19643 0.09095 0.19643)
		3 V(17 9 16) M(0) UV(0.09591 0.21022 0.09789 0.20793 0.09095 0.19643)
		3 V(10 9 17) M(0) UV(0.10788 0.21268 0.09789 0.20793 0.09591 0.21022)
		3 V(18 10 17) M(0) UV(0.10788 0.21592 0.10788 0.21268 0.09591 0.21022)
		3 V(10 18 19) M(0) UV(0.10788 0.21268 0.10788 0.21592 0.11985 0.21022)
		3 V(11 10 19) M(0) UV(0.11786 0.20793 0.10788 0.21268 0.11985 0.21022)
		3 V(12 11 19) M(0) UV(0.12200 0.19643 0.11786 0.20793 0.11985 0.21022)
		3 V(20 12 19) M(0) UV(0.12481 0.19643 0.12200 0.19643 0.11985 0.21022)
		3 V(13 12 20) M(0) UV(0.11786 0.18495 0.12200 0.19643 0.12481 0.19643)
		3 V(21 13 20) M(0) UV(0.11985 0.18267 0.11786 0.18495 0.12481 0.19643)
		3 V(13 21 22) M(0) UV(0.11786 0.18495 0.11985 0.18267 0.10788 0.17696)
		3 V(14 13 22) M(0) UV(0.10788 0.18020 0.11786 0.18495 0.10788 0.17696)
		3 V(15 14 22) M(0) UV(0.09789 0.18495 0.10788 0.18020 0.10788 0.17696)
		3 V(23 15 22) M(0) UV(0.09591 0.18267 0.09789 0.18495 0.10788 0.17696)
		3 V(8 15 23) M(0) UV(0.09376 0.19643 0.09789 0.18495 0.09591 0.18267)
		3 V(16 8 23) M(0) UV(0.09095 0.19643 0.09376 0.19643 0.09591 0.18267)
		3 V(33 28 29) M(0) UV(0.05695 0.03629 0.11992 0.03663 0.11998 0.02831)
		3 V(32 33 29) M(0) UV(0.05704 0.02413 0.05695 0.03629 0.11998 0.02831)
		3 V(29 30 34) M(0) UV(0.20144 0.02210 0.19421 0.02208 0.19421 0.09451)
		3 V(32 29 34) M(0) UV(0.20477 0.09455 0.20144 0.02210 0.19421 0.09451)
		3 V(35 27 28) M(0) UV(0.05685 0.04845 0.11985 0.04495 0.11992 0.03663)
		3 V(33 35 28) M(0) UV(0.05695 0.03629 0.05685 0.04845 0.11992 0.03663)
		3 V(30 31 36) M(0) UV(0.19421 0.02208 0.18697 0.02210 0.18364 0.09455)
		3 V(34 30 36) M(0) UV(0.19421 0.09451 0.19421 0.02208 0.18364 0.09455)
		3 V(37 26 27) M(0) UV(0.13675 0.05962 0.13675 0.13214 0.14398 0.13218)
		3 V(35 37 27) M(0) UV(0.14731 0.05966 0.13675 0.05962 0.14398 0.13218)
		3 V(31 24 38) M(0) UV(0.02424 0.06138 0.02431 0.06971 0.08728 0.06937)
		3 V(36 31 38) M(0) UV(0.08719 0.05721 0.02424 0.06138 0.08728 0.06937)
		3 V(25 26 37) M(0) UV(0.12951 0.13218 0.13675 0.13214 0.13675 0.05962)
		3 V(39 25 37) M(0) UV(0.12618 0.05966 0.12951 0.13218 0.13675 0.05962)
		3 V(25 39 38) M(0) UV(0.02437 0.07803 0.08737 0.08153 0.08728 0.06937)
		3 V(24 25 38) M(0) UV(0.02431 0.06971 0.02437 0.07803 0.08728 0.06937)
		3 V(41 33 32) M(0) UV(0.05286 0.03614 0.05695 0.03629 0.05704 0.02413)
		3 V(40 41 32) M(0) UV(0.05296 0.02264 0.05286 0.03614 0.05704 0.02413)
		3 V(21 20 41) M(0) UV(0.02445 0.02208 0.02435 0.03585 0.05286 0.03614)
		3 V(40 21 41) M(0) UV(0.05296 0.02264 0.02445 0.02208 0.05286 0.03614)
		3 V(22 21 40) M(0) UV(0.19421 0.13201 0.20618 0.13206 0.20594 0.09925)
		3 V(42 22 40) M(0) UV(0.19421 0.09920 0.19421 0.13201 0.20594 0.09925)
		3 V(32 34 42) M(0) UV(0.20477 0.09455 0.19421 0.09451 0.19421 0.09920)
		3 V(40 32 42) M(0) UV(0.20594 0.09925 0.20477 0.09455 0.19421 0.09920)
		3 V(43 35 33) M(0) UV(0.05275 0.04964 0.05685 0.04845 0.05695 0.03629)
		3 V(41 43 33) M(0) UV(0.05286 0.03614 0.05275 0.04964 0.05695 0.03629)
		3 V(20 19 43) M(0) UV(0.02435 0.03585 0.02424 0.04963 0.05275 0.04964)
		3 V(41 20 43) M(0) UV(0.05286 0.03614 0.02435 0.03585 0.05275 0.04964)
		3 V(23 22 42) M(0) UV(0.18224 0.13206 0.19421 0.13201 0.19421 0.09920)
		3 V(44 23 42) M(0) UV(0.18247 0.09925 0.18224 0.13206 0.19421 0.09920)
		3 V(34 36 44) M(0) UV(0.19421 0.09451 0.18364 0.09455 0.18247 0.09925)
		3 V(42 34 44) M(0) UV(0.19421 0.09920 0.19421 0.09451 0.18247 0.09925)
		3 V(45 37 35) M(0) UV(0.13675 0.05490 0.13675 0.05962 0.14731 0.05966)
		3 V(43 45 35) M(0) UV(0.14848 0.05494 0.13675 0.05490 0.14731 0.05966)
		3 V(19 18 45) M(0) UV(0.14871 0.02213 0.13675 0.02208 0.13675 0.05490)
		3 V(43 19 45) M(0) UV(0.14848 0.05494 0.14871 0.02213 0.13675 0.05490)
		3 V(46 16 23) M(0) UV(0.09136 0.06922 0.11987 0.06893 0.11978 0.05516)
		3 V(44 46 23) M(0) UV(0.09127 0.05571 0.09136 0.06922 0.11978 0.05516)
		3 V(36 38 46) M(0) UV(0.08719 0.05721 0.08728 0.06937 0.09136 0.06922)
		3 V(44 36 46) M(0) UV(0.09127 0.05571 0.08719 0.05721 0.09136 0.06922)
		3 V(47 39 37) M(0) UV(0.12501 0.05494 0.12618 0.05966 0.13675 0.05962)
		3 V(45 47 37) M(0) UV(0.13675 0.05490 0.12501 0.05494 0.13675 0.05962)
		3 V(18 17 47) M(0) UV(0.13675 0.02208 0.12477 0.02213 0.12501 0.05494)
		3 V(45 18 47) M(0) UV(0.13675 0.05490 0.13675 0.02208 0.12501 0.05494)
		3 V(47 17 16) M(0) UV(0.09147 0.08272 0.11998 0.08271 0.11987 0.06893)
		3 V(46 47 16) M(0) UV(0.09136 0.06922 0.09147 0.08272 0.11987 0.06893)
		3 V(38 39 47) M(0) UV(0.08728 0.06937 0.08737 0.08153 0.09147 0.08272)
		3 V(46 38 47) M(0) UV(0.09136 0.06922 0.08728 0.06937 0.09147 0.08272)
		3 V(49 51 50) M(0) UV(0.17100 0.17195 0.17783 0.17195 0.17783 0.13769)
		3 V(48 49 50) M(0) UV(0.16302 0.16866 0.17100 0.17195 0.17783 0.13769)
		3 V(51 53 52) M(0) UV(0.02424 0.18866 0.08616 0.18866 0.08616 0.15440)
		3 V(50 51 52) M(0) UV(0.02424 0.15440 0.02424 0.18866 0.08616 0.15440)
		3 V(53 55 54) M(0) UV(0.21097 0.08737 0.21780 0.08737 0.22578 0.08408)
		3 V(52 53 54) M(0) UV(0.21097 0.05311 0.21097 0.08737 0.22578 0.08408)
		3 V(55 49 48) M(0) UV(0.15288 0.16226 0.09095 0.16226 0.09095 0.17144)
		3 V(54 55 48) M(0) UV(0.15288 0.17144 0.15288 0.16226 0.09095 0.17144)
		3 V(48 50 52) M(0) UV(0.08616 0.22515 0.08616 0.19418 0.02424 0.19418)
		3 V(54 48 52) M(0) UV(0.02424 0.22515 0.08616 0.22515 0.02424 0.19418)
		3 V(55 53 51) M(0) UV(0.15288 0.16226 0.15288 0.15440 0.09095 0.15440)
		3 V(49 55 51) M(0) UV(0.09095 0.16226 0.15288 0.16226 0.09095 0.15440)
		3 V(56 57 65) M(0) UV(0.23064 0.06470 0.23072 0.07459 0.23827 0.07609)
		3 V(64 56 65) M(0) UV(0.23819 0.06460 0.23064 0.06470 0.23827 0.07609)
		3 V(57 58 66) M(0) UV(0.22955 0.10714 0.22095 0.10718 0.22095 0.11589)
		3 V(65 57 66) M(0) UV(0.23094 0.11584 0.22955 0.10714 0.22095 0.11589)
		3 V(66 58 59) M(0) UV(0.22095 0.11589 0.22095 0.10718 0.21236 0.10714)
		3 V(67 66 59) M(0) UV(0.21097 0.11584 0.22095 0.11589 0.21236 0.10714)
		3 V(67 59 60) M(0) UV(0.23289 0.17938 0.24045 0.17788 0.24052 0.16799)
		3 V(68 67 60) M(0) UV(0.23298 0.16789 0.23289 0.17938 0.24052 0.16799)
		3 V(68 60 61) M(0) UV(0.23298 0.16789 0.24052 0.16799 0.24060 0.15810)
		3 V(69 68 61) M(0) UV(0.23307 0.15640 0.23298 0.16789 0.24060 0.15810)
		3 V(69 61 62) M(0) UV(0.21097 0.20166 0.21236 0.21033 0.22095 0.21037)
		3 V(70 69 62) M(0) UV(0.22095 0.20171 0.21097 0.20166 0.22095 0.21037)
		3 V(70 62 63) M(0) UV(0.22095 0.20171 0.22095 0.21037 0.22955 0.21033)
		3 V(71 70 63) M(0) UV(0.23094 0.20166 0.22095 0.20171 0.22955 0.21033)
		3 V(63 56 64) M(0) UV(0.23057 0.05481 0.23064 0.06470 0.23819 0.06460)
		3 V(71 63 64) M(0) UV(0.23810 0.05311 0.23057 0.05481 0.23819 0.06460)
		3 V(72 64 65) M(0) UV(0.16345 0.19643 0.16064 0.19643 0.15652 0.20793)
		3 V(73 72 65) M(0) UV(0.15850 0.21022 0.16345 0.19643 0.15652 0.20793)
		3 V(73 65 66) M(0) UV(0.15850 0.21022 0.15652 0.20793 0.14652 0.21268)
		3 V(74 73 66) M(0) UV(0.14652 0.21592 0.15850 0.21022 0.14652 0.21268)
		3 V(66 67 75) M(0) UV(0.14652 0.21268 0.13654 0.20793 0.13456 0.21022)
		3 V(74 66 75) M(0) UV(0.14652 0.21592 0.14652 0.21268 0.13456 0.21022)
		3 V(67 68 76) M(0) UV(0.13654 0.20793 0.13241 0.19643 0.12960 0.19643)
		3 V(75 67 76) M(0) UV(0.13456 0.21022 0.13654 0.20793 0.12960 0.19643)
		3 V(76 68 69) M(0) UV(0.12960 0.19643 0.13241 0.19643 0.13654 0.18495)
		3 V(77 76 69) M(0) UV(0.13456 0.18267 0.12960 0.19643 0.13654 0.18495)
		3 V(69 70 78) M(0) UV(0.13654 0.18495 0.14652 0.18020 0.14652 0.17696)
		3 V(77 69 78) M(0) UV(0.13456 0.18267 0.13654 0.18495 0.14652 0.17696)
		3 V(78 70 71) M(0) UV(0.14652 0.17696 0.14652 0.18020 0.15652 0.18495)
		3 V(79 78 71) M(0) UV(0.15850 0.18267 0.14652 0.17696 0.15652 0.18495)
		3 V(71 64 72) M(0) UV(0.15652 0.18495 0.16064 0.19643 0.16345 0.19643)
		3 V(79 71 72) M(0) UV(0.15850 0.18267 0.15652 0.18495 0.16345 0.19643)
		3 V(85 84 89) M(0) UV(0.02424 0.09446 0.02431 0.10279 0.08728 0.10245)
		3 V(88 85 89) M(0) UV(0.08719 0.09029 0.02424 0.09446 0.08728 0.10245)
		3 V(86 85 88) M(0) UV(0.19420 0.13758 0.18697 0.13760 0.18364 0.21005)
		3 V(90 86 88) M(0) UV(0.19420 0.21001 0.19420 0.13758 0.18364 0.21005)
		3 V(84 83 91) M(0) UV(0.02431 0.10279 0.02437 0.11111 0.08737 0.11461)
		3 V(89 84 91) M(0) UV(0.08728 0.10245 0.02431 0.10279 0.08737 0.11461)
		3 V(92 87 86) M(0) UV(0.20477 0.21005 0.20144 0.13760 0.19420 0.13758)
		3 V(90 92 86) M(0) UV(0.19420 0.21001 0.20477 0.21005 0.19420 0.13758)
		3 V(82 93 91) M(0) UV(0.16547 0.13214 0.16547 0.05962 0.15491 0.05966)
		3 V(83 82 91) M(0) UV(0.15824 0.13218 0.16547 0.13214 0.15491 0.05966)
		3 V(94 80 87) M(0) UV(0.05695 0.13553 0.11992 0.13587 0.11998 0.12754)
		3 V(92 94 87) M(0) UV(0.05704 0.12337 0.05695 0.13553 0.11998 0.12754)
		3 V(81 95 93) M(0) UV(0.17271 0.13218 0.17604 0.05966 0.16547 0.05962)
		3 V(82 81 93) M(0) UV(0.16547 0.13214 0.17271 0.13218 0.16547 0.05962)
		3 V(95 81 80) M(0) UV(0.05685 0.14769 0.11985 0.14418 0.11992 0.13587)
		3 V(94 95 80) M(0) UV(0.05695 0.13553 0.05685 0.14769 0.11992 0.13587)
		3 V(88 89 97) M(0) UV(0.08719 0.09029 0.08728 0.10245 0.09136 0.10230)
		3 V(96 88 97) M(0) UV(0.09127 0.08879 0.08719 0.09029 0.09136 0.10230)
		3 V(97 76 77) M(0) UV(0.09136 0.10230 0.11987 0.10201 0.11978 0.08824)
		3 V(96 97 77) M(0) UV(0.09127 0.08879 0.09136 0.10230 0.11978 0.08824)
		3 V(78 98 96) M(0) UV(0.19420 0.24751 0.19420 0.21470 0.18247 0.21475)
		3 V(77 78 96) M(0) UV(0.18224 0.24756 0.19420 0.24751 0.18247 0.21475)
		3 V(98 90 88) M(0) UV(0.19420 0.21470 0.19420 0.21001 0.18364 0.21005)
		3 V(96 98 88) M(0) UV(0.18247 0.21475 0.19420 0.21470 0.18364 0.21005)
		3 V(89 91 99) M(0) UV(0.08728 0.10245 0.08737 0.11461 0.09147 0.11580)
		3 V(97 89 99) M(0) UV(0.09136 0.10230 0.08728 0.10245 0.09147 0.11580)
		3 V(99 75 76) M(0) UV(0.09147 0.11580 0.11998 0.11579 0.11987 0.10201)
		3 V(97 99 76) M(0) UV(0.09136 0.10230 0.09147 0.11580 0.11987 0.10201)
		3 V(79 100 98) M(0) UV(0.20618 0.24756 0.20594 0.21475 0.19420 0.21470)
		3 V(78 79 98) M(0) UV(0.19420 0.24751 0.20618 0.24756 0.19420 0.21470)
		3 V(100 92 90) M(0) UV(0.20594 0.21475 0.20477 0.21005 0.19420 0.21001)
		3 V(98 100 90) M(0) UV(0.19420 0.21470 0.20594 0.21475 0.19420 0.21001)
		3 V(93 101 99) M(0) UV(0.16547 0.05962 0.16547 0.05490 0.15374 0.05494)
		3 V(91 93 99) M(0) UV(0.15491 0.05966 0.16547 0.05962 0.15374 0.05494)
		3 V(101 74 75) M(0) UV(0.16547 0.05490 0.16547 0.02208 0.15350 0.02213)
		3 V(99 101 75) M(0) UV(0.15374 0.05494 0.16547 0.05490 0.15350 0.02213)
		3 V(79 72 102) M(0) UV(0.02445 0.12132 0.02435 0.13509 0.05286 0.13538)
		3 V(100 79 102) M(0) UV(0.05296 0.12187 0.02445 0.12132 0.05286 0.13538)
		3 V(102 94 92) M(0) UV(0.05286 0.13538 0.05695 0.13553 0.05704 0.12337)
		3 V(100 102 92) M(0) UV(0.05296 0.12187 0.05286 0.13538 0.05704 0.12337)
		3 V(95 103 101) M(0) UV(0.17604 0.05966 0.17721 0.05494 0.16547 0.05490)
		3 V(93 95 101) M(0) UV(0.16547 0.05962 0.17604 0.05966 0.16547 0.05490)
		3 V(103 73 74) M(0) UV(0.17721 0.05494 0.17744 0.02213 0.16547 0.02208)
		3 V(101 103 74) M(0) UV(0.16547 0.05490 0.17721 0.05494 0.16547 0.02208)
		3 V(72 73 103) M(0) UV(0.02435 0.13509 0.02424 0.14887 0.05275 0.14888)
		3 V(102 72 103) M(0) UV(0.05286 0.13538 0.02435 0.13509 0.05275 0.14888)
		3 V(103 95 94) M(0) UV(0.05275 0.14888 0.05685 0.14769 0.05695 0.13553)
		3 V(102 103 94) M(0) UV(0.05286 0.13538 0.05275 0.14888 0.05695 0.13553)
		3 V(105 107 106) M(0) UV(0.03679 0.24076 0.05769 0.25618 0.05769 0.23066)
		3 V(104 105 106) M(0) UV(0.03679 0.23143 0.03679 0.24076 0.05769 0.23066)
		3 V(107 109 108) M(0) UV(0.21097 0.04759 0.24442 0.04759 0.24442 0.02208)
		3 V(106 107 108) M(0) UV(0.21097 0.02208 0.21097 0.04759 0.24442 0.02208)
		3 V(109 111 110) M(0) UV(0.07378 0.25618 0.07962 0.24076 0.07405 0.23143)
		3 V(108 109 110) M(0) UV(0.06249 0.23066 0.07378 0.25618 0.07405 0.23143)
		3 V(111 105 104) M(0) UV(0.02695 0.24076 0.03679 0.24076 0.03679 0.23143)
		3 V(110 111 104) M(0) UV(0.02695 0.23143 0.02695 0.24076 0.03679 0.23143)
		3 V(104 106 108) M(0) UV(0.23188 0.13758 0.21097 0.15088 0.24442 0.15088)
		3 V(110 104 108) M(0) UV(0.24171 0.13758 0.23188 0.13758 0.24442 0.15088)
		3 V(111 109 107) M(0) UV(0.02695 0.24076 0.02424 0.25618 0.05769 0.25618)
		3 V(105 111 107) M(0) UV(0.03679 0.24076 0.02695 0.24076 0.05769 0.25618)
		3 V(120 112 113) M(0) UV(0.16930 0.25242 0.17093 0.25367 0.17218 0.25154)
		3 V(121 120 113) M(0) UV(0.17075 0.24994 0.16930 0.25242 0.17218 0.25154)
		3 V(113 114 122) M(0) UV(0.23041 0.23754 0.23265 0.23666 0.23265 0.23491)
		3 V(121 113 122) M(0) UV(0.23005 0.23594 0.23041 0.23754 0.23265 0.23491)
		3 V(122 114 115) M(0) UV(0.23265 0.23491 0.23265 0.23666 0.23488 0.23754)
		3 V(123 122 115) M(0) UV(0.23524 0.23594 0.23265 0.23491 0.23488 0.23754)
		3 V(123 115 116) M(0) UV(0.23716 0.11003 0.23573 0.11164 0.23698 0.11377)
		3 V(124 123 116) M(0) UV(0.23861 0.11251 0.23716 0.11003 0.23698 0.11377)
		3 V(124 116 117) M(0) UV(0.23861 0.11251 0.23698 0.11377 0.23823 0.11590)
		3 V(125 124 117) M(0) UV(0.24006 0.11499 0.23861 0.11251 0.23823 0.11590)
		3 V(125 117 118) M(0) UV(0.18224 0.25377 0.18260 0.25588 0.18483 0.25528)
		3 V(126 125 118) M(0) UV(0.18483 0.25308 0.18224 0.25377 0.18483 0.25528)
		3 V(126 118 119) M(0) UV(0.18483 0.25308 0.18483 0.25528 0.18707 0.25588)
		3 V(127 126 119) M(0) UV(0.18743 0.25377 0.18483 0.25308 0.18707 0.25588)
		3 V(127 119 112) M(0) UV(0.16785 0.25489 0.16968 0.25580 0.17093 0.25367)
		3 V(120 127 112) M(0) UV(0.16930 0.25242 0.16785 0.25489 0.17093 0.25367)
		3 V(128 120 121) M(0) UV(0.22824 0.23842 0.22898 0.23842 0.23005 0.23594)
		3 V(129 128 121) M(0) UV(0.22953 0.23544 0.22824 0.23842 0.23005 0.23594)
		3 V(129 121 122) M(0) UV(0.22953 0.23544 0.23005 0.23594 0.23265 0.23491)
		3 V(130 129 122) M(0) UV(0.23265 0.23422 0.22953 0.23544 0.23265 0.23491)
		3 V(130 122 123) M(0) UV(0.23265 0.23422 0.23265 0.23491 0.23524 0.23594)
		3 V(131 130 123) M(0) UV(0.23576 0.23544 0.23265 0.23422 0.23524 0.23594)
		3 V(131 123 124) M(0) UV(0.23576 0.23544 0.23524 0.23594 0.23632 0.23842)
		3 V(132 131 124) M(0) UV(0.23705 0.23842 0.23576 0.23544 0.23632 0.23842)
		3 V(132 124 125) M(0) UV(0.23705 0.23842 0.23632 0.23842 0.23524 0.24089)
		3 V(133 132 125) M(0) UV(0.23576 0.24139 0.23705 0.23842 0.23524 0.24089)
		3 V(133 125 126) M(0) UV(0.23576 0.24139 0.23524 0.24089 0.23265 0.24192)
		3 V(134 133 126) M(0) UV(0.23265 0.24262 0.23576 0.24139 0.23265 0.24192)
		3 V(126 127 135) M(0) UV(0.23265 0.24192 0.23005 0.24089 0.22953 0.24139)
		3 V(134 126 135) M(0) UV(0.23265 0.24262 0.23265 0.24192 0.22953 0.24139)
		3 V(135 127 120) M(0) UV(0.22953 0.24139 0.23005 0.24089 0.22898 0.23842)
		3 V(128 135 120) M(0) UV(0.22824 0.23842 0.22953 0.24139 0.22898 0.23842)
		3 V(132 133 136) M(0) UV(0.21271 0.12438 0.21097 0.12734 0.22035 0.13421)
		3 V(137 132 136) M(0) UV(0.22190 0.13157 0.21271 0.12438 0.22035 0.13421)
		3 V(133 134 138) M(0) UV(0.23573 0.10369 0.23884 0.10452 0.23884 0.09363)
		3 V(136 133 138) M(0) UV(0.23607 0.09289 0.23573 0.10369 0.23884 0.09363)
		3 V(139 131 132) M(0) UV(0.22345 0.12892 0.21445 0.12140 0.21271 0.12438)
		3 V(137 139 132) M(0) UV(0.22190 0.13157 0.22345 0.12892 0.21271 0.12438)
		3 V(134 135 140) M(0) UV(0.23884 0.10452 0.24196 0.10369 0.24162 0.09289)
		3 V(138 134 140) M(0) UV(0.23884 0.09363 0.23884 0.10452 0.24162 0.09289)
		3 V(141 130 131) M(0) UV(0.17136 0.21656 0.17136 0.20629 0.16824 0.20546)
		3 V(139 141 131) M(0) UV(0.16858 0.21582 0.17136 0.21656 0.16824 0.20546)
		3 V(135 128 142) M(0) UV(0.22345 0.22183 0.22171 0.21887 0.21252 0.22605)
		3 V(140 135 142) M(0) UV(0.21407 0.22870 0.22345 0.22183 0.21252 0.22605)
		3 V(143 129 130) M(0) UV(0.17414 0.21582 0.17447 0.20546 0.17136 0.20629)
		3 V(141 143 130) M(0) UV(0.17136 0.21656 0.17414 0.21582 0.17136 0.20629)
		3 V(128 129 143) M(0) UV(0.22171 0.21887 0.21997 0.21589 0.21097 0.22340)
		3 V(142 128 143) M(0) UV(0.21252 0.22605 0.22171 0.21887 0.21097 0.22340)
		3 V(146 147 145) M(0) UV(0.09095 0.22144 0.09095 0.24695 0.11186 0.23154)
		3 V(144 146 145) M(0) UV(0.11186 0.22221 0.09095 0.22144 0.11186 0.23154)
		3 V(148 149 147) M(0) UV(0.12960 0.22144 0.12960 0.24695 0.16306 0.24695)
		3 V(146 148 147) M(0) UV(0.16306 0.22144 0.12960 0.22144 0.16306 0.24695)
		3 V(150 151 149) M(0) UV(0.21654 0.15716 0.21097 0.16650 0.21680 0.18191)
		3 V(148 150 149) M(0) UV(0.22810 0.15640 0.21654 0.15716 0.21680 0.18191)
		3 V(144 145 151) M(0) UV(0.11186 0.22221 0.11186 0.23154 0.12170 0.23154)
		3 V(150 144 151) M(0) UV(0.12170 0.22221 0.11186 0.22221 0.12170 0.23154)
		3 V(148 146 144) M(0) UV(0.12477 0.15100 0.15823 0.15100 0.13732 0.13769)
		3 V(150 148 144) M(0) UV(0.12748 0.13769 0.12477 0.15100 0.13732 0.13769)
		3 V(147 149 151) M(0) UV(0.09095 0.24695 0.12441 0.24695 0.12170 0.23154)
		3 V(145 147 151) M(0) UV(0.11186 0.23154 0.09095 0.24695 0.12170 0.23154)
		3 V(153 152 160) M(0) UV(0.23573 0.20618 0.23698 0.20831 0.23861 0.20705)
		3 V(161 153 160) M(0) UV(0.23716 0.20457 0.23573 0.20618 0.23861 0.20705)
		3 V(154 153 161) M(0) UV(0.23497 0.08405 0.23721 0.08493 0.23757 0.08333)
		3 V(162 154 161) M(0) UV(0.23497 0.08231 0.23497 0.08405 0.23757 0.08333)
		3 V(155 154 162) M(0) UV(0.23274 0.08493 0.23497 0.08405 0.23497 0.08231)
		3 V(163 155 162) M(0) UV(0.23238 0.08333 0.23274 0.08493 0.23497 0.08231)
		3 V(156 155 163) M(0) UV(0.23133 0.25187 0.23257 0.24974 0.23115 0.24813)
		3 V(164 156 163) M(0) UV(0.22970 0.25061 0.23133 0.25187 0.23115 0.24813)
		3 V(157 156 164) M(0) UV(0.23008 0.25400 0.23133 0.25187 0.22970 0.25061)
		3 V(165 157 164) M(0) UV(0.22824 0.25309 0.23008 0.25400 0.22970 0.25061)
		3 V(157 165 166) M(0) UV(0.09579 0.25527 0.09615 0.25316 0.09355 0.25247)
		3 V(158 157 166) M(0) UV(0.09355 0.25467 0.09579 0.25527 0.09355 0.25247)
		3 V(158 166 167) M(0) UV(0.09355 0.25467 0.09355 0.25247 0.09095 0.25316)
		3 V(159 158 167) M(0) UV(0.09132 0.25527 0.09355 0.25467 0.09095 0.25316)
		3 V(152 159 167) M(0) UV(0.23698 0.20831 0.23823 0.21044 0.24006 0.20953)
		3 V(160 152 167) M(0) UV(0.23861 0.20705 0.23698 0.20831 0.24006 0.20953)
		3 V(161 160 168) M(0) UV(0.23757 0.08333 0.23864 0.08581 0.23938 0.08581)
		3 V(169 161 168) M(0) UV(0.23808 0.08283 0.23757 0.08333 0.23938 0.08581)
		3 V(162 161 169) M(0) UV(0.23497 0.08231 0.23757 0.08333 0.23808 0.08283)
		3 V(170 162 169) M(0) UV(0.23497 0.08161 0.23497 0.08231 0.23808 0.08283)
		3 V(163 162 170) M(0) UV(0.23238 0.08333 0.23497 0.08231 0.23497 0.08161)
		3 V(171 163 170) M(0) UV(0.23186 0.08283 0.23238 0.08333 0.23497 0.08161)
		3 V(164 163 171) M(0) UV(0.23130 0.08581 0.23238 0.08333 0.23186 0.08283)
		3 V(172 164 171) M(0) UV(0.23057 0.08581 0.23130 0.08581 0.23186 0.08283)
		3 V(165 164 172) M(0) UV(0.23238 0.08828 0.23130 0.08581 0.23057 0.08581)
		3 V(173 165 172) M(0) UV(0.23186 0.08878 0.23238 0.08828 0.23057 0.08581)
		3 V(166 165 173) M(0) UV(0.23497 0.08931 0.23238 0.08828 0.23186 0.08878)
		3 V(174 166 173) M(0) UV(0.23497 0.09001 0.23497 0.08931 0.23186 0.08878)
		3 V(167 166 174) M(0) UV(0.23757 0.08828 0.23497 0.08931 0.23497 0.09001)
		3 V(175 167 174) M(0) UV(0.23808 0.08878 0.23757 0.08828 0.23497 0.09001)
		3 V(160 167 175) M(0) UV(0.23864 0.08581 0.23757 0.08828 0.23808 0.08878)
		3 V(168 160 175) M(0) UV(0.23938 0.08581 0.23864 0.08581 0.23808 0.08878)
		3 V(173 172 177) M(0) UV(0.24073 0.12734 0.23899 0.12438 0.22979 0.13157)
		3 V(176 173 177) M(0) UV(0.23135 0.13421 0.24073 0.12734 0.22979 0.13157)
		3 V(178 174 173) M(0) UV(0.23884 0.18817 0.23884 0.19906 0.24196 0.19823)
		3 V(176 178 173) M(0) UV(0.24162 0.18743 0.23884 0.18817 0.24196 0.19823)
		3 V(172 171 179) M(0) UV(0.23899 0.12438 0.23725 0.12140 0.22824 0.12892)
		3 V(177 172 179) M(0) UV(0.22979 0.13157 0.23899 0.12438 0.22824 0.12892)
		3 V(175 174 178) M(0) UV(0.23573 0.19823 0.23884 0.19906 0.23884 0.18817)
		3 V(180 175 178) M(0) UV(0.23606 0.18743 0.23573 0.19823 0.23884 0.18817)
		3 V(171 170 181) M(0) UV(0.21719 0.23422 0.21408 0.23505 0.21408 0.24532)
		3 V(179 171 181) M(0) UV(0.21685 0.24458 0.21719 0.23422 0.21408 0.24532)
		3 V(182 168 175) M(0) UV(0.23918 0.22605 0.22999 0.21887 0.22824 0.22183)
		3 V(180 182 175) M(0) UV(0.23763 0.22870 0.23918 0.22605 0.22824 0.22183)
		3 V(170 169 183) M(0) UV(0.21408 0.23505 0.21097 0.23422 0.21130 0.24458)
		3 V(181 170 183) M(0) UV(0.21408 0.24532 0.21408 0.23505 0.21130 0.24458)
		3 V(183 169 168) M(0) UV(0.24073 0.22340 0.23173 0.21589 0.22999 0.21887)
		3 V(182 183 168) M(0) UV(0.23918 0.22605 0.24073 0.22340 0.22999 0.21887)
		3 V(184 186 185) M(0) UV(0.07623 0.79523 0.05045 0.85700 0.03978 0.79581)
		3 V(184 187 186) M(0) UV(0.07623 0.79523 0.07623 0.88236 0.05045 0.85700)
		3 V(184 188 187) M(0) UV(0.07623 0.79523 0.10198 0.85700 0.07623 0.88236)
		3 V(184 189 188) M(0) UV(0.07623 0.79523 0.11265 0.79581 0.10198 0.85700)
		3 V(184 190 189) M(0) UV(0.07623 0.79523 0.10198 0.73460 0.11265 0.79581)
		3 V(184 191 190) M(0) UV(0.07623 0.79523 0.07623 0.70924 0.10198 0.73460)
		3 V(184 192 191) M(0) UV(0.07623 0.79523 0.05045 0.73460 0.07623 0.70924)
		3 V(184 185 192) M(0) UV(0.07623 0.79523 0.03978 0.79581 0.05045 0.73460)
		3 V(193 194 195) M(0) UV(0.16329 0.79523 0.19975 0.79581 0.18908 0.85700)
		3 V(193 195 196) M(0) UV(0.16329 0.79523 0.18908 0.85700 0.16329 0.88236)
		3 V(193 196 197) M(0) UV(0.16329 0.79523 0.16329 0.88236 0.13755 0.85700)
		3 V(193 197 198) M(0) UV(0.16329 0.79523 0.13755 0.85700 0.12687 0.79581)
		3 V(193 198 199) M(0) UV(0.16329 0.79523 0.12687 0.79581 0.13755 0.73460)
		3 V(193 199 200) M(0) UV(0.16329 0.79523 0.13755 0.73460 0.16329 0.70924)
		3 V(193 200 201) M(0) UV(0.16329 0.79523 0.16329 0.70924 0.18908 0.73460)
		3 V(193 201 194) M(0) UV(0.16329 0.79523 0.18908 0.73460 0.19975 0.79581)
		3 V(202 203 204) M(0) UV(0.04925 0.91614 0.05873 0.92947 0.05596 0.93836)
		3 V(202 204 205) M(0) UV(0.04925 0.91614 0.05596 0.93836 0.04925 0.94205)
		3 V(202 205 206) M(0) UV(0.04925 0.91614 0.04925 0.94205 0.04255 0.93836)
		3 V(202 206 207) M(0) UV(0.04925 0.91614 0.04255 0.93836 0.03978 0.92947)
		3 V(202 207 208) M(0) UV(0.08244 0.91614 0.09191 0.92511 0.08913 0.93831)
		3 V(202 208 209) M(0) UV(0.08244 0.91614 0.08913 0.93831 0.08244 0.94379)
		3 V(202 209 210) M(0) UV(0.08244 0.91614 0.08244 0.94379 0.07573 0.93831)
		3 V(202 210 203) M(0) UV(0.08244 0.91614 0.07573 0.93831 0.07295 0.92511)
		3 V(211 213 212) M(0) UV(0.13636 0.91614 0.12965 0.93836 0.12687 0.92947)
		3 V(211 214 213) M(0) UV(0.13636 0.91614 0.13636 0.94205 0.12965 0.93836)
		3 V(211 215 214) M(0) UV(0.13636 0.91614 0.14305 0.93836 0.13636 0.94205)
		3 V(211 216 215) M(0) UV(0.13636 0.91614 0.14583 0.92947 0.14305 0.93836)
		3 V(211 217 216) M(0) UV(0.16952 0.91614 0.16283 0.93831 0.16005 0.92511)
		3 V(211 218 217) M(0) UV(0.16952 0.91614 0.16952 0.94379 0.16283 0.93831)
		3 V(211 219 218) M(0) UV(0.16952 0.91614 0.17623 0.93831 0.16952 0.94379)
		3 V(211 212 219) M(0) UV(0.16952 0.91614 0.17901 0.92511 0.17623 0.93831)
	}
}
Eof
