Metasequoia Document
Format Text Ver 1.1

Scene {
	pos -34.5554 23.4460 1459.3542
	lookat 10.1634 54.2676 66.5897
	head -0.6536
	pich 0.3336
	bank 0.0000
	ortho 0
	zoom2 5.1393
	amb 0.250 0.250 0.250
	dirlights 1 {
		light {
			dir 0.408 0.408 0.816
			color 1.000 1.000 1.000
		}
	}
}
Material 1 {
	"mat1" shader(3) col(1.000 1.000 1.000 1.000) dif(0.800) amb(0.600) emi(0.000) spc(0.000) power(5.00) tex("..\..\textures\vehicles\m2hb-t.png")
}
Object "$body" {
	depth 0
	folding 0
	scale 1.000000 1.000000 1.000000
	rotation 0.000000 0.000000 0.000000
	translation 0.000000 0.000000 0.000000
	visible 15
	locking 0
	shading 1
	facet 59.5
	color 0.898 0.498 0.698
	color_type 0
	vertex 157 {
		-2.9464 76.1356 1.5727
		-2.9464 -23.3657 1.5727
		2.9464 76.1356 1.5727
		2.9464 -23.3657 1.5727
		2.9464 76.1356 -4.4405
		2.9464 -23.3657 -4.4405
		-2.9464 76.1356 -4.4405
		-2.9464 -23.3657 -4.4405
		-0.0000 87.0650 5.7206
		6.2492 87.0650 2.1127
		6.2492 87.0650 -5.1034
		-0.0000 87.0650 -8.7114
		-6.2492 87.0650 -5.1034
		-6.2492 87.0650 2.1127
		-0.0000 76.7221 5.7206
		6.2492 76.7221 2.1127
		6.2492 76.7221 -5.1034
		-0.0000 76.7221 -8.7114
		-6.2492 76.7221 -5.1034
		-6.2492 76.7221 2.1127
		-0.0000 76.7221 -1.4953
		-0.0429 77.2820 1.6868
		37.4667 -23.5163 40.3406
		5.4026 79.5345 1.6868
		42.9123 -21.2640 40.3406
		6.1931 77.6232 -3.9596
		43.7027 -23.1752 34.6942
		0.7475 75.3707 -3.9596
		38.2572 -25.4276 34.6942
		-2.9464 76.7105 2.0752
		-2.9464 -28.6639 -34.8493
		2.9464 76.7105 2.0752
		2.9464 -28.6639 -34.8493
		2.9464 78.9421 -3.5087
		2.9464 -26.4325 -40.4332
		-2.9464 78.9421 -3.5087
		-2.9464 -26.4325 -40.4332
		82.6534 -20.2755 9.6366
		82.6534 -22.5606 9.6366
		84.8182 -20.2755 9.6366
		84.8182 -22.5606 9.6366
		84.8182 -20.2755 -5.3968
		84.8182 -22.5606 -5.3968
		82.6534 -20.2755 -5.3968
		82.6534 -22.5606 -5.3968
		108.9646 -20.2755 30.7845
		108.9646 -22.5606 30.7845
		110.8580 -20.2755 29.7349
		110.8580 -22.5606 29.7349
		103.5697 -20.2755 16.5865
		103.5697 -22.5606 16.5865
		101.6764 -20.2755 17.6361
		101.6764 -22.5606 17.6361
		87.3283 -20.2755 9.6887
		87.3283 -22.5606 9.6887
		89.4891 -20.2755 9.5565
		89.4891 -22.5606 9.5565
		88.5712 -20.2755 -5.4487
		88.5712 -22.5606 -5.4487
		86.4104 -20.2755 -5.3167
		86.4104 -22.5606 -5.3167
		94.2366 -20.2755 -16.5429
		94.2366 -22.5606 -16.5429
		96.2135 -20.2755 -15.6605
		96.2135 -22.5606 -15.6605
		102.3414 -20.2755 -29.3881
		102.3414 -22.5606 -29.3881
		100.3647 -20.2755 -30.2705
		100.3647 -22.5606 -30.2705
		112.5058 -20.2749 1.7763
		112.5058 -22.5599 1.7763
		114.6528 -20.2749 1.4986
		114.6528 -22.5599 1.4986
		112.7245 -20.2749 -13.4105
		112.7245 -22.5599 -13.4105
		110.5777 -20.2749 -13.1328
		110.5777 -22.5599 -13.1328
		116.8232 -20.2755 18.8471
		116.8232 -22.5606 18.8471
		117.5102 -20.2755 20.8999
		117.5102 -22.5606 20.8999
		131.7664 -20.2755 16.1288
		131.7664 -22.5606 16.1288
		131.0792 -20.2755 14.0759
		131.0792 -22.5606 14.0759
		66.4421 -20.2755 -28.0594
		66.4421 -22.5606 -28.0594
		65.3100 -20.2755 -26.2140
		65.3100 -22.5606 -26.2140
		78.1245 -20.2755 -18.3534
		78.1245 -22.5606 -18.3534
		79.2565 -20.2755 -20.1986
		79.2565 -22.5606 -20.1986
		-56.5682 -20.2755 -12.8955
		-56.5682 -22.5606 -12.8955
		-54.6367 -20.2755 -11.9177
		-54.6367 -22.5606 -11.9177
		-47.8466 -20.2755 -25.3301
		-47.8466 -22.5606 -25.3301
		-49.7780 -20.2755 -26.3079
		-49.7780 -22.5606 -26.3079
		-70.2612 -20.2755 10.2966
		-70.2612 -22.5606 10.2966
		-68.1951 -20.2755 9.6508
		-68.1951 -22.5606 9.6508
		-72.6808 -20.2755 -4.6978
		-72.6808 -22.5606 -4.6978
		-74.7469 -20.2755 -4.0518
		-74.7469 -22.5606 -4.0518
		-95.9789 -20.2755 28.5448
		-95.9789 -22.5606 28.5448
		-93.9392 -20.2755 27.8196
		-93.9392 -22.5606 27.8196
		-98.9746 -20.2755 13.6549
		-98.9746 -22.5606 13.6549
		-101.0144 -20.2755 14.3799
		-101.0144 -22.5606 14.3799
		-92.0731 -20.2755 0.7366
		-92.0731 -22.5606 0.7366
		-90.0569 -20.2755 1.5253
		-90.0569 -22.5606 1.5253
		-84.5801 -20.2755 -12.4748
		-84.5801 -22.5606 -12.4748
		-86.5961 -20.2755 -13.2636
		-86.5961 -22.5606 -13.2636
		-94.4520 -20.2755 21.8691
		-94.4520 -22.5606 21.8691
		-93.0251 -20.2755 23.4971
		-93.0251 -22.5606 23.4971
		-81.7196 -20.2755 13.5883
		-81.7196 -22.5606 13.5883
		-83.1464 -20.2755 11.9603
		-83.1464 -22.5606 11.9603
		-97.2189 -20.2755 -21.9118
		-97.2189 -22.5606 -21.9118
		-96.5168 -20.2755 -23.9596
		-96.5168 -22.5606 -23.9596
		-110.7374 -20.2755 -28.8351
		-110.7374 -22.5606 -28.8351
		-111.4396 -20.2755 -26.7873
		-111.4396 -22.5606 -26.7873
		71.8766 -20.2755 9.4657
		71.8766 -22.5606 9.4657
		74.0275 -20.2755 9.7107
		74.0275 -22.5606 9.7107
		75.7295 -20.2755 -5.2259
		75.7295 -22.5606 -5.2259
		73.5786 -20.2755 -5.4709
		73.5786 -22.5606 -5.4709
		0.0429 77.2820 1.6868
		-37.4667 -23.5163 40.3406
		-5.4026 79.5345 1.6868
		-42.9123 -21.2640 40.3406
		-6.1931 77.6232 -3.9596
		-43.7027 -23.1752 34.6942
		-0.7475 75.3707 -3.9596
		-38.2572 -25.4276 34.6942
	}
	face 218 {
		3 V(20 14 15) M(0) UV(0.10656 0.46473 0.07200 0.46473 0.08870 0.46473)
		3 V(20 15 16) M(0) UV(0.10656 0.46473 0.08870 0.46473 0.12442 0.46473)
		3 V(20 16 17) M(0) UV(0.10656 0.46473 0.12442 0.46473 0.14228 0.46473)
		3 V(20 17 18) M(0) UV(0.10656 0.46473 0.14228 0.46473 0.12442 0.46473)
		3 V(20 18 19) M(0) UV(0.10656 0.46473 0.12442 0.46473 0.08870 0.46473)
		3 V(20 19 14) M(0) UV(0.10656 0.46473 0.08870 0.46473 0.07200 0.46473)
		3 V(2 3 1) M(0) UV(0.25536 0.44067 0.25536 0.93315 0.25536 0.93315)
		3 V(2 1 0) M(0) UV(0.25536 0.44067 0.25536 0.93315 0.25536 0.44067)
		3 V(4 5 3) M(0) UV(0.28513 0.44067 0.28513 0.93315 0.25536 0.93315)
		3 V(4 3 2) M(0) UV(0.28513 0.44067 0.25536 0.93315 0.25536 0.44067)
		3 V(6 7 5) M(0) UV(0.28513 0.44067 0.28513 0.93315 0.28513 0.93315)
		3 V(6 5 4) M(0) UV(0.28513 0.44067 0.28513 0.93315 0.28513 0.44067)
		3 V(0 1 7) M(0) UV(0.25536 0.44067 0.25536 0.93315 0.28513 0.93315)
		3 V(0 7 6) M(0) UV(0.25536 0.44067 0.28513 0.93315 0.28513 0.44067)
		3 V(9 15 14) M(0) UV(0.08870 0.41453 0.08870 0.46473 0.07200 0.46473)
		3 V(9 14 8) M(0) UV(0.08870 0.41453 0.07200 0.46473 0.07200 0.41453)
		3 V(10 16 15) M(0) UV(0.12442 0.41453 0.12442 0.46473 0.08870 0.46473)
		3 V(10 15 9) M(0) UV(0.12442 0.41453 0.08870 0.46473 0.08870 0.41453)
		3 V(11 17 16) M(0) UV(0.14228 0.41453 0.14228 0.46473 0.12442 0.46473)
		3 V(11 16 10) M(0) UV(0.14228 0.41453 0.12442 0.46473 0.12442 0.41453)
		3 V(12 18 17) M(0) UV(0.12442 0.41453 0.12442 0.46473 0.14228 0.46473)
		3 V(12 17 11) M(0) UV(0.12442 0.41453 0.14228 0.46473 0.14228 0.41453)
		3 V(13 19 18) M(0) UV(0.08870 0.41453 0.08870 0.46473 0.12442 0.46473)
		3 V(13 18 12) M(0) UV(0.08870 0.41453 0.12442 0.46473 0.12442 0.41453)
		3 V(8 14 19) M(0) UV(0.07200 0.41453 0.07200 0.46473 0.08870 0.46473)
		3 V(8 19 13) M(0) UV(0.07200 0.41453 0.08870 0.46473 0.08870 0.41453)
		3 V(23 24 22) M(0) UV(0.20713 0.41241 0.01581 0.91130 0.01581 0.92245)
		3 V(23 22 21) M(0) UV(0.20713 0.41241 0.01581 0.92245 0.20713 0.42356)
		3 V(25 26 24) M(0) UV(0.23508 0.42187 0.04376 0.92076 0.01581 0.91130)
		3 V(25 24 23) M(0) UV(0.23508 0.42187 0.01581 0.91130 0.20713 0.41241)
		3 V(27 28 26) M(0) UV(0.23508 0.43302 0.04376 0.93191 0.04376 0.92076)
		3 V(27 26 25) M(0) UV(0.23508 0.43302 0.04376 0.92076 0.23508 0.42187)
		3 V(21 22 28) M(0) UV(0.20713 0.42356 0.01581 0.92245 0.04376 0.93191)
		3 V(21 28 27) M(0) UV(0.20713 0.42356 0.04376 0.93191 0.23508 0.43302)
		3 V(31 32 30) M(0) UV(0.30052 0.44546 0.48328 0.96700 0.48328 0.96700)
		3 V(31 30 29) M(0) UV(0.30052 0.44546 0.48328 0.96700 0.30052 0.44546)
		3 V(33 34 32) M(0) UV(0.32816 0.43442 0.51092 0.95596 0.48328 0.96700)
		3 V(33 32 31) M(0) UV(0.32816 0.43442 0.48328 0.96700 0.30052 0.44546)
		3 V(35 36 34) M(0) UV(0.32816 0.43442 0.51092 0.95596 0.51092 0.95596)
		3 V(35 34 33) M(0) UV(0.32816 0.43442 0.51092 0.95596 0.32816 0.43442)
		3 V(29 30 36) M(0) UV(0.30052 0.44546 0.48328 0.96700 0.51092 0.95596)
		3 V(29 36 35) M(0) UV(0.30052 0.44546 0.51092 0.95596 0.32816 0.43442)
		3 V(39 40 38) M(0) UV(0.06061 0.36066 0.06061 0.37779 0.04559 0.37779)
		3 V(39 38 37) M(0) UV(0.06061 0.36066 0.04559 0.37779 0.04559 0.36066)
		3 V(41 42 40) M(0) UV(0.18212 0.36085 0.18212 0.37798 0.06442 0.37798)
		3 V(41 40 39) M(0) UV(0.18212 0.36085 0.06442 0.37798 0.06442 0.36085)
		3 V(43 44 42) M(0) UV(0.11060 0.36112 0.11060 0.37779 0.09244 0.37779)
		3 V(43 42 41) M(0) UV(0.11060 0.36112 0.09244 0.37779 0.09244 0.36112)
		3 V(37 38 44) M(0) UV(0.06442 0.36085 0.06442 0.37798 0.18212 0.37798)
		3 V(37 44 43) M(0) UV(0.06442 0.36085 0.18212 0.37798 0.18212 0.36085)
		3 V(41 39 37) M(0) UV(0.18257 0.37881 0.06413 0.37881 0.06413 0.36064)
		3 V(41 37 43) M(0) UV(0.18257 0.37881 0.06413 0.36064 0.18257 0.36064)
		3 V(40 42 44) M(0) UV(0.06413 0.37881 0.18257 0.37881 0.18257 0.36064)
		3 V(40 44 38) M(0) UV(0.06413 0.37881 0.18257 0.36064 0.06413 0.36064)
		3 V(47 48 46) M(0) UV(0.06061 0.36066 0.06061 0.37779 0.04559 0.37779)
		3 V(47 46 45) M(0) UV(0.06061 0.36066 0.04559 0.37779 0.04559 0.36066)
		3 V(49 50 48) M(0) UV(0.18212 0.36085 0.18212 0.37798 0.06442 0.37798)
		3 V(49 48 47) M(0) UV(0.18212 0.36085 0.06442 0.37798 0.06442 0.36085)
		3 V(51 52 50) M(0) UV(0.11060 0.36112 0.11060 0.37779 0.09244 0.37779)
		3 V(51 50 49) M(0) UV(0.11060 0.36112 0.09244 0.37779 0.09244 0.36112)
		3 V(45 46 52) M(0) UV(0.06442 0.36085 0.06442 0.37798 0.18212 0.37798)
		3 V(45 52 51) M(0) UV(0.06442 0.36085 0.18212 0.37798 0.18212 0.36085)
		3 V(49 47 45) M(0) UV(0.18257 0.37881 0.06413 0.37881 0.06413 0.36064)
		3 V(49 45 51) M(0) UV(0.18257 0.37881 0.06413 0.36064 0.18257 0.36064)
		3 V(48 50 52) M(0) UV(0.06413 0.37881 0.18257 0.37881 0.18257 0.36064)
		3 V(48 52 46) M(0) UV(0.06413 0.37881 0.18257 0.36064 0.06413 0.36064)
		3 V(55 56 54) M(0) UV(0.06061 0.36066 0.06061 0.37779 0.04559 0.37779)
		3 V(55 54 53) M(0) UV(0.06061 0.36066 0.04559 0.37779 0.04559 0.36066)
		3 V(57 58 56) M(0) UV(0.18212 0.36085 0.18212 0.37798 0.06442 0.37798)
		3 V(57 56 55) M(0) UV(0.18212 0.36085 0.06442 0.37798 0.06442 0.36085)
		3 V(59 60 58) M(0) UV(0.11060 0.36112 0.11060 0.37779 0.09244 0.37779)
		3 V(59 58 57) M(0) UV(0.11060 0.36112 0.09244 0.37779 0.09244 0.36112)
		3 V(53 54 60) M(0) UV(0.06442 0.36085 0.06442 0.37798 0.18212 0.37798)
		3 V(53 60 59) M(0) UV(0.06442 0.36085 0.18212 0.37798 0.18212 0.36085)
		3 V(57 55 53) M(0) UV(0.18257 0.37881 0.06413 0.37881 0.06413 0.36064)
		3 V(57 53 59) M(0) UV(0.18257 0.37881 0.06413 0.36064 0.18257 0.36064)
		3 V(56 58 60) M(0) UV(0.06413 0.37881 0.18257 0.37881 0.18257 0.36064)
		3 V(56 60 54) M(0) UV(0.06413 0.37881 0.18257 0.36064 0.06413 0.36064)
		3 V(63 64 62) M(0) UV(0.06061 0.36066 0.06061 0.37779 0.04559 0.37779)
		3 V(63 62 61) M(0) UV(0.06061 0.36066 0.04559 0.37779 0.04559 0.36066)
		3 V(65 66 64) M(0) UV(0.18212 0.36085 0.18212 0.37798 0.06442 0.37798)
		3 V(65 64 63) M(0) UV(0.18212 0.36085 0.06442 0.37798 0.06442 0.36085)
		3 V(67 68 66) M(0) UV(0.11060 0.36112 0.11060 0.37779 0.09244 0.37779)
		3 V(67 66 65) M(0) UV(0.11060 0.36112 0.09244 0.37779 0.09244 0.36112)
		3 V(61 62 68) M(0) UV(0.06442 0.36085 0.06442 0.37798 0.18212 0.37798)
		3 V(61 68 67) M(0) UV(0.06442 0.36085 0.18212 0.37798 0.18212 0.36085)
		3 V(65 63 61) M(0) UV(0.18257 0.37881 0.06413 0.37881 0.06413 0.36064)
		3 V(65 61 67) M(0) UV(0.18257 0.37881 0.06413 0.36064 0.18257 0.36064)
		3 V(64 66 68) M(0) UV(0.06413 0.37881 0.18257 0.37881 0.18257 0.36064)
		3 V(64 68 62) M(0) UV(0.06413 0.37881 0.18257 0.36064 0.06413 0.36064)
		3 V(71 72 70) M(0) UV(0.06061 0.36066 0.06061 0.37779 0.04559 0.37779)
		3 V(71 70 69) M(0) UV(0.06061 0.36066 0.04559 0.37779 0.04559 0.36066)
		3 V(73 74 72) M(0) UV(0.18212 0.36085 0.18212 0.37798 0.06442 0.37798)
		3 V(73 72 71) M(0) UV(0.18212 0.36085 0.06442 0.37798 0.06442 0.36085)
		3 V(75 76 74) M(0) UV(0.11060 0.36112 0.11060 0.37779 0.09244 0.37779)
		3 V(75 74 73) M(0) UV(0.11060 0.36112 0.09244 0.37779 0.09244 0.36112)
		3 V(69 70 76) M(0) UV(0.06442 0.36085 0.06442 0.37798 0.18212 0.37798)
		3 V(69 76 75) M(0) UV(0.06442 0.36085 0.18212 0.37798 0.18212 0.36085)
		3 V(73 71 69) M(0) UV(0.18257 0.37881 0.06413 0.37881 0.06413 0.36064)
		3 V(73 69 75) M(0) UV(0.18257 0.37881 0.06413 0.36064 0.18257 0.36064)
		3 V(72 74 76) M(0) UV(0.06413 0.37881 0.18257 0.37881 0.18257 0.36064)
		3 V(72 76 70) M(0) UV(0.06413 0.37881 0.18257 0.36064 0.06413 0.36064)
		3 V(79 80 78) M(0) UV(0.06061 0.36066 0.06061 0.37779 0.04559 0.37779)
		3 V(79 78 77) M(0) UV(0.06061 0.36066 0.04559 0.37779 0.04559 0.36066)
		3 V(81 82 80) M(0) UV(0.18212 0.36085 0.18212 0.37798 0.06442 0.37798)
		3 V(81 80 79) M(0) UV(0.18212 0.36085 0.06442 0.37798 0.06442 0.36085)
		3 V(83 84 82) M(0) UV(0.11060 0.36112 0.11060 0.37779 0.09244 0.37779)
		3 V(83 82 81) M(0) UV(0.11060 0.36112 0.09244 0.37779 0.09244 0.36112)
		3 V(77 78 84) M(0) UV(0.06442 0.36085 0.06442 0.37798 0.18212 0.37798)
		3 V(77 84 83) M(0) UV(0.06442 0.36085 0.18212 0.37798 0.18212 0.36085)
		3 V(81 79 77) M(0) UV(0.18257 0.37881 0.06413 0.37881 0.06413 0.36064)
		3 V(81 77 83) M(0) UV(0.18257 0.37881 0.06413 0.36064 0.18257 0.36064)
		3 V(80 82 84) M(0) UV(0.06413 0.37881 0.18257 0.37881 0.18257 0.36064)
		3 V(80 84 78) M(0) UV(0.06413 0.37881 0.18257 0.36064 0.06413 0.36064)
		3 V(87 88 86) M(0) UV(0.06061 0.36066 0.06061 0.37779 0.04559 0.37779)
		3 V(87 86 85) M(0) UV(0.06061 0.36066 0.04559 0.37779 0.04559 0.36066)
		3 V(89 90 88) M(0) UV(0.18212 0.36085 0.18212 0.37798 0.06442 0.37798)
		3 V(89 88 87) M(0) UV(0.18212 0.36085 0.06442 0.37798 0.06442 0.36085)
		3 V(91 92 90) M(0) UV(0.11060 0.36112 0.11060 0.37779 0.09244 0.37779)
		3 V(91 90 89) M(0) UV(0.11060 0.36112 0.09244 0.37779 0.09244 0.36112)
		3 V(85 86 92) M(0) UV(0.06442 0.36085 0.06442 0.37798 0.18212 0.37798)
		3 V(85 92 91) M(0) UV(0.06442 0.36085 0.18212 0.37798 0.18212 0.36085)
		3 V(89 87 85) M(0) UV(0.18257 0.37881 0.06413 0.37881 0.06413 0.36064)
		3 V(89 85 91) M(0) UV(0.18257 0.37881 0.06413 0.36064 0.18257 0.36064)
		3 V(88 90 92) M(0) UV(0.06413 0.37881 0.18257 0.37881 0.18257 0.36064)
		3 V(88 92 86) M(0) UV(0.06413 0.37881 0.18257 0.36064 0.06413 0.36064)
		3 V(95 96 94) M(0) UV(0.06061 0.36066 0.06061 0.37779 0.04559 0.37779)
		3 V(95 94 93) M(0) UV(0.06061 0.36066 0.04559 0.37779 0.04559 0.36066)
		3 V(97 98 96) M(0) UV(0.18212 0.36085 0.18212 0.37798 0.06442 0.37798)
		3 V(97 96 95) M(0) UV(0.18212 0.36085 0.06442 0.37798 0.06442 0.36085)
		3 V(99 100 98) M(0) UV(0.11060 0.36112 0.11060 0.37779 0.09244 0.37779)
		3 V(99 98 97) M(0) UV(0.11060 0.36112 0.09244 0.37779 0.09244 0.36112)
		3 V(93 94 100) M(0) UV(0.06442 0.36085 0.06442 0.37798 0.18212 0.37798)
		3 V(93 100 99) M(0) UV(0.06442 0.36085 0.18212 0.37798 0.18212 0.36085)
		3 V(97 95 93) M(0) UV(0.18257 0.37881 0.06413 0.37881 0.06413 0.36064)
		3 V(97 93 99) M(0) UV(0.18257 0.37881 0.06413 0.36064 0.18257 0.36064)
		3 V(96 98 100) M(0) UV(0.06413 0.37881 0.18257 0.37881 0.18257 0.36064)
		3 V(96 100 94) M(0) UV(0.06413 0.37881 0.18257 0.36064 0.06413 0.36064)
		3 V(103 104 102) M(0) UV(0.06061 0.36066 0.06061 0.37779 0.04559 0.37779)
		3 V(103 102 101) M(0) UV(0.06061 0.36066 0.04559 0.37779 0.04559 0.36066)
		3 V(105 106 104) M(0) UV(0.18212 0.36085 0.18212 0.37798 0.06442 0.37798)
		3 V(105 104 103) M(0) UV(0.18212 0.36085 0.06442 0.37798 0.06442 0.36085)
		3 V(107 108 106) M(0) UV(0.11060 0.36112 0.11060 0.37779 0.09244 0.37779)
		3 V(107 106 105) M(0) UV(0.11060 0.36112 0.09244 0.37779 0.09244 0.36112)
		3 V(101 102 108) M(0) UV(0.06442 0.36085 0.06442 0.37798 0.18212 0.37798)
		3 V(101 108 107) M(0) UV(0.06442 0.36085 0.18212 0.37798 0.18212 0.36085)
		3 V(105 103 101) M(0) UV(0.18257 0.37881 0.06413 0.37881 0.06413 0.36064)
		3 V(105 101 107) M(0) UV(0.18257 0.37881 0.06413 0.36064 0.18257 0.36064)
		3 V(104 106 108) M(0) UV(0.06413 0.37881 0.18257 0.37881 0.18257 0.36064)
		3 V(104 108 102) M(0) UV(0.06413 0.37881 0.18257 0.36064 0.06413 0.36064)
		3 V(111 112 110) M(0) UV(0.06061 0.36066 0.06061 0.37779 0.04559 0.37779)
		3 V(111 110 109) M(0) UV(0.06061 0.36066 0.04559 0.37779 0.04559 0.36066)
		3 V(113 114 112) M(0) UV(0.18212 0.36085 0.18212 0.37798 0.06442 0.37798)
		3 V(113 112 111) M(0) UV(0.18212 0.36085 0.06442 0.37798 0.06442 0.36085)
		3 V(115 116 114) M(0) UV(0.11060 0.36112 0.11060 0.37779 0.09244 0.37779)
		3 V(115 114 113) M(0) UV(0.11060 0.36112 0.09244 0.37779 0.09244 0.36112)
		3 V(109 110 116) M(0) UV(0.06442 0.36085 0.06442 0.37798 0.18212 0.37798)
		3 V(109 116 115) M(0) UV(0.06442 0.36085 0.18212 0.37798 0.18212 0.36085)
		3 V(113 111 109) M(0) UV(0.18257 0.37881 0.06413 0.37881 0.06413 0.36064)
		3 V(113 109 115) M(0) UV(0.18257 0.37881 0.06413 0.36064 0.18257 0.36064)
		3 V(112 114 116) M(0) UV(0.06413 0.37881 0.18257 0.37881 0.18257 0.36064)
		3 V(112 116 110) M(0) UV(0.06413 0.37881 0.18257 0.36064 0.06413 0.36064)
		3 V(119 120 118) M(0) UV(0.06061 0.36066 0.06061 0.37779 0.04559 0.37779)
		3 V(119 118 117) M(0) UV(0.06061 0.36066 0.04559 0.37779 0.04559 0.36066)
		3 V(121 122 120) M(0) UV(0.18212 0.36085 0.18212 0.37798 0.06442 0.37798)
		3 V(121 120 119) M(0) UV(0.18212 0.36085 0.06442 0.37798 0.06442 0.36085)
		3 V(123 124 122) M(0) UV(0.11060 0.36112 0.11060 0.37779 0.09244 0.37779)
		3 V(123 122 121) M(0) UV(0.11060 0.36112 0.09244 0.37779 0.09244 0.36112)
		3 V(117 118 124) M(0) UV(0.06442 0.36085 0.06442 0.37798 0.18212 0.37798)
		3 V(117 124 123) M(0) UV(0.06442 0.36085 0.18212 0.37798 0.18212 0.36085)
		3 V(121 119 117) M(0) UV(0.18257 0.37881 0.06413 0.37881 0.06413 0.36064)
		3 V(121 117 123) M(0) UV(0.18257 0.37881 0.06413 0.36064 0.18257 0.36064)
		3 V(120 122 124) M(0) UV(0.06413 0.37881 0.18257 0.37881 0.18257 0.36064)
		3 V(120 124 118) M(0) UV(0.06413 0.37881 0.18257 0.36064 0.06413 0.36064)
		3 V(127 128 126) M(0) UV(0.06061 0.36066 0.06061 0.37779 0.04559 0.37779)
		3 V(127 126 125) M(0) UV(0.06061 0.36066 0.04559 0.37779 0.04559 0.36066)
		3 V(129 130 128) M(0) UV(0.18212 0.36085 0.18212 0.37798 0.06442 0.37798)
		3 V(129 128 127) M(0) UV(0.18212 0.36085 0.06442 0.37798 0.06442 0.36085)
		3 V(131 132 130) M(0) UV(0.11060 0.36112 0.11060 0.37779 0.09244 0.37779)
		3 V(131 130 129) M(0) UV(0.11060 0.36112 0.09244 0.37779 0.09244 0.36112)
		3 V(125 126 132) M(0) UV(0.06442 0.36085 0.06442 0.37798 0.18212 0.37798)
		3 V(125 132 131) M(0) UV(0.06442 0.36085 0.18212 0.37798 0.18212 0.36085)
		3 V(129 127 125) M(0) UV(0.18257 0.37881 0.06413 0.37881 0.06413 0.36064)
		3 V(129 125 131) M(0) UV(0.18257 0.37881 0.06413 0.36064 0.18257 0.36064)
		3 V(128 130 132) M(0) UV(0.06413 0.37881 0.18257 0.37881 0.18257 0.36064)
		3 V(128 132 126) M(0) UV(0.06413 0.37881 0.18257 0.36064 0.06413 0.36064)
		3 V(135 136 134) M(0) UV(0.06061 0.36066 0.06061 0.37779 0.04559 0.37779)
		3 V(135 134 133) M(0) UV(0.06061 0.36066 0.04559 0.37779 0.04559 0.36066)
		3 V(137 138 136) M(0) UV(0.18212 0.36085 0.18212 0.37798 0.06442 0.37798)
		3 V(137 136 135) M(0) UV(0.18212 0.36085 0.06442 0.37798 0.06442 0.36085)
		3 V(139 140 138) M(0) UV(0.11060 0.36112 0.11060 0.37779 0.09244 0.37779)
		3 V(139 138 137) M(0) UV(0.11060 0.36112 0.09244 0.37779 0.09244 0.36112)
		3 V(133 134 140) M(0) UV(0.06442 0.36085 0.06442 0.37798 0.18212 0.37798)
		3 V(133 140 139) M(0) UV(0.06442 0.36085 0.18212 0.37798 0.18212 0.36085)
		3 V(137 135 133) M(0) UV(0.18257 0.37881 0.06413 0.37881 0.06413 0.36064)
		3 V(137 133 139) M(0) UV(0.18257 0.37881 0.06413 0.36064 0.18257 0.36064)
		3 V(136 138 140) M(0) UV(0.06413 0.37881 0.18257 0.37881 0.18257 0.36064)
		3 V(136 140 134) M(0) UV(0.06413 0.37881 0.18257 0.36064 0.06413 0.36064)
		3 V(143 144 142) M(0) UV(0.06061 0.36066 0.06061 0.37779 0.04559 0.37779)
		3 V(143 142 141) M(0) UV(0.06061 0.36066 0.04559 0.37779 0.04559 0.36066)
		3 V(145 146 144) M(0) UV(0.18212 0.36085 0.18212 0.37798 0.06442 0.37798)
		3 V(145 144 143) M(0) UV(0.18212 0.36085 0.06442 0.37798 0.06442 0.36085)
		3 V(147 148 146) M(0) UV(0.11060 0.36112 0.11060 0.37779 0.09244 0.37779)
		3 V(147 146 145) M(0) UV(0.11060 0.36112 0.09244 0.37779 0.09244 0.36112)
		3 V(141 142 148) M(0) UV(0.06442 0.36085 0.06442 0.37798 0.18212 0.37798)
		3 V(141 148 147) M(0) UV(0.06442 0.36085 0.18212 0.37798 0.18212 0.36085)
		3 V(145 143 141) M(0) UV(0.18257 0.37881 0.06413 0.37881 0.06413 0.36064)
		3 V(145 141 147) M(0) UV(0.18257 0.37881 0.06413 0.36064 0.18257 0.36064)
		3 V(144 146 148) M(0) UV(0.06413 0.37881 0.18257 0.37881 0.18257 0.36064)
		3 V(144 148 142) M(0) UV(0.06413 0.37881 0.18257 0.36064 0.06413 0.36064)
		3 V(152 151 150) M(0) UV(0.01581 0.91130 0.20713 0.41241 0.01581 0.92245)
		3 V(150 151 149) M(0) UV(0.01581 0.92245 0.20713 0.41241 0.20713 0.42356)
		3 V(154 153 152) M(0) UV(0.04376 0.92076 0.23508 0.42187 0.01581 0.91130)
		3 V(152 153 151) M(0) UV(0.01581 0.91130 0.23508 0.42187 0.20713 0.41241)
		3 V(156 155 154) M(0) UV(0.04376 0.93191 0.23508 0.43302 0.04376 0.92076)
		3 V(154 155 153) M(0) UV(0.04376 0.92076 0.23508 0.43302 0.23508 0.42187)
		3 V(150 149 156) M(0) UV(0.01581 0.92245 0.20713 0.42356 0.04376 0.93191)
		3 V(156 149 155) M(0) UV(0.04376 0.93191 0.20713 0.42356 0.23508 0.43302)
	}
}
Object "$part0" {
	depth 0
	folding 0
	scale 1.000000 1.000000 1.000000
	rotation 0.000000 0.000000 0.000000
	translation 0.000000 0.000000 0.000000
	visible 15
	locking 0
	shading 1
	facet 59.5
	color 0.898 0.498 0.698
	color_type 0
	vertex 38 {
		7.3017 95.9803 -1.5325
		7.3017 95.9803 11.6150
		7.3017 86.6836 7.7642
		7.3017 82.8329 -1.5325
		7.3017 86.6836 -10.8294
		7.3017 95.9803 -14.6801
		7.3017 105.2771 -10.8294
		7.3017 109.1280 -1.5325
		7.3017 105.2771 7.7642
		-7.3017 95.9803 11.6150
		-7.3017 86.6836 7.7642
		-7.3017 82.8329 -1.5325
		-7.3017 86.6836 -10.8294
		-7.3017 95.9803 -14.6801
		-7.3017 105.2771 -10.8294
		-7.3017 109.1280 -1.5325
		-7.3017 105.2771 7.7642
		-7.3017 95.9803 -1.5325
		-60.0844 137.1991 31.8832
		-27.8766 137.1991 31.8832
		27.8766 137.1991 31.8832
		-60.0844 61.8015 41.4989
		-27.8766 61.8015 41.4989
		27.8766 61.8015 41.4989
		60.0845 137.1991 31.8832
		60.0845 61.8015 41.4989
		60.0845 136.4384 25.9182
		27.8766 136.4384 25.9182
		-27.8766 136.4384 25.9182
		60.0845 61.0407 35.5339
		27.8766 61.0407 35.5339
		-27.8766 61.0407 35.5339
		-60.0844 136.4384 25.9182
		-60.0844 61.0407 35.5339
		-27.8766 85.4537 38.4824
		27.8766 85.4537 38.4824
		27.8766 84.6931 32.5174
		-27.8766 84.6931 32.5174
	}
	face 60 {
		3 V(0 2 1) M(0) UV(0.09951 0.33305 0.05350 0.33305 0.03738 0.33305)
		3 V(0 3 2) M(0) UV(0.09951 0.33305 0.09951 0.33305 0.05350 0.33305)
		3 V(0 4 3) M(0) UV(0.09951 0.33305 0.14552 0.33305 0.09951 0.33305)
		3 V(0 5 4) M(0) UV(0.09951 0.33305 0.16248 0.33305 0.14552 0.33305)
		3 V(0 6 5) M(0) UV(0.09951 0.33305 0.14552 0.33305 0.16248 0.33305)
		3 V(0 7 6) M(0) UV(0.09951 0.33305 0.09951 0.33305 0.14552 0.33305)
		3 V(0 8 7) M(0) UV(0.09951 0.33305 0.05350 0.33305 0.09951 0.33305)
		3 V(0 1 8) M(0) UV(0.09951 0.33305 0.03738 0.33305 0.05350 0.33305)
		3 V(17 9 10) M(0) UV(0.09951 0.26287 0.03738 0.26287 0.05350 0.26287)
		3 V(17 10 11) M(0) UV(0.09951 0.26287 0.05350 0.26287 0.09951 0.26287)
		3 V(17 11 12) M(0) UV(0.09951 0.26287 0.09951 0.26287 0.14552 0.26287)
		3 V(17 12 13) M(0) UV(0.09951 0.26287 0.14552 0.26287 0.16248 0.26287)
		3 V(17 13 14) M(0) UV(0.09951 0.26287 0.16248 0.26287 0.14552 0.26287)
		3 V(17 14 15) M(0) UV(0.09951 0.26287 0.14552 0.26287 0.09951 0.26287)
		3 V(17 15 16) M(0) UV(0.09951 0.26287 0.09951 0.26287 0.05350 0.26287)
		3 V(17 16 9) M(0) UV(0.09951 0.26287 0.05350 0.26287 0.03738 0.26287)
		3 V(2 10 9) M(0) UV(0.05350 0.33305 0.05350 0.26287 0.03738 0.26287)
		3 V(2 9 1) M(0) UV(0.05350 0.33305 0.03738 0.26287 0.03738 0.33305)
		3 V(3 11 10) M(0) UV(0.09951 0.33305 0.09951 0.26287 0.05350 0.26287)
		3 V(3 10 2) M(0) UV(0.09951 0.33305 0.05350 0.26287 0.05350 0.33305)
		3 V(4 12 11) M(0) UV(0.14552 0.33305 0.14552 0.26287 0.09951 0.26287)
		3 V(4 11 3) M(0) UV(0.14552 0.33305 0.09951 0.26287 0.09951 0.33305)
		3 V(5 13 12) M(0) UV(0.16248 0.33305 0.16248 0.26287 0.14552 0.26287)
		3 V(5 12 4) M(0) UV(0.16248 0.33305 0.14552 0.26287 0.14552 0.33305)
		3 V(6 14 13) M(0) UV(0.14552 0.33305 0.14552 0.26287 0.16248 0.26287)
		3 V(6 13 5) M(0) UV(0.14552 0.33305 0.16248 0.26287 0.16248 0.33305)
		3 V(7 15 14) M(0) UV(0.09951 0.33305 0.09951 0.26287 0.14552 0.26287)
		3 V(7 14 6) M(0) UV(0.09951 0.33305 0.14552 0.26287 0.14552 0.33305)
		3 V(8 16 15) M(0) UV(0.05350 0.33305 0.05350 0.26287 0.09951 0.26287)
		3 V(8 15 7) M(0) UV(0.05350 0.33305 0.09951 0.26287 0.09951 0.33305)
		3 V(1 9 16) M(0) UV(0.03738 0.33305 0.03738 0.26287 0.05350 0.26287)
		3 V(1 16 8) M(0) UV(0.03738 0.33305 0.05350 0.26287 0.05350 0.33305)
		3 V(19 22 21) M(0) UV(0.51193 0.23716 0.51193 0.46174 0.41600 0.46174)
		3 V(19 21 18) M(0) UV(0.51193 0.23716 0.41600 0.46174 0.41600 0.23716)
		3 V(24 25 23) M(0) UV(0.77393 0.23716 0.77393 0.46174 0.67800 0.46174)
		3 V(24 23 20) M(0) UV(0.77393 0.23716 0.67800 0.46174 0.67800 0.23716)
		3 V(26 29 25) M(0) UV(0.77393 0.23943 0.77393 0.46401 0.77393 0.46174)
		3 V(26 25 24) M(0) UV(0.77393 0.23943 0.77393 0.46174 0.77393 0.23716)
		3 V(27 30 29) M(0) UV(0.67800 0.23943 0.67800 0.46401 0.77393 0.46401)
		3 V(27 29 26) M(0) UV(0.67800 0.23943 0.77393 0.46401 0.77393 0.23943)
		3 V(32 33 31) M(0) UV(0.41600 0.23943 0.41600 0.46401 0.51193 0.46401)
		3 V(32 31 28) M(0) UV(0.41600 0.23943 0.51193 0.46401 0.51193 0.23943)
		3 V(18 21 33) M(0) UV(0.41600 0.23716 0.41600 0.46174 0.41600 0.46401)
		3 V(18 33 32) M(0) UV(0.41600 0.23716 0.41600 0.46401 0.41600 0.23943)
		3 V(28 19 18) M(0) UV(0.51193 0.23943 0.51193 0.23716 0.41600 0.23716)
		3 V(28 18 32) M(0) UV(0.51193 0.23943 0.41600 0.23716 0.41600 0.23943)
		3 V(26 24 20) M(0) UV(0.77393 0.23943 0.77393 0.23716 0.67800 0.23716)
		3 V(26 20 27) M(0) UV(0.77393 0.23943 0.67800 0.23716 0.67800 0.23943)
		3 V(35 34 37) M(0) UV(0.67800 0.39129 0.51193 0.39129 0.51193 0.39356)
		3 V(35 37 36) M(0) UV(0.67800 0.39129 0.51193 0.39356 0.67800 0.39356)
		3 V(34 19 28) M(0) UV(0.51193 0.39129 0.51193 0.23716 0.51193 0.23943)
		3 V(34 28 37) M(0) UV(0.51193 0.39129 0.51193 0.23943 0.51193 0.39356)
		3 V(36 27 20) M(0) UV(0.67800 0.39356 0.67800 0.23943 0.67800 0.23716)
		3 V(36 20 35) M(0) UV(0.67800 0.39356 0.67800 0.23716 0.67800 0.39129)
		3 V(22 34 35) M(0) UV(0.51193 0.46174 0.51193 0.39129 0.67800 0.39129)
		3 V(22 35 23) M(0) UV(0.51193 0.46174 0.67800 0.39129 0.67800 0.46174)
		3 V(31 30 36) M(0) UV(0.51193 0.46401 0.67800 0.46401 0.67800 0.39356)
		3 V(31 36 37) M(0) UV(0.51193 0.46401 0.67800 0.39356 0.51193 0.39356)
		3 V(21 25 29) M(0) UV(0.41600 0.46174 0.77393 0.46174 0.77393 0.46401)
		3 V(21 29 33) M(0) UV(0.41600 0.46174 0.77393 0.46401 0.41600 0.46401)
	}
}
Object "$part1" {
	depth 0
	folding 0
	scale 1.000000 1.000000 1.000000
	rotation 0.000000 0.000000 0.000000
	translation 0.000000 0.000000 0.000000
	visible 15
	locking 0
	shading 1
	facet 59.5
	color 0.898 0.498 0.698
	color_type 0
	vertex 242 {
		7.3062 104.1184 25.8202
		7.3062 87.2812 25.8202
		24.1435 104.1184 25.8202
		24.1435 87.2812 25.8202
		24.1435 104.1184 -58.5107
		24.1435 87.2812 -58.5107
		7.3062 104.1184 -58.5107
		7.3062 87.2812 -58.5107
		15.7250 99.0164 195.1555
		12.4083 95.6998 195.1555
		19.0416 95.6998 195.1555
		15.7250 92.3832 195.1555
		15.7250 99.0164 64.2144
		12.4083 95.6998 64.2144
		19.0416 95.6998 64.2144
		15.7250 92.3832 64.2144
		22.3593 95.6998 25.8638
		15.7250 89.0654 25.8638
		15.7250 102.3343 25.8638
		9.0904 95.6998 25.8638
		15.7250 100.3557 64.2144
		11.0690 95.6998 64.2144
		20.3809 95.6998 64.2144
		15.7250 91.0438 64.2144
		22.3593 95.6998 60.5972
		15.7250 89.0654 60.5972
		15.7250 102.3343 60.5972
		9.0904 95.6998 60.5972
		15.7250 99.0164 182.8217
		12.4083 95.6998 182.8217
		19.0416 95.6998 182.8217
		15.7250 92.3832 182.8217
		15.7250 99.7707 195.1555
		11.6541 95.6998 195.1555
		19.7958 95.6998 195.1555
		15.7250 91.6290 195.1555
		15.7250 99.7707 182.8217
		11.6541 95.6998 182.8217
		19.7958 95.6998 182.8217
		15.7250 91.6290 182.8217
		15.7250 99.0164 182.9577
		12.4083 95.6998 182.9577
		19.0416 95.6998 182.9577
		15.7250 92.3832 182.9577
		23.5667 103.3365 -33.7405
		23.5667 99.6081 -33.7405
		23.5667 103.3365 -30.0123
		23.5667 99.6081 -30.0123
		42.1990 103.3365 -30.0123
		42.1990 99.6081 -30.0123
		42.1990 103.3365 -33.7405
		42.1990 99.6081 -33.7405
		24.0914 91.4921 18.1736
		24.0914 67.4387 18.1736
		58.6079 91.4921 18.1736
		58.6079 67.4387 18.1736
		58.6079 91.4921 -6.6013
		58.6079 67.4387 -6.6013
		24.0914 91.4921 -6.6013
		24.0914 67.4387 -6.6013
		26.4587 106.9230 -58.7290
		26.4587 84.4735 -58.7290
		29.7057 106.9230 -58.7290
		29.7057 84.4735 -58.7290
		29.7057 106.9230 -61.9762
		29.7057 84.4735 -61.9762
		26.4587 106.9230 -61.9762
		26.4587 84.4735 -61.9762
		24.1031 103.9989 17.6097
		24.0623 97.9858 17.6097
		57.4631 91.0537 17.6097
		51.4498 91.0537 17.6097
		57.4631 91.0537 -5.9625
		51.4498 91.0537 -5.9625
		24.1031 103.9989 -5.9625
		24.0623 97.9858 -5.9625
		57.5712 105.7966 17.6097
		51.6843 104.5700 17.6097
		57.5712 105.7966 -5.9625
		51.6843 104.5700 -5.9625
		55.4843 110.9213 17.6097
		50.8316 107.1117 17.6097
		55.4843 110.9213 -5.9625
		50.8316 107.1117 -5.9625
		50.6761 115.4025 17.6097
		47.9139 110.0612 17.6097
		50.6761 115.4025 -5.9625
		47.9139 110.0612 -5.9625
		43.2770 115.8945 17.6097
		43.1843 109.8819 17.6097
		43.2770 115.8945 -5.9625
		43.1843 109.8819 -5.9625
		37.7987 115.1340 17.6097
		40.0090 109.5417 17.6097
		37.7987 115.1340 -5.9625
		40.0090 109.5417 -5.9625
		31.8365 105.8131 17.6097
		33.8025 100.6798 17.6097
		31.8365 105.8131 -5.9625
		33.8025 100.6798 -5.9625
		-28.0822 106.4621 -42.6577
		-28.0822 84.9345 -42.6577
		28.0822 106.4621 -42.6577
		28.0822 84.9345 -42.6577
		28.0822 106.4621 -60.0963
		28.0822 84.9345 -60.0963
		-28.0822 106.4621 -60.0963
		-28.0822 84.9345 -60.0963
		-28.0822 89.7332 -42.6577
		28.0822 89.7332 -42.6577
		28.0822 89.7332 -60.0963
		-28.0822 89.7332 -60.0963
		-28.0822 102.3413 -42.6577
		28.0822 102.3413 -42.6577
		28.0822 102.3413 -60.0963
		-28.0822 102.3413 -60.0963
		-28.0822 89.7332 -55.6683
		28.0822 89.7332 -55.6683
		-28.0822 102.3413 -55.6683
		28.0822 102.3413 -55.6683
		24.5441 102.3413 -60.1646
		24.5441 89.7332 -60.1646
		-24.5441 89.7332 -60.1646
		-24.5441 102.3413 -60.1646
		-0.0000 110.0294 -55.7221
		-0.0000 114.1774 -55.7221
		2.9333 112.9626 -55.7221
		4.1483 110.0294 -55.7221
		2.9333 107.0960 -55.7221
		-0.0000 105.8810 -55.7221
		-2.9333 107.0960 -55.7221
		-4.1483 110.0294 -55.7221
		-2.9333 112.9626 -55.7221
		-0.0000 114.1774 -53.4404
		2.9333 112.9626 -53.4404
		4.1483 110.0294 -53.4404
		2.9333 107.0960 -53.4404
		-0.0000 105.8810 -53.4404
		-2.9333 107.0960 -53.4404
		-4.1483 110.0294 -53.4404
		-2.9333 112.9626 -53.4404
		-0.0000 110.0294 -53.4404
		-7.3062 104.1184 25.8202
		-7.3062 87.2812 25.8202
		-24.1435 104.1184 25.8202
		-24.1435 87.2812 25.8202
		-24.1435 104.1184 -58.5107
		-24.1435 87.2812 -58.5107
		-7.3062 104.1184 -58.5107
		-7.3062 87.2812 -58.5107
		-15.7250 99.0164 195.1555
		-12.4083 95.6998 195.1555
		-19.0416 95.6998 195.1555
		-15.7250 92.3832 195.1555
		-15.7250 99.0164 64.2144
		-12.4083 95.6998 64.2144
		-19.0416 95.6998 64.2144
		-15.7250 92.3832 64.2144
		-22.3593 95.6998 25.8638
		-15.7250 89.0654 25.8638
		-15.7250 102.3343 25.8638
		-9.0904 95.6998 25.8638
		-15.7250 100.3557 64.2144
		-11.0690 95.6998 64.2144
		-20.3809 95.6998 64.2144
		-15.7250 91.0438 64.2144
		-22.3593 95.6998 60.5972
		-15.7250 89.0654 60.5972
		-15.7250 102.3343 60.5972
		-9.0904 95.6998 60.5972
		-15.7250 99.0164 182.8217
		-12.4083 95.6998 182.8217
		-19.0416 95.6998 182.8217
		-15.7250 92.3832 182.8217
		-15.7250 99.7707 195.1555
		-11.6541 95.6998 195.1555
		-19.7958 95.6998 195.1555
		-15.7250 91.6290 195.1555
		-15.7250 99.7707 182.8217
		-11.6541 95.6998 182.8217
		-19.7958 95.6998 182.8217
		-15.7250 91.6290 182.8217
		-15.7250 99.0164 182.9577
		-12.4083 95.6998 182.9577
		-19.0416 95.6998 182.9577
		-15.7250 92.3832 182.9577
		-23.5667 103.3365 -33.7405
		-23.5667 99.6081 -33.7405
		-23.5667 103.3365 -30.0123
		-23.5667 99.6081 -30.0123
		-42.1990 103.3365 -30.0123
		-42.1990 99.6081 -30.0123
		-42.1990 103.3365 -33.7405
		-42.1990 99.6081 -33.7405
		-24.0914 91.4921 18.1736
		-24.0914 67.4387 18.1736
		-58.6079 91.4921 18.1736
		-58.6079 67.4387 18.1736
		-58.6079 91.4921 -6.6013
		-58.6079 67.4387 -6.6013
		-24.0914 91.4921 -6.6013
		-24.0914 67.4387 -6.6013
		-26.4587 106.9230 -58.7290
		-26.4587 84.4735 -58.7290
		-29.7057 106.9230 -58.7290
		-29.7057 84.4735 -58.7290
		-29.7057 106.9230 -61.9762
		-29.7057 84.4735 -61.9762
		-26.4587 106.9230 -61.9762
		-26.4587 84.4735 -61.9762
		-24.1031 103.9989 17.6097
		-24.0623 97.9858 17.6097
		-57.4631 91.0537 17.6097
		-51.4498 91.0537 17.6097
		-57.4631 91.0537 -5.9625
		-51.4498 91.0537 -5.9625
		-24.1031 103.9989 -5.9625
		-24.0623 97.9858 -5.9625
		-57.5712 105.7966 17.6097
		-51.6843 104.5700 17.6097
		-57.5712 105.7966 -5.9625
		-51.6843 104.5700 -5.9625
		-55.4843 110.9213 17.6097
		-50.8316 107.1117 17.6097
		-55.4843 110.9213 -5.9625
		-50.8316 107.1117 -5.9625
		-50.6761 115.4025 17.6097
		-47.9139 110.0612 17.6097
		-50.6761 115.4025 -5.9625
		-47.9139 110.0612 -5.9625
		-43.2770 115.8945 17.6097
		-43.1843 109.8819 17.6097
		-43.2770 115.8945 -5.9625
		-43.1843 109.8819 -5.9625
		-37.7987 115.1340 17.6097
		-40.0090 109.5417 17.6097
		-37.7987 115.1340 -5.9625
		-40.0090 109.5417 -5.9625
		-31.8365 105.8131 17.6097
		-33.8025 100.6798 17.6097
		-31.8365 105.8131 -5.9625
		-33.8025 100.6798 -5.9625
	}
	face 368 {
		3 V(2 3 1) M(0) UV(0.66166 0.05751 0.66166 0.11865 0.66166 0.11865)
		3 V(2 1 0) M(0) UV(0.66166 0.05751 0.66166 0.11865 0.66166 0.05751)
		3 V(4 5 3) M(0) UV(0.97622 0.05751 0.97622 0.11865 0.66166 0.11865)
		3 V(4 3 2) M(0) UV(0.97622 0.05751 0.66166 0.11865 0.66166 0.05751)
		3 V(6 7 5) M(0) UV(0.97622 0.05751 0.97622 0.11865 0.97622 0.11865)
		3 V(6 5 4) M(0) UV(0.97622 0.05751 0.97622 0.11865 0.97622 0.05751)
		3 V(0 1 7) M(0) UV(0.66166 0.05751 0.66166 0.11865 0.97622 0.11865)
		3 V(0 7 6) M(0) UV(0.66166 0.05751 0.97622 0.11865 0.97622 0.05751)
		3 V(4 2 0) M(0) UV(0.97622 0.05751 0.66166 0.05751 0.66166 0.05751)
		3 V(4 0 6) M(0) UV(0.97622 0.05751 0.66166 0.05751 0.97622 0.05751)
		3 V(3 5 7) M(0) UV(0.66166 0.11865 0.97622 0.11865 0.97622 0.11865)
		3 V(3 7 1) M(0) UV(0.66166 0.11865 0.97622 0.11865 0.66166 0.11865)
		3 V(21 20 22) M(0) UV(0.51582 0.08707 0.51582 0.07162 0.51582 0.08707)
		3 V(21 22 23) M(0) UV(0.51582 0.08707 0.51582 0.08707 0.51582 0.10328)
		3 V(16 17 25) M(0) UV(0.66150 0.08707 0.66150 0.11070 0.52939 0.11070)
		3 V(16 25 24) M(0) UV(0.66150 0.08707 0.52939 0.11070 0.52939 0.08707)
		3 V(25 23 22) M(0) UV(0.52939 0.11070 0.51582 0.10328 0.51582 0.08707)
		3 V(25 22 24) M(0) UV(0.52939 0.11070 0.51582 0.08707 0.52939 0.08707)
		3 V(19 18 26) M(0) UV(0.66150 0.08707 0.66150 0.06420 0.52939 0.06420)
		3 V(19 26 27) M(0) UV(0.66150 0.08707 0.52939 0.06420 0.52939 0.08707)
		3 V(26 20 21) M(0) UV(0.52939 0.06420 0.51582 0.07162 0.51582 0.08707)
		3 V(26 21 27) M(0) UV(0.52939 0.06420 0.51582 0.08707 0.52939 0.08707)
		3 V(18 16 24) M(0) UV(0.66150 0.06420 0.66150 0.08707 0.52939 0.08707)
		3 V(18 24 26) M(0) UV(0.66150 0.06420 0.52939 0.08707 0.52939 0.06420)
		3 V(24 22 20) M(0) UV(0.52939 0.08707 0.51582 0.08707 0.51582 0.07162)
		3 V(24 20 26) M(0) UV(0.52939 0.08707 0.51582 0.07162 0.52939 0.06420)
		3 V(17 19 27) M(0) UV(0.66150 0.11070 0.66150 0.08707 0.52939 0.08707)
		3 V(17 27 25) M(0) UV(0.66150 0.11070 0.52939 0.08707 0.52939 0.11070)
		3 V(25 27 21) M(0) UV(0.52939 0.11070 0.52939 0.08707 0.51582 0.08707)
		3 V(25 21 23) M(0) UV(0.52939 0.11070 0.51582 0.08707 0.51582 0.10328)
		3 V(30 14 15) M(0) UV(0.07214 0.08707 0.51582 0.08707 0.51582 0.09826)
		3 V(30 15 31) M(0) UV(0.07214 0.08707 0.51582 0.09826 0.07214 0.09826)
		3 V(29 13 12) M(0) UV(0.07214 0.08707 0.51582 0.08707 0.51582 0.07665)
		3 V(29 12 28) M(0) UV(0.07214 0.08707 0.51582 0.07665 0.07214 0.07665)
		3 V(28 12 14) M(0) UV(0.07214 0.07665 0.51582 0.07665 0.51582 0.08707)
		3 V(28 14 30) M(0) UV(0.07214 0.07665 0.51582 0.08707 0.07214 0.08707)
		3 V(31 15 13) M(0) UV(0.07214 0.09826 0.51582 0.09826 0.51582 0.08707)
		3 V(31 13 29) M(0) UV(0.07214 0.09826 0.51582 0.08707 0.07214 0.08707)
		3 V(35 11 10) M(0) UV(0.66729 0.61518 0.66729 0.60259 0.66729 0.54724)
		3 V(35 10 34) M(0) UV(0.66729 0.61518 0.66729 0.54724 0.66729 0.54724)
		3 V(35 34 38) M(0) UV(0.66729 0.61518 0.66729 0.54724 0.86936 0.54724)
		3 V(35 38 39) M(0) UV(0.66729 0.61518 0.86936 0.54724 0.86936 0.61518)
		3 V(32 8 9) M(0) UV(0.66729 0.47930 0.66729 0.49189 0.66729 0.54724)
		3 V(32 9 33) M(0) UV(0.66729 0.47930 0.66729 0.54724 0.66729 0.54724)
		3 V(32 33 37) M(0) UV(0.66729 0.47930 0.66729 0.54724 0.86936 0.54724)
		3 V(32 37 36) M(0) UV(0.66729 0.47930 0.86936 0.54724 0.86936 0.47930)
		3 V(34 10 8) M(0) UV(0.66729 0.54724 0.66729 0.54724 0.66729 0.49189)
		3 V(34 8 32) M(0) UV(0.66729 0.54724 0.66729 0.49189 0.66729 0.47930)
		3 V(34 32 36) M(0) UV(0.66729 0.54724 0.66729 0.47930 0.86936 0.47930)
		3 V(34 36 38) M(0) UV(0.66729 0.54724 0.86936 0.47930 0.86936 0.54724)
		3 V(33 9 11) M(0) UV(0.66729 0.54724 0.66729 0.54724 0.66729 0.60259)
		3 V(33 11 35) M(0) UV(0.66729 0.54724 0.66729 0.60259 0.66729 0.61518)
		3 V(33 35 39) M(0) UV(0.66729 0.54724 0.66729 0.61518 0.86936 0.61518)
		3 V(33 39 37) M(0) UV(0.66729 0.54724 0.86936 0.61518 0.86936 0.54724)
		3 V(36 37 39) M(0) UV(0.86936 0.47930 0.86936 0.54724 0.86936 0.61518)
		3 V(36 39 38) M(0) UV(0.86936 0.47930 0.86936 0.61518 0.86936 0.54724)
		3 V(40 8 10) M(0) UV(0.86709 0.49189 0.66729 0.49189 0.66729 0.54724)
		3 V(40 10 42) M(0) UV(0.86709 0.49189 0.66729 0.54724 0.86709 0.54724)
		3 V(42 10 11) M(0) UV(0.86709 0.54724 0.66729 0.54724 0.66729 0.60259)
		3 V(42 11 43) M(0) UV(0.86709 0.54724 0.66729 0.60259 0.86709 0.60259)
		3 V(43 11 9) M(0) UV(0.86709 0.60259 0.66729 0.60259 0.66729 0.54724)
		3 V(43 9 41) M(0) UV(0.86709 0.60259 0.66729 0.54724 0.86709 0.54724)
		3 V(41 9 8) M(0) UV(0.86709 0.54724 0.66729 0.54724 0.66729 0.49189)
		3 V(41 8 40) M(0) UV(0.86709 0.54724 0.66729 0.49189 0.86709 0.49189)
		3 V(42 43 41) M(0) UV(0.85889 0.18138 0.83726 0.20301 0.81564 0.18138)
		3 V(42 41 40) M(0) UV(0.85889 0.18138 0.81564 0.18138 0.83726 0.15976)
		3 V(48 49 47) M(0) UV(0.95593 0.19531 0.95593 0.19531 0.88100 0.19531)
		3 V(48 47 46) M(0) UV(0.95593 0.19531 0.88100 0.19531 0.88100 0.19531)
		3 V(50 51 49) M(0) UV(0.95593 0.18077 0.95593 0.18077 0.95593 0.19531)
		3 V(50 49 48) M(0) UV(0.95593 0.18077 0.95593 0.19531 0.95593 0.19531)
		3 V(44 45 51) M(0) UV(0.88100 0.18077 0.88100 0.18077 0.95593 0.18077)
		3 V(44 51 50) M(0) UV(0.88100 0.18077 0.95593 0.18077 0.95593 0.18077)
		3 V(48 46 44) M(0) UV(0.95593 0.19531 0.88100 0.19531 0.88100 0.18077)
		3 V(48 44 50) M(0) UV(0.95593 0.19531 0.88100 0.18077 0.95593 0.18077)
		3 V(47 49 51) M(0) UV(0.88100 0.19531 0.95593 0.19531 0.95593 0.18077)
		3 V(47 51 45) M(0) UV(0.88100 0.19531 0.95593 0.18077 0.88100 0.18077)
		3 V(54 55 53) M(0) UV(0.66577 0.13013 0.66577 0.22814 0.52513 0.22814)
		3 V(54 53 52) M(0) UV(0.66577 0.13013 0.52513 0.22814 0.52513 0.13013)
		3 V(56 57 55) M(0) UV(0.76995 0.12990 0.76995 0.22791 0.66900 0.22791)
		3 V(56 55 54) M(0) UV(0.76995 0.12990 0.66900 0.22791 0.66900 0.12990)
		3 V(58 59 57) M(0) UV(0.52513 0.13013 0.52513 0.22814 0.66577 0.22814)
		3 V(58 57 56) M(0) UV(0.52513 0.13013 0.66577 0.22814 0.66577 0.13013)
		3 V(52 53 59) M(0) UV(0.52513 0.13013 0.52513 0.22814 0.52513 0.22814)
		3 V(52 59 58) M(0) UV(0.52513 0.13013 0.52513 0.22814 0.52513 0.13013)
		3 V(56 54 52) M(0) UV(0.66585 0.22930 0.66585 0.33025 0.52521 0.33025)
		3 V(56 52 58) M(0) UV(0.66585 0.22930 0.52521 0.33025 0.52521 0.22930)
		3 V(55 57 59) M(0) UV(0.66577 0.22814 0.66577 0.22814 0.52513 0.22814)
		3 V(55 59 53) M(0) UV(0.66577 0.22814 0.52513 0.22814 0.52513 0.22814)
		3 V(62 63 61) M(0) UV(0.60729 0.48380 0.60729 0.78051 0.60729 0.78051)
		3 V(62 61 60) M(0) UV(0.60729 0.48380 0.60729 0.78051 0.60729 0.48380)
		3 V(64 65 63) M(0) UV(0.64820 0.48380 0.64820 0.78051 0.60729 0.78051)
		3 V(64 63 62) M(0) UV(0.64820 0.48380 0.60729 0.78051 0.60729 0.48380)
		3 V(66 67 65) M(0) UV(0.64820 0.48380 0.64820 0.78051 0.64820 0.78051)
		3 V(66 65 64) M(0) UV(0.64820 0.48380 0.64820 0.78051 0.64820 0.48380)
		3 V(60 61 67) M(0) UV(0.60729 0.48380 0.60729 0.78051 0.64820 0.78051)
		3 V(60 67 66) M(0) UV(0.60729 0.48380 0.64820 0.78051 0.64820 0.48380)
		3 V(64 62 60) M(0) UV(0.64820 0.48380 0.60729 0.48380 0.60729 0.48380)
		3 V(64 60 66) M(0) UV(0.64820 0.48380 0.60729 0.48380 0.64820 0.48380)
		3 V(63 65 67) M(0) UV(0.60729 0.78051 0.64820 0.78051 0.64820 0.78051)
		3 V(63 67 61) M(0) UV(0.60729 0.78051 0.64820 0.78051 0.60729 0.78051)
		3 V(70 71 77) M(0) UV(0.49999 0.21927 0.49999 0.21927 0.41988 0.21927)
		3 V(70 77 76) M(0) UV(0.49999 0.21927 0.41988 0.21927 0.41988 0.21927)
		3 V(79 73 72) M(0) UV(0.41988 0.12523 0.49999 0.12523 0.49999 0.12523)
		3 V(79 72 78) M(0) UV(0.41988 0.12523 0.49999 0.12523 0.41988 0.12523)
		3 V(72 70 76) M(0) UV(0.49999 0.12523 0.49999 0.21927 0.41988 0.21927)
		3 V(72 76 78) M(0) UV(0.49999 0.12523 0.41988 0.21927 0.41988 0.12523)
		3 V(71 73 79) M(0) UV(0.49999 0.21927 0.49999 0.12523 0.41988 0.12523)
		3 V(71 79 77) M(0) UV(0.49999 0.21927 0.41988 0.12523 0.41988 0.21927)
		3 V(80 76 77) M(0) UV(0.38148 0.21927 0.41988 0.21927 0.41988 0.21927)
		3 V(80 77 81) M(0) UV(0.38148 0.21927 0.41988 0.21927 0.38148 0.21927)
		3 V(83 79 78) M(0) UV(0.38148 0.12523 0.41988 0.12523 0.41988 0.12523)
		3 V(83 78 82) M(0) UV(0.38148 0.12523 0.41988 0.12523 0.38148 0.12523)
		3 V(82 78 76) M(0) UV(0.38148 0.12523 0.41988 0.12523 0.41988 0.21927)
		3 V(82 76 80) M(0) UV(0.38148 0.12523 0.41988 0.21927 0.38148 0.21927)
		3 V(81 77 79) M(0) UV(0.38148 0.21927 0.41988 0.21927 0.41988 0.12523)
		3 V(81 79 83) M(0) UV(0.38148 0.21927 0.41988 0.12523 0.38148 0.12523)
		3 V(84 80 81) M(0) UV(0.32696 0.21927 0.38148 0.21927 0.38148 0.21927)
		3 V(84 81 85) M(0) UV(0.32696 0.21927 0.38148 0.21927 0.32696 0.21927)
		3 V(87 83 82) M(0) UV(0.32696 0.12523 0.38148 0.12523 0.38148 0.12523)
		3 V(87 82 86) M(0) UV(0.32696 0.12523 0.38148 0.12523 0.32696 0.12523)
		3 V(86 82 80) M(0) UV(0.32696 0.12523 0.38148 0.12523 0.38148 0.21927)
		3 V(86 80 84) M(0) UV(0.32696 0.12523 0.38148 0.21927 0.32696 0.21927)
		3 V(85 81 83) M(0) UV(0.32696 0.21927 0.38148 0.21927 0.38148 0.12523)
		3 V(85 83 87) M(0) UV(0.32696 0.21927 0.38148 0.12523 0.32696 0.12523)
		3 V(88 84 85) M(0) UV(0.25049 0.21927 0.32696 0.21927 0.32696 0.21927)
		3 V(88 85 89) M(0) UV(0.25049 0.21927 0.32696 0.21927 0.25049 0.21927)
		3 V(91 87 86) M(0) UV(0.25049 0.12523 0.32696 0.12523 0.32696 0.12523)
		3 V(91 86 90) M(0) UV(0.25049 0.12523 0.32696 0.12523 0.25049 0.12523)
		3 V(90 86 84) M(0) UV(0.25049 0.12523 0.32696 0.12523 0.32696 0.21927)
		3 V(90 84 88) M(0) UV(0.25049 0.12523 0.32696 0.21927 0.25049 0.21927)
		3 V(89 85 87) M(0) UV(0.25049 0.21927 0.32696 0.21927 0.32696 0.12523)
		3 V(89 87 91) M(0) UV(0.25049 0.21927 0.32696 0.12523 0.25049 0.12523)
		3 V(92 88 89) M(0) UV(0.18433 0.21927 0.25049 0.21927 0.25049 0.21927)
		3 V(92 89 93) M(0) UV(0.18433 0.21927 0.25049 0.21927 0.18433 0.21927)
		3 V(95 91 90) M(0) UV(0.18433 0.12523 0.25049 0.12523 0.25049 0.12523)
		3 V(95 90 94) M(0) UV(0.18433 0.12523 0.25049 0.12523 0.18433 0.12523)
		3 V(94 90 88) M(0) UV(0.18433 0.12523 0.25049 0.12523 0.25049 0.21927)
		3 V(94 88 92) M(0) UV(0.18433 0.12523 0.25049 0.21927 0.18433 0.21927)
		3 V(93 89 91) M(0) UV(0.18433 0.21927 0.25049 0.21927 0.25049 0.12523)
		3 V(93 91 95) M(0) UV(0.18433 0.21927 0.25049 0.12523 0.18433 0.12523)
		3 V(69 68 96) M(0) UV(0.02481 0.21927 0.02481 0.21927 0.08744 0.21927)
		3 V(69 96 97) M(0) UV(0.02481 0.21927 0.08744 0.21927 0.08744 0.21927)
		3 V(96 92 93) M(0) UV(0.08744 0.21927 0.18433 0.21927 0.18433 0.21927)
		3 V(96 93 97) M(0) UV(0.08744 0.21927 0.18433 0.21927 0.08744 0.21927)
		3 V(74 75 99) M(0) UV(0.02481 0.12523 0.02481 0.12523 0.08744 0.12523)
		3 V(74 99 98) M(0) UV(0.02481 0.12523 0.08744 0.12523 0.08744 0.12523)
		3 V(99 95 94) M(0) UV(0.08744 0.12523 0.18433 0.12523 0.18433 0.12523)
		3 V(99 94 98) M(0) UV(0.08744 0.12523 0.18433 0.12523 0.08744 0.12523)
		3 V(68 74 98) M(0) UV(0.02481 0.21927 0.02481 0.12523 0.08744 0.12523)
		3 V(68 98 96) M(0) UV(0.02481 0.21927 0.08744 0.12523 0.08744 0.21927)
		3 V(98 94 92) M(0) UV(0.08744 0.12523 0.18433 0.12523 0.18433 0.21927)
		3 V(98 92 96) M(0) UV(0.08744 0.12523 0.18433 0.21927 0.08744 0.21927)
		3 V(75 69 97) M(0) UV(0.02481 0.12523 0.02481 0.21927 0.08744 0.21927)
		3 V(75 97 99) M(0) UV(0.02481 0.12523 0.08744 0.21927 0.08744 0.12523)
		3 V(97 93 95) M(0) UV(0.08744 0.21927 0.18433 0.21927 0.18433 0.12523)
		3 V(97 95 99) M(0) UV(0.08744 0.21927 0.18433 0.12523 0.08744 0.12523)
		3 V(104 102 100) M(0) UV(0.57673 0.47956 0.43711 0.47956 0.43711 0.47956)
		3 V(104 100 106) M(0) UV(0.57673 0.47956 0.43711 0.47956 0.57673 0.47956)
		3 V(103 105 107) M(0) UV(0.43711 0.65618 0.57673 0.65618 0.57673 0.65618)
		3 V(103 107 101) M(0) UV(0.43711 0.65618 0.57673 0.65618 0.43711 0.65618)
		3 V(105 103 109) M(0) UV(0.57673 0.65618 0.43711 0.65618 0.43711 0.61860)
		3 V(105 109 110) M(0) UV(0.57673 0.65618 0.43711 0.61860 0.57673 0.61860)
		3 V(107 105 110) M(0) UV(0.57673 0.65618 0.57673 0.65618 0.57673 0.61860)
		3 V(107 110 111) M(0) UV(0.57673 0.65618 0.57673 0.61860 0.57673 0.61860)
		3 V(101 107 111) M(0) UV(0.43711 0.65618 0.57673 0.65618 0.57673 0.61860)
		3 V(101 111 108) M(0) UV(0.43711 0.65618 0.57673 0.61860 0.43711 0.61860)
		3 V(102 104 114) M(0) UV(0.43711 0.47956 0.57673 0.47956 0.57673 0.51280)
		3 V(102 114 113) M(0) UV(0.43711 0.47956 0.57673 0.51280 0.43711 0.51280)
		3 V(104 106 115) M(0) UV(0.57673 0.47956 0.57673 0.47956 0.57673 0.51280)
		3 V(104 115 114) M(0) UV(0.57673 0.47956 0.57673 0.51280 0.57673 0.51280)
		3 V(106 100 112) M(0) UV(0.57673 0.47956 0.43711 0.47956 0.43711 0.51280)
		3 V(106 112 115) M(0) UV(0.57673 0.47956 0.43711 0.51280 0.57673 0.51280)
		3 V(117 109 113) M(0) UV(0.54360 0.61860 0.43711 0.61860 0.43711 0.51280)
		3 V(117 113 119) M(0) UV(0.54360 0.61860 0.43711 0.51280 0.54360 0.51280)
		3 V(112 108 116) M(0) UV(0.43711 0.51280 0.43711 0.61860 0.54360 0.61860)
		3 V(112 116 118) M(0) UV(0.43711 0.51280 0.54360 0.61860 0.54360 0.51280)
		3 V(103 101 100) M(0) UV(0.43711 0.65618 0.43711 0.65618 0.43711 0.47956)
		3 V(103 100 102) M(0) UV(0.43711 0.65618 0.43711 0.47956 0.43711 0.47956)
		3 V(122 121 120) M(0) UV(0.57730 0.61860 0.57730 0.61860 0.57730 0.51280)
		3 V(122 120 123) M(0) UV(0.57730 0.61860 0.57730 0.51280 0.57730 0.51280)
		3 V(124 126 125) M(0) UV(0.30198 0.34749 0.23904 0.28455 0.30198 0.25848)
		3 V(124 127 126) M(0) UV(0.30198 0.34749 0.21297 0.34749 0.23904 0.28455)
		3 V(124 128 127) M(0) UV(0.30198 0.34749 0.23904 0.41043 0.21297 0.34749)
		3 V(124 129 128) M(0) UV(0.30198 0.34749 0.30198 0.43650 0.23904 0.41043)
		3 V(124 130 129) M(0) UV(0.30198 0.34749 0.36492 0.41043 0.30198 0.43650)
		3 V(124 131 130) M(0) UV(0.30198 0.34749 0.39099 0.34749 0.36492 0.41043)
		3 V(124 132 131) M(0) UV(0.30198 0.34749 0.36492 0.28455 0.39099 0.34749)
		3 V(124 125 132) M(0) UV(0.30198 0.34749 0.30198 0.25848 0.36492 0.28455)
		3 V(141 133 134) M(0) UV(0.30198 0.34749 0.30198 0.25848 0.23904 0.28455)
		3 V(141 134 135) M(0) UV(0.30198 0.34749 0.23904 0.28455 0.21297 0.34749)
		3 V(141 135 136) M(0) UV(0.30198 0.34749 0.21297 0.34749 0.23904 0.41043)
		3 V(141 136 137) M(0) UV(0.30198 0.34749 0.23904 0.41043 0.30198 0.43650)
		3 V(141 137 138) M(0) UV(0.30198 0.34749 0.30198 0.43650 0.36492 0.41043)
		3 V(141 138 139) M(0) UV(0.30198 0.34749 0.36492 0.41043 0.39099 0.34749)
		3 V(141 139 140) M(0) UV(0.30198 0.34749 0.39099 0.34749 0.36492 0.28455)
		3 V(141 140 133) M(0) UV(0.30198 0.34749 0.36492 0.28455 0.30198 0.25848)
		3 V(126 134 133) M(0) UV(0.23904 0.28455 0.23904 0.28455 0.30198 0.25848)
		3 V(126 133 125) M(0) UV(0.23904 0.28455 0.30198 0.25848 0.30198 0.25848)
		3 V(127 135 134) M(0) UV(0.21297 0.34749 0.21297 0.34749 0.23904 0.28455)
		3 V(127 134 126) M(0) UV(0.21297 0.34749 0.23904 0.28455 0.23904 0.28455)
		3 V(128 136 135) M(0) UV(0.23904 0.41043 0.23904 0.41043 0.21297 0.34749)
		3 V(128 135 127) M(0) UV(0.23904 0.41043 0.21297 0.34749 0.21297 0.34749)
		3 V(129 137 136) M(0) UV(0.30198 0.43650 0.30198 0.43650 0.23904 0.41043)
		3 V(129 136 128) M(0) UV(0.30198 0.43650 0.23904 0.41043 0.23904 0.41043)
		3 V(130 138 137) M(0) UV(0.36492 0.41043 0.36492 0.41043 0.30198 0.43650)
		3 V(130 137 129) M(0) UV(0.36492 0.41043 0.30198 0.43650 0.30198 0.43650)
		3 V(131 139 138) M(0) UV(0.39099 0.34749 0.39099 0.34749 0.36492 0.41043)
		3 V(131 138 130) M(0) UV(0.39099 0.34749 0.36492 0.41043 0.36492 0.41043)
		3 V(132 140 139) M(0) UV(0.36492 0.28455 0.36492 0.28455 0.39099 0.34749)
		3 V(132 139 131) M(0) UV(0.36492 0.28455 0.39099 0.34749 0.39099 0.34749)
		3 V(125 133 140) M(0) UV(0.30198 0.25848 0.30198 0.25848 0.36492 0.28455)
		3 V(125 140 132) M(0) UV(0.30198 0.25848 0.36492 0.28455 0.36492 0.28455)
		3 V(145 144 143) M(0) UV(0.66166 0.11865 0.66166 0.05751 0.66166 0.11865)
		3 V(143 144 142) M(0) UV(0.66166 0.11865 0.66166 0.05751 0.66166 0.05751)
		3 V(147 146 145) M(0) UV(0.97622 0.11865 0.97622 0.05751 0.66166 0.11865)
		3 V(145 146 144) M(0) UV(0.66166 0.11865 0.97622 0.05751 0.66166 0.05751)
		3 V(149 148 147) M(0) UV(0.97622 0.11865 0.97622 0.05751 0.97622 0.11865)
		3 V(147 148 146) M(0) UV(0.97622 0.11865 0.97622 0.05751 0.97622 0.05751)
		3 V(143 142 149) M(0) UV(0.66166 0.11865 0.66166 0.05751 0.97622 0.11865)
		3 V(149 142 148) M(0) UV(0.97622 0.11865 0.66166 0.05751 0.97622 0.05751)
		3 V(144 146 142) M(0) UV(0.66166 0.05751 0.97622 0.05751 0.66166 0.05751)
		3 V(142 146 148) M(0) UV(0.66166 0.05751 0.97622 0.05751 0.97622 0.05751)
		3 V(147 145 149) M(0) UV(0.97622 0.11865 0.66166 0.11865 0.97622 0.11865)
		3 V(149 145 143) M(0) UV(0.97622 0.11865 0.66166 0.11865 0.66166 0.11865)
		3 V(162 163 164) M(0) UV(0.51582 0.07162 0.51582 0.08707 0.51582 0.08707)
		3 V(164 163 165) M(0) UV(0.51582 0.08707 0.51582 0.08707 0.51582 0.10328)
		3 V(159 158 167) M(0) UV(0.66150 0.11070 0.66150 0.08707 0.52939 0.11070)
		3 V(167 158 166) M(0) UV(0.52939 0.11070 0.66150 0.08707 0.52939 0.08707)
		3 V(165 167 164) M(0) UV(0.51582 0.10328 0.52939 0.11070 0.51582 0.08707)
		3 V(164 167 166) M(0) UV(0.51582 0.08707 0.52939 0.11070 0.52939 0.08707)
		3 V(160 161 168) M(0) UV(0.66150 0.06420 0.66150 0.08707 0.52939 0.06420)
		3 V(168 161 169) M(0) UV(0.52939 0.06420 0.66150 0.08707 0.52939 0.08707)
		3 V(162 168 163) M(0) UV(0.51582 0.07162 0.52939 0.06420 0.51582 0.08707)
		3 V(163 168 169) M(0) UV(0.51582 0.08707 0.52939 0.06420 0.52939 0.08707)
		3 V(158 160 166) M(0) UV(0.66150 0.08707 0.66150 0.06420 0.52939 0.08707)
		3 V(166 160 168) M(0) UV(0.52939 0.08707 0.66150 0.06420 0.52939 0.06420)
		3 V(164 166 162) M(0) UV(0.51582 0.08707 0.52939 0.08707 0.51582 0.07162)
		3 V(162 166 168) M(0) UV(0.51582 0.07162 0.52939 0.08707 0.52939 0.06420)
		3 V(161 159 169) M(0) UV(0.66150 0.08707 0.66150 0.11070 0.52939 0.08707)
		3 V(169 159 167) M(0) UV(0.52939 0.08707 0.66150 0.11070 0.52939 0.11070)
		3 V(169 167 163) M(0) UV(0.52939 0.08707 0.52939 0.11070 0.51582 0.08707)
		3 V(163 167 165) M(0) UV(0.51582 0.08707 0.52939 0.11070 0.51582 0.10328)
		3 V(156 172 157) M(0) UV(0.51582 0.08707 0.07214 0.08707 0.51582 0.09826)
		3 V(157 172 173) M(0) UV(0.51582 0.09826 0.07214 0.08707 0.07214 0.09826)
		3 V(155 171 154) M(0) UV(0.51582 0.08707 0.07214 0.08707 0.51582 0.07665)
		3 V(154 171 170) M(0) UV(0.51582 0.07665 0.07214 0.08707 0.07214 0.07665)
		3 V(154 170 156) M(0) UV(0.51582 0.07665 0.07214 0.07665 0.51582 0.08707)
		3 V(156 170 172) M(0) UV(0.51582 0.08707 0.07214 0.07665 0.07214 0.08707)
		3 V(157 173 155) M(0) UV(0.51582 0.09826 0.07214 0.09826 0.51582 0.08707)
		3 V(155 173 171) M(0) UV(0.51582 0.08707 0.07214 0.09826 0.07214 0.08707)
		3 V(153 177 152) M(0) UV(0.66729 0.60259 0.66729 0.61518 0.66729 0.54724)
		3 V(152 177 176) M(0) UV(0.66729 0.54724 0.66729 0.61518 0.66729 0.54724)
		3 V(176 177 180) M(0) UV(0.66729 0.54724 0.66729 0.61518 0.86936 0.54724)
		3 V(180 177 181) M(0) UV(0.86936 0.54724 0.66729 0.61518 0.86936 0.61518)
		3 V(150 174 151) M(0) UV(0.66729 0.49189 0.66729 0.47930 0.66729 0.54724)
		3 V(151 174 175) M(0) UV(0.66729 0.54724 0.66729 0.47930 0.66729 0.54724)
		3 V(175 174 179) M(0) UV(0.66729 0.54724 0.66729 0.47930 0.86936 0.54724)
		3 V(179 174 178) M(0) UV(0.86936 0.54724 0.66729 0.47930 0.86936 0.47930)
		3 V(152 176 150) M(0) UV(0.66729 0.54724 0.66729 0.54724 0.66729 0.49189)
		3 V(150 176 174) M(0) UV(0.66729 0.49189 0.66729 0.54724 0.66729 0.47930)
		3 V(174 176 178) M(0) UV(0.66729 0.47930 0.66729 0.54724 0.86936 0.47930)
		3 V(178 176 180) M(0) UV(0.86936 0.47930 0.66729 0.54724 0.86936 0.54724)
		3 V(151 175 153) M(0) UV(0.66729 0.54724 0.66729 0.54724 0.66729 0.60259)
		3 V(153 175 177) M(0) UV(0.66729 0.60259 0.66729 0.54724 0.66729 0.61518)
		3 V(177 175 181) M(0) UV(0.66729 0.61518 0.66729 0.54724 0.86936 0.61518)
		3 V(181 175 179) M(0) UV(0.86936 0.61518 0.66729 0.54724 0.86936 0.54724)
		3 V(179 178 181) M(0) UV(0.86936 0.54724 0.86936 0.47930 0.86936 0.61518)
		3 V(181 178 180) M(0) UV(0.86936 0.61518 0.86936 0.47930 0.86936 0.54724)
		3 V(150 182 152) M(0) UV(0.66729 0.49189 0.86709 0.49189 0.66729 0.54724)
		3 V(152 182 184) M(0) UV(0.66729 0.54724 0.86709 0.49189 0.86709 0.54724)
		3 V(152 184 153) M(0) UV(0.66729 0.54724 0.86709 0.54724 0.66729 0.60259)
		3 V(153 184 185) M(0) UV(0.66729 0.60259 0.86709 0.54724 0.86709 0.60259)
		3 V(153 185 151) M(0) UV(0.66729 0.60259 0.86709 0.60259 0.66729 0.54724)
		3 V(151 185 183) M(0) UV(0.66729 0.54724 0.86709 0.60259 0.86709 0.54724)
		3 V(151 183 150) M(0) UV(0.66729 0.54724 0.86709 0.54724 0.66729 0.49189)
		3 V(150 183 182) M(0) UV(0.66729 0.49189 0.86709 0.54724 0.86709 0.49189)
		3 V(185 184 183) M(0) UV(0.83726 0.20301 0.85889 0.18138 0.81564 0.18138)
		3 V(183 184 182) M(0) UV(0.81564 0.18138 0.85889 0.18138 0.83726 0.15976)
		3 V(191 190 189) M(0) UV(0.95593 0.19531 0.95593 0.19531 0.88100 0.19531)
		3 V(189 190 188) M(0) UV(0.88100 0.19531 0.95593 0.19531 0.88100 0.19531)
		3 V(193 192 191) M(0) UV(0.95593 0.18077 0.95593 0.18077 0.95593 0.19531)
		3 V(191 192 190) M(0) UV(0.95593 0.19531 0.95593 0.18077 0.95593 0.19531)
		3 V(187 186 193) M(0) UV(0.88100 0.18077 0.88100 0.18077 0.95593 0.18077)
		3 V(193 186 192) M(0) UV(0.95593 0.18077 0.88100 0.18077 0.95593 0.18077)
		3 V(188 190 186) M(0) UV(0.88100 0.19531 0.95593 0.19531 0.88100 0.18077)
		3 V(186 190 192) M(0) UV(0.88100 0.18077 0.95593 0.19531 0.95593 0.18077)
		3 V(191 189 193) M(0) UV(0.95593 0.19531 0.88100 0.19531 0.95593 0.18077)
		3 V(193 189 187) M(0) UV(0.95593 0.18077 0.88100 0.19531 0.88100 0.18077)
		3 V(197 196 195) M(0) UV(0.66577 0.22814 0.66577 0.13013 0.52513 0.22814)
		3 V(195 196 194) M(0) UV(0.52513 0.22814 0.66577 0.13013 0.52513 0.13013)
		3 V(199 198 197) M(0) UV(0.76995 0.22791 0.76995 0.12990 0.66900 0.22791)
		3 V(197 198 196) M(0) UV(0.66900 0.22791 0.76995 0.12990 0.66900 0.12990)
		3 V(201 200 199) M(0) UV(0.52513 0.22814 0.52513 0.13013 0.66577 0.22814)
		3 V(199 200 198) M(0) UV(0.66577 0.22814 0.52513 0.13013 0.66577 0.13013)
		3 V(195 194 201) M(0) UV(0.52513 0.22814 0.52513 0.13013 0.52513 0.22814)
		3 V(201 194 200) M(0) UV(0.52513 0.22814 0.52513 0.13013 0.52513 0.13013)
		3 V(196 198 194) M(0) UV(0.66585 0.33025 0.66585 0.22930 0.52521 0.33025)
		3 V(194 198 200) M(0) UV(0.52521 0.33025 0.66585 0.22930 0.52521 0.22930)
		3 V(199 197 201) M(0) UV(0.66577 0.22814 0.66577 0.22814 0.52513 0.22814)
		3 V(201 197 195) M(0) UV(0.52513 0.22814 0.66577 0.22814 0.52513 0.22814)
		3 V(205 204 203) M(0) UV(0.60729 0.78051 0.60729 0.48380 0.60729 0.78051)
		3 V(203 204 202) M(0) UV(0.60729 0.78051 0.60729 0.48380 0.60729 0.48380)
		3 V(207 206 205) M(0) UV(0.64820 0.78051 0.64820 0.48380 0.60729 0.78051)
		3 V(205 206 204) M(0) UV(0.60729 0.78051 0.64820 0.48380 0.60729 0.48380)
		3 V(209 208 207) M(0) UV(0.64820 0.78051 0.64820 0.48380 0.64820 0.78051)
		3 V(207 208 206) M(0) UV(0.64820 0.78051 0.64820 0.48380 0.64820 0.48380)
		3 V(203 202 209) M(0) UV(0.60729 0.78051 0.60729 0.48380 0.64820 0.78051)
		3 V(209 202 208) M(0) UV(0.64820 0.78051 0.60729 0.48380 0.64820 0.48380)
		3 V(204 206 202) M(0) UV(0.60729 0.48380 0.64820 0.48380 0.60729 0.48380)
		3 V(202 206 208) M(0) UV(0.60729 0.48380 0.64820 0.48380 0.64820 0.48380)
		3 V(207 205 209) M(0) UV(0.64820 0.78051 0.60729 0.78051 0.64820 0.78051)
		3 V(209 205 203) M(0) UV(0.64820 0.78051 0.60729 0.78051 0.60729 0.78051)
		3 V(213 212 219) M(0) UV(0.49999 0.21927 0.49999 0.21927 0.41988 0.21927)
		3 V(219 212 218) M(0) UV(0.41988 0.21927 0.49999 0.21927 0.41988 0.21927)
		3 V(215 221 214) M(0) UV(0.49999 0.12523 0.41988 0.12523 0.49999 0.12523)
		3 V(214 221 220) M(0) UV(0.49999 0.12523 0.41988 0.12523 0.41988 0.12523)
		3 V(212 214 218) M(0) UV(0.49999 0.21927 0.49999 0.12523 0.41988 0.21927)
		3 V(218 214 220) M(0) UV(0.41988 0.21927 0.49999 0.12523 0.41988 0.12523)
		3 V(215 213 221) M(0) UV(0.49999 0.12523 0.49999 0.21927 0.41988 0.12523)
		3 V(221 213 219) M(0) UV(0.41988 0.12523 0.49999 0.21927 0.41988 0.21927)
		3 V(218 222 219) M(0) UV(0.41988 0.21927 0.38148 0.21927 0.41988 0.21927)
		3 V(219 222 223) M(0) UV(0.41988 0.21927 0.38148 0.21927 0.38148 0.21927)
		3 V(221 225 220) M(0) UV(0.41988 0.12523 0.38148 0.12523 0.41988 0.12523)
		3 V(220 225 224) M(0) UV(0.41988 0.12523 0.38148 0.12523 0.38148 0.12523)
		3 V(220 224 218) M(0) UV(0.41988 0.12523 0.38148 0.12523 0.41988 0.21927)
		3 V(218 224 222) M(0) UV(0.41988 0.21927 0.38148 0.12523 0.38148 0.21927)
		3 V(219 223 221) M(0) UV(0.41988 0.21927 0.38148 0.21927 0.41988 0.12523)
		3 V(221 223 225) M(0) UV(0.41988 0.12523 0.38148 0.21927 0.38148 0.12523)
		3 V(222 226 223) M(0) UV(0.38148 0.21927 0.32696 0.21927 0.38148 0.21927)
		3 V(223 226 227) M(0) UV(0.38148 0.21927 0.32696 0.21927 0.32696 0.21927)
		3 V(225 229 224) M(0) UV(0.38148 0.12523 0.32696 0.12523 0.38148 0.12523)
		3 V(224 229 228) M(0) UV(0.38148 0.12523 0.32696 0.12523 0.32696 0.12523)
		3 V(224 228 222) M(0) UV(0.38148 0.12523 0.32696 0.12523 0.38148 0.21927)
		3 V(222 228 226) M(0) UV(0.38148 0.21927 0.32696 0.12523 0.32696 0.21927)
		3 V(223 227 225) M(0) UV(0.38148 0.21927 0.32696 0.21927 0.38148 0.12523)
		3 V(225 227 229) M(0) UV(0.38148 0.12523 0.32696 0.21927 0.32696 0.12523)
		3 V(226 230 227) M(0) UV(0.32696 0.21927 0.25049 0.21927 0.32696 0.21927)
		3 V(227 230 231) M(0) UV(0.32696 0.21927 0.25049 0.21927 0.25049 0.21927)
		3 V(229 233 228) M(0) UV(0.32696 0.12523 0.25049 0.12523 0.32696 0.12523)
		3 V(228 233 232) M(0) UV(0.32696 0.12523 0.25049 0.12523 0.25049 0.12523)
		3 V(228 232 226) M(0) UV(0.32696 0.12523 0.25049 0.12523 0.32696 0.21927)
		3 V(226 232 230) M(0) UV(0.32696 0.21927 0.25049 0.12523 0.25049 0.21927)
		3 V(227 231 229) M(0) UV(0.32696 0.21927 0.25049 0.21927 0.32696 0.12523)
		3 V(229 231 233) M(0) UV(0.32696 0.12523 0.25049 0.21927 0.25049 0.12523)
		3 V(230 234 231) M(0) UV(0.25049 0.21927 0.18433 0.21927 0.25049 0.21927)
		3 V(231 234 235) M(0) UV(0.25049 0.21927 0.18433 0.21927 0.18433 0.21927)
		3 V(233 237 232) M(0) UV(0.25049 0.12523 0.18433 0.12523 0.25049 0.12523)
		3 V(232 237 236) M(0) UV(0.25049 0.12523 0.18433 0.12523 0.18433 0.12523)
		3 V(232 236 230) M(0) UV(0.25049 0.12523 0.18433 0.12523 0.25049 0.21927)
		3 V(230 236 234) M(0) UV(0.25049 0.21927 0.18433 0.12523 0.18433 0.21927)
		3 V(231 235 233) M(0) UV(0.25049 0.21927 0.18433 0.21927 0.25049 0.12523)
		3 V(233 235 237) M(0) UV(0.25049 0.12523 0.18433 0.21927 0.18433 0.12523)
		3 V(210 211 238) M(0) UV(0.02481 0.21927 0.02481 0.21927 0.08744 0.21927)
		3 V(238 211 239) M(0) UV(0.08744 0.21927 0.02481 0.21927 0.08744 0.21927)
		3 V(234 238 235) M(0) UV(0.18433 0.21927 0.08744 0.21927 0.18433 0.21927)
		3 V(235 238 239) M(0) UV(0.18433 0.21927 0.08744 0.21927 0.08744 0.21927)
		3 V(217 216 241) M(0) UV(0.02481 0.12523 0.02481 0.12523 0.08744 0.12523)
		3 V(241 216 240) M(0) UV(0.08744 0.12523 0.02481 0.12523 0.08744 0.12523)
		3 V(237 241 236) M(0) UV(0.18433 0.12523 0.08744 0.12523 0.18433 0.12523)
		3 V(236 241 240) M(0) UV(0.18433 0.12523 0.08744 0.12523 0.08744 0.12523)
		3 V(216 210 240) M(0) UV(0.02481 0.12523 0.02481 0.21927 0.08744 0.12523)
		3 V(240 210 238) M(0) UV(0.08744 0.12523 0.02481 0.21927 0.08744 0.21927)
		3 V(236 240 234) M(0) UV(0.18433 0.12523 0.08744 0.12523 0.18433 0.21927)
		3 V(234 240 238) M(0) UV(0.18433 0.21927 0.08744 0.12523 0.08744 0.21927)
		3 V(211 217 239) M(0) UV(0.02481 0.21927 0.02481 0.12523 0.08744 0.21927)
		3 V(239 217 241) M(0) UV(0.08744 0.21927 0.02481 0.12523 0.08744 0.12523)
		3 V(235 239 237) M(0) UV(0.18433 0.21927 0.08744 0.21927 0.18433 0.12523)
		3 V(237 239 241) M(0) UV(0.18433 0.12523 0.08744 0.21927 0.08744 0.12523)
	}
}
Eof
