Metasequoia Document
Format Text Ver 1.1

Scene {
	pos 4.5078 -179.7130 2399.9988
	lookat 0.0000 0.0000 0.0000
	head 0.0100
	pich -0.0600
	bank 0.0000
	ortho 0
	zoom2 4.6637
	amb 0.250 0.250 0.250
	dirlights 1 {
		light {
			dir 0.408 0.408 0.816
			color 1.000 1.000 1.000
		}
	}
}
Material 1 {
	"mat1" shader(3) col(1.000 1.000 1.000 1.000) dif(0.800) amb(0.600) emi(0.000) spc(0.000) power(5.00)
}
Object "$body" {
	depth 0
	folding 0
	scale 1.000000 1.000000 1.000000
	rotation 0.000000 0.000000 0.000000
	translation 0.000000 0.000000 0.000000
	visible 15
	locking 0
	shading 1
	facet 59.5
	color 1.000 0.541 0.922
	color_type 0
	vertex 378 {
		-3.6781 281.6211 -18.6835
		-10.5810 281.6211 -15.4530
		-15.6371 281.6211 -9.5504
		-17.9721 281.6211 -1.9965
		-17.1823 281.6211 5.9026
		-13.4042 281.6211 12.7811
		-7.2911 281.6211 17.4497
		-7.2911 275.8611 -36.5506
		-20.7953 275.8611 -30.2306
		-30.6865 275.8611 -18.6835
		-35.2544 275.8611 -3.9059
		-33.7093 275.8611 11.5471
		-26.3182 275.8611 25.0036
		-14.3591 275.8611 34.1367
		-10.5811 265.3836 -52.3245
		-30.0963 266.6548 -43.2803
		-44.3903 266.5410 -27.0001
		-50.9916 266.5410 -5.6445
		-48.7586 266.5410 16.6871
		-38.0776 266.5410 36.1333
		-20.7953 268.5365 46.5903
		-14.0242 248.9376 -64.1115
		-39.8304 250.5446 -52.6768
		-58.7322 251.8957 -34.1365
		-67.4614 251.8957 -7.1364
		-64.5086 251.8957 21.0977
		-50.3844 251.8957 45.6838
		-27.5310 252.4336 59.3276
		-17.3749 225.5847 -71.9804
		-49.3030 227.4576 -58.6549
		-72.6889 229.8652 -39.7811
		-83.4889 229.8652 -8.3164
		-79.8357 229.8652 24.5862
		-62.3608 229.8652 53.2377
		-34.0859 228.4874 64.6890
		-18.6180 204.9883 -84.4231
		-52.8174 204.9883 -70.6872
		-77.8669 204.9883 -43.6870
		-89.4352 204.9883 -9.1330
		-85.5221 204.9883 27.0002
		-66.8041 204.9883 58.4648
		-36.5178 204.9883 78.1537
		-20.5773 178.3521 -89.3707
		-58.3566 178.3521 -73.9177
		-86.0281 178.3521 -45.6836
		-98.8074 178.3521 -9.5504
		-94.4846 178.3521 28.2342
		-73.8073 178.3521 61.1368
		-40.3508 178.3521 83.4683
		-20.5773 151.1210 -89.3707
		-58.3566 151.1210 -73.9177
		-86.0281 151.1210 -45.6836
		-98.8074 151.1210 -9.5504
		-94.4846 151.1210 28.2342
		-73.8073 151.1210 61.1368
		-40.3508 151.1210 83.4683
		-20.6848 124.4850 -85.4648
		-58.6605 124.4850 -70.6871
		-86.4760 124.4850 -43.6870
		-99.3217 124.4850 -9.1330
		-94.9765 124.4850 27.0002
		-74.1916 124.4850 58.4648
		-40.5611 124.9453 84.8414
		-20.1953 99.6080 -77.8237
		-57.2766 99.6080 -64.3672
		-84.4370 99.6080 -39.7811
		-96.9801 99.6080 -8.3164
		-92.7372 99.6080 24.5862
		-72.4419 99.6080 53.2377
		-39.6035 99.3174 81.2366
		-18.1152 77.5777 -66.7812
		-51.3958 77.5777 -55.2341
		-75.7725 77.5777 -34.1365
		-87.0300 77.5777 -7.1364
		-83.2220 77.5777 21.0976
		-65.0068 77.5777 45.6838
		-35.5341 76.0659 74.0899
		-14.3071 59.3564 -52.8201
		-40.6303 59.3564 -43.6870
		-59.9108 59.3564 -27.0000
		-68.8149 59.3564 -5.6445
		-65.8029 59.3564 16.6870
		-51.3958 59.3564 36.1333
		-28.0846 59.3564 55.9983
		-9.8695 45.7409 -36.5505
		-28.0846 45.7409 -30.2306
		-41.4263 45.7409 -18.6835
		-47.5878 45.7409 -3.9059
		-45.5036 45.7409 11.5471
		-35.5341 45.7409 25.0036
		-19.4032 45.7409 34.1366
		0.1000 40.2426 19.1010
		5.1961 40.2426 -18.6835
		-4.9961 40.2426 -18.6835
		-14.3071 40.2426 -15.4530
		-21.1270 40.2426 -9.5504
		-24.2766 40.2426 -1.9965
		-23.2112 40.2426 5.9026
		-18.1151 40.2426 12.7811
		-9.8694 40.2426 17.4496
		0.1000 37.6664 0.0000
		0.0226 281.6211 19.0837
		0.0226 281.6211 -18.6835
		0.0225 275.8611 37.3499
		0.0226 275.8611 -36.5506
		0.0225 267.9524 50.2791
		0.0226 265.3836 -52.3245
		0.0226 251.6942 63.9956
		0.0226 248.9376 -64.1115
		0.0226 227.4137 71.4674
		0.0226 225.5847 -71.9804
		0.0225 204.9883 85.6916
		0.0226 204.9883 -84.4231
		0.0226 178.3521 91.3523
		0.0226 178.3521 -89.3708
		0.0226 151.1210 91.3523
		0.0226 151.1210 -89.3708
		0.0226 125.9946 92.3076
		0.0226 124.4850 -85.4648
		0.0225 100.2728 88.0348
		0.0226 99.6080 -77.8237
		0.0226 76.8857 79.9222
		0.0226 77.5777 -66.7812
		0.0226 59.3564 60.6541
		0.0226 59.3564 -52.8201
		0.0226 45.7409 37.3544
		0.0226 45.7409 -36.5505
		0.0226 40.2426 -18.6835
		0.0098 284.1468 0.0734
		-24.6769 330.4529 3.4323
		-24.6769 324.9525 9.0825
		-19.2494 324.9525 5.1783
		-21.3225 324.9525 -1.1388
		-28.0313 324.9525 -1.1388
		-30.1044 324.9525 5.1783
		-24.6769 310.5531 12.5745
		-15.8950 310.5531 6.2574
		-19.2494 310.5531 -3.9639
		-30.1044 310.5531 -3.9639
		-33.4588 310.5531 6.2574
		-24.6769 292.7544 12.5745
		-15.8950 292.7544 6.2574
		-19.2494 292.7544 -3.9639
		-30.1044 292.7544 -3.9639
		-33.4588 292.7544 6.2574
		-24.6769 278.3548 9.0825
		-19.2494 278.3548 5.1783
		-21.3225 278.3548 -1.1388
		-28.0313 278.3548 -1.1388
		-30.1044 278.3548 5.1783
		-24.6769 272.8546 3.4323
		-84.4091 205.7719 16.2675
		-84.4960 210.4724 -21.9700
		-99.5952 210.9516 -18.0253
		-106.2840 209.4874 -2.6229
		-99.5256 207.1821 12.6388
		-83.1924 175.1866 24.4997
		-83.3328 182.7921 -37.3699
		-107.7640 183.5676 -30.9872
		-118.5867 181.1985 -6.0657
		-107.6513 177.4684 18.6283
		-84.7572 139.3665 20.1015
		-84.8977 146.9722 -41.7680
		-109.3288 147.7477 -35.3854
		-120.1515 145.3784 -10.4638
		-109.2161 141.6485 14.2302
		-88.5059 111.9937 4.7530
		-88.5927 116.6942 -33.4845
		-103.6919 117.1734 -29.5398
		-110.3808 115.7092 -14.1374
		-103.6223 113.4041 1.1243
		-93.0066 103.5235 -15.6833
		-80.3731 229.6526 -12.2280
		-87.0619 228.1884 1.2338
		-80.3035 225.8831 14.5727
		0.0255 85.2521 -62.1762
		-11.6305 124.6906 -77.3151
		-24.5880 110.6152 -71.9121
		-19.9635 93.0634 -65.1747
		0.0255 75.1228 -77.2554
		-13.3762 121.1870 -94.9377
		-28.5104 104.7468 -88.6269
		-23.1091 84.2465 -80.7576
		0.0255 64.6359 -99.1398
		-14.2436 113.9922 -118.0859
		-30.4594 96.3772 -111.3241
		-24.6720 74.4115 -102.8923
		0.0255 59.4458 -123.0575
		-12.5013 102.1897 -139.4653
		-26.5447 86.9345 -133.6094
		-21.5327 67.9118 -126.3073
		0.0255 62.6033 -143.2370
		-7.7415 87.2815 -152.7101
		-15.8494 78.4740 -149.3291
		-12.9557 67.4912 -145.1132
		-0.0073 73.2626 -154.2713
		0.0226 124.6906 -77.3151
		0.0226 121.1870 -94.9377
		0.0226 113.9922 -118.0859
		0.0226 102.1897 -139.4653
		0.0226 87.2815 -152.7101
		-11.5294 40.6025 6.6546
		-11.5294 40.6025 -6.8393
		-9.9638 33.8556 5.7507
		-9.9638 33.8556 -5.9354
		-5.6864 28.9164 3.2811
		0.1566 28.9164 6.6546
		-5.6864 28.9164 -3.4658
		0.1566 27.1087 -0.0924
		0.0226 40.6025 13.3241
		0.0225 40.6025 -13.5034
		0.0226 33.8556 11.5163
		0.0225 33.8556 -11.6957
		0.0226 28.9164 -6.7566
		3.6781 281.6211 -18.6835
		10.5810 281.6211 -15.4530
		15.6371 281.6211 -9.5504
		17.9721 281.6211 -1.9965
		17.1823 281.6211 5.9026
		13.4042 281.6211 12.7811
		7.2911 281.6211 17.4497
		7.2911 275.8611 -36.5506
		20.7953 275.8611 -30.2306
		30.6865 275.8611 -18.6835
		35.2544 275.8611 -3.9059
		33.7093 275.8611 11.5471
		26.3182 275.8611 25.0036
		14.3591 275.8611 34.1367
		10.5811 265.3836 -52.3245
		30.0963 266.6548 -43.2803
		44.3903 266.5410 -27.0001
		50.9916 266.5410 -5.6445
		48.7586 266.5410 16.6871
		38.0776 266.5410 36.1333
		20.7953 268.5365 46.5903
		14.0242 248.9376 -64.1115
		39.8304 250.5446 -52.6768
		58.7322 251.8957 -34.1365
		67.4614 251.8957 -7.1364
		64.5086 251.8957 21.0977
		50.3844 251.8957 45.6838
		27.5310 252.4336 59.3276
		17.3749 225.5847 -71.9804
		49.3030 227.4576 -58.6549
		72.6889 229.8652 -39.7811
		83.4889 229.8652 -8.3164
		79.8357 229.8652 24.5862
		62.3608 229.8652 53.2377
		34.0859 228.4874 64.6890
		18.6180 204.9883 -84.4231
		52.8174 204.9883 -70.6872
		77.8669 204.9883 -43.6870
		89.4352 204.9883 -9.1330
		85.5221 204.9883 27.0002
		66.8041 204.9883 58.4648
		36.5178 204.9883 78.1537
		20.5773 178.3521 -89.3707
		58.3566 178.3521 -73.9177
		86.0281 178.3521 -45.6836
		98.8074 178.3521 -9.5504
		94.4846 178.3521 28.2342
		73.8073 178.3521 61.1368
		40.3508 178.3521 83.4683
		20.5773 151.1210 -89.3707
		58.3566 151.1210 -73.9177
		86.0281 151.1210 -45.6836
		98.8074 151.1210 -9.5504
		94.4846 151.1210 28.2342
		73.8073 151.1210 61.1368
		40.3508 151.1210 83.4683
		20.6848 124.4850 -85.4648
		58.6605 124.4850 -70.6871
		86.4760 124.4850 -43.6870
		99.3217 124.4850 -9.1330
		94.9765 124.4850 27.0002
		74.1916 124.4850 58.4648
		40.5611 124.9453 84.8414
		20.1953 99.6080 -77.8237
		57.2766 99.6080 -64.3672
		84.4370 99.6080 -39.7811
		96.9801 99.6080 -8.3164
		92.7372 99.6080 24.5862
		72.4419 99.6080 53.2377
		39.6035 99.3174 81.2366
		18.1152 77.5777 -66.7812
		51.3958 77.5777 -55.2341
		75.7725 77.5777 -34.1365
		87.0300 77.5777 -7.1364
		83.2220 77.5777 21.0976
		65.0068 77.5777 45.6838
		35.5341 76.0659 74.0899
		14.3071 59.3564 -52.8201
		40.6303 59.3564 -43.6870
		59.9108 59.3564 -27.0000
		68.8149 59.3564 -5.6445
		65.8029 59.3564 16.6870
		51.3958 59.3564 36.1333
		28.0846 59.3564 55.9983
		9.8695 45.7409 -36.5505
		28.0846 45.7409 -30.2306
		41.4263 45.7409 -18.6835
		47.5878 45.7409 -3.9059
		45.5036 45.7409 11.5471
		35.5341 45.7409 25.0036
		19.4032 45.7409 34.1366
		14.3071 40.2426 -15.4530
		21.1270 40.2426 -9.5504
		24.2766 40.2426 -1.9965
		23.2112 40.2426 5.9026
		18.1151 40.2426 12.7811
		9.8694 40.2426 17.4496
		24.6769 330.4529 3.4323
		24.6769 324.9525 9.0825
		19.2494 324.9525 5.1783
		21.3225 324.9525 -1.1388
		28.0313 324.9525 -1.1388
		30.1044 324.9525 5.1783
		24.6769 310.5531 12.5745
		15.8950 310.5531 6.2574
		19.2494 310.5531 -3.9639
		30.1044 310.5531 -3.9639
		33.4588 310.5531 6.2574
		24.6769 292.7544 12.5745
		15.8950 292.7544 6.2574
		19.2494 292.7544 -3.9639
		30.1044 292.7544 -3.9639
		33.4588 292.7544 6.2574
		24.6769 278.3548 9.0825
		19.2494 278.3548 5.1783
		21.3225 278.3548 -1.1388
		28.0313 278.3548 -1.1388
		30.1044 278.3548 5.1783
		24.6769 272.8546 3.4323
		84.4091 205.7719 16.2675
		84.4960 210.4724 -21.9700
		99.5952 210.9516 -18.0253
		106.2840 209.4874 -2.6229
		99.5256 207.1821 12.6388
		83.1924 175.1866 24.4997
		83.3328 182.7921 -37.3699
		107.7640 183.5676 -30.9872
		118.5867 181.1985 -6.0657
		107.6513 177.4684 18.6283
		84.7572 139.3665 20.1015
		84.8977 146.9722 -41.7680
		109.3288 147.7477 -35.3854
		120.1515 145.3784 -10.4638
		109.2161 141.6485 14.2302
		88.5059 111.9937 4.7530
		88.5927 116.6942 -33.4845
		103.6919 117.1734 -29.5398
		110.3808 115.7092 -14.1374
		103.6223 113.4041 1.1243
		93.0066 103.5235 -15.6833
		80.3731 229.6526 -12.2280
		87.0619 228.1884 1.2338
		80.3035 225.8831 14.5727
		11.6305 124.6906 -77.3151
		24.5880 110.6152 -71.9121
		19.9635 93.0634 -65.1747
		13.3762 121.1870 -94.9377
		28.5104 104.7468 -88.6269
		23.1091 84.2465 -80.7576
		14.2436 113.9922 -118.0859
		30.4594 96.3772 -111.3241
		24.6720 74.4115 -102.8923
		12.5013 102.1897 -139.4653
		26.5447 86.9345 -133.6094
		21.5327 67.9118 -126.3073
		7.7415 87.2815 -152.7101
		15.8494 78.4740 -149.3291
		12.9557 67.4912 -145.1132
		11.5294 40.6025 6.6546
		11.5294 40.6025 -6.8393
		9.9638 33.8556 5.7507
		9.9638 33.8556 -5.9354
		5.6864 28.9164 3.2811
		5.6864 28.9164 -3.4658
	}
	face 708 {
		3 V(127 93 100) M(0) UV(0.67121 0.83846 0.66310 0.83846 0.67121 0.80871)
		3 V(100 99 91) M(0) UV(0.67121 0.80803 0.65522 0.78004 0.67121 0.77739)
		3 V(1 8 7) M(0) UV(0.16732 0.14048 0.19120 0.12397 0.20142 0.14580)
		3 V(1 7 0) M(0) UV(0.16732 0.14048 0.20142 0.14580 0.17254 0.15164)
		3 V(2 9 8) M(0) UV(0.15778 0.13231 0.17254 0.10799 0.19120 0.12397)
		3 V(2 8 1) M(0) UV(0.15778 0.13231 0.19120 0.12397 0.16732 0.14048)
		3 V(3 10 9) M(0) UV(0.14557 0.12854 0.14865 0.10060 0.17254 0.10799)
		3 V(3 9 2) M(0) UV(0.14557 0.12854 0.17254 0.10799 0.15778 0.13231)
		3 V(4 11 10) M(0) UV(0.13280 0.12981 0.12368 0.10310 0.14865 0.10060)
		3 V(4 10 3) M(0) UV(0.13280 0.12981 0.14865 0.10060 0.14557 0.12854)
		3 V(4 5 12) M(0) UV(0.13280 0.12981 0.12168 0.13592 0.10193 0.11505)
		3 V(4 12 11) M(0) UV(0.13280 0.12981 0.10193 0.11505 0.12368 0.10310)
		3 V(6 13 12) M(0) UV(0.11414 0.14580 0.08716 0.13438 0.10193 0.11505)
		3 V(6 12 5) M(0) UV(0.11414 0.14580 0.10193 0.11505 0.12168 0.13592)
		3 V(7 8 15) M(0) UV(0.20142 0.14580 0.19120 0.12397 0.21229 0.10894)
		3 V(7 15 14) M(0) UV(0.20142 0.14580 0.21229 0.10894 0.22691 0.14048)
		3 V(8 9 16) M(0) UV(0.19120 0.12397 0.17254 0.10799 0.18598 0.08584)
		3 V(8 16 15) M(0) UV(0.19120 0.12397 0.18598 0.08584 0.21229 0.10894)
		3 V(10 17 16) M(0) UV(0.14865 0.10060 0.15146 0.07517 0.18598 0.08584)
		3 V(10 16 9) M(0) UV(0.14865 0.10060 0.18598 0.08584 0.17254 0.10799)
		3 V(11 18 17) M(0) UV(0.12368 0.10310 0.11537 0.07878 0.15146 0.07517)
		3 V(11 17 10) M(0) UV(0.12368 0.10310 0.15146 0.07517 0.14865 0.10060)
		3 V(12 19 18) M(0) UV(0.10193 0.11505 0.08394 0.09604 0.11537 0.07878)
		3 V(12 18 11) M(0) UV(0.10193 0.11505 0.11537 0.07878 0.12368 0.10310)
		3 V(12 13 20) M(0) UV(0.10193 0.11505 0.08716 0.13438 0.06704 0.12397)
		3 V(12 20 19) M(0) UV(0.10193 0.11505 0.06704 0.12397 0.08394 0.09604)
		3 V(15 22 21) M(0) UV(0.22486 0.10894 0.25090 0.09321 0.25349 0.13492)
		3 V(15 21 14) M(0) UV(0.22486 0.10894 0.25349 0.13492 0.22691 0.14048)
		3 V(16 23 22) M(0) UV(0.18598 0.08584 0.19751 0.06266 0.22748 0.09321)
		3 V(16 22 15) M(0) UV(0.18598 0.08584 0.22748 0.09321 0.21229 0.10894)
		3 V(17 24 23) M(0) UV(0.15146 0.07517 0.15387 0.04855 0.19751 0.06266)
		3 V(17 23 16) M(0) UV(0.15146 0.07517 0.19751 0.06266 0.18598 0.08584)
		3 V(17 18 25) M(0) UV(0.15146 0.07517 0.11537 0.07878 0.10824 0.05332)
		3 V(17 25 24) M(0) UV(0.15146 0.07517 0.10824 0.05332 0.15387 0.04855)
		3 V(18 19 26) M(0) UV(0.11537 0.07878 0.08394 0.09604 0.06850 0.07615)
		3 V(18 26 25) M(0) UV(0.11537 0.07878 0.06850 0.07615 0.10824 0.05332)
		3 V(19 20 27) M(0) UV(0.23598 0.63592 0.23531 0.66856 0.21204 0.66943)
		3 V(19 27 26) M(0) UV(0.23598 0.63592 0.21204 0.66943 0.21267 0.62641)
		3 V(22 29 28) M(0) UV(0.25090 0.09321 0.28821 0.07790 0.29124 0.12950)
		3 V(22 28 21) M(0) UV(0.25090 0.09321 0.29124 0.12950 0.25349 0.13492)
		3 V(23 30 29) M(0) UV(0.24871 0.06266 0.28432 0.04010 0.28821 0.07790)
		3 V(23 29 22) M(0) UV(0.24871 0.06266 0.28821 0.07790 0.25090 0.09321)
		3 V(24 31 30) M(0) UV(0.24871 0.81979 0.28432 0.82169 0.28432 0.87255)
		3 V(24 30 23) M(0) UV(0.24871 0.81979 0.28432 0.87255 0.24871 0.86343)
		3 V(24 25 32) M(0) UV(0.24871 0.81979 0.24871 0.77415 0.28432 0.76851)
		3 V(24 32 31) M(0) UV(0.24871 0.81979 0.28432 0.76851 0.28432 0.82169)
		3 V(25 26 33) M(0) UV(0.24871 0.77415 0.24871 0.73441 0.28432 0.72220)
		3 V(25 33 32) M(0) UV(0.24871 0.77415 0.28432 0.72220 0.28432 0.76851)
		3 V(26 27 34) M(0) UV(0.24171 0.67219 0.24754 0.63616 0.28685 0.64523)
		3 V(26 34 33) M(0) UV(0.24171 0.67219 0.28685 0.64523 0.28432 0.69063)
		3 V(28 29 36) M(0) UV(0.29124 0.12950 0.28821 0.07790 0.32453 0.07222)
		3 V(28 36 35) M(0) UV(0.29124 0.12950 0.32453 0.07222 0.32453 0.12749)
		3 V(29 30 37) M(0) UV(0.28821 0.07790 0.28432 0.04010 0.32453 0.03173)
		3 V(29 37 36) M(0) UV(0.28821 0.07790 0.32453 0.03173 0.32453 0.07222)
		3 V(30 31 38) M(0) UV(0.28432 0.87255 0.28432 0.82169 0.32453 0.82301)
		3 V(30 38 37) M(0) UV(0.28432 0.87255 0.32453 0.82301 0.32453 0.87886)
		3 V(32 39 38) M(0) UV(0.28432 0.76851 0.32453 0.76461 0.32453 0.82301)
		3 V(32 38 31) M(0) UV(0.28432 0.76851 0.32453 0.82301 0.28432 0.82169)
		3 V(33 40 39) M(0) UV(0.28432 0.72220 0.32453 0.71375 0.32453 0.76461)
		3 V(33 39 32) M(0) UV(0.28432 0.72220 0.32453 0.76461 0.28432 0.76851)
		3 V(34 41 40) M(0) UV(0.28655 0.64523 0.32453 0.64916 0.32453 0.69812)
		3 V(34 40 33) M(0) UV(0.28655 0.64523 0.32453 0.69812 0.28432 0.69093)
		3 V(36 43 42) M(0) UV(0.32453 0.07222 0.36758 0.06326 0.36758 0.12433)
		3 V(36 42 35) M(0) UV(0.32453 0.07222 0.36758 0.12433 0.32453 0.12749)
		3 V(37 44 43) M(0) UV(0.32453 0.87886 0.36758 0.88209 0.36758 0.92773)
		3 V(37 43 36) M(0) UV(0.32453 0.87886 0.36758 0.92773 0.32453 0.92250)
		3 V(38 45 44) M(0) UV(0.32453 0.82301 0.36758 0.82369 0.36758 0.88209)
		3 V(38 44 37) M(0) UV(0.32453 0.82301 0.36758 0.88209 0.32453 0.87886)
		3 V(38 39 46) M(0) UV(0.32453 0.82301 0.32453 0.76461 0.36758 0.76262)
		3 V(38 46 45) M(0) UV(0.32453 0.82301 0.36758 0.76262 0.36758 0.82369)
		3 V(39 40 47) M(0) UV(0.32453 0.76461 0.32453 0.71375 0.36758 0.70944)
		3 V(39 47 46) M(0) UV(0.32453 0.76461 0.36758 0.70944 0.36758 0.76262)
		3 V(40 41 48) M(0) UV(0.32453 0.69812 0.32453 0.64916 0.36758 0.65536)
		3 V(40 48 47) M(0) UV(0.32453 0.69812 0.36758 0.65536 0.36758 0.70944)
		3 V(43 50 49) M(0) UV(0.36758 0.06326 0.41160 0.06326 0.41160 0.12433)
		3 V(43 49 42) M(0) UV(0.36758 0.06326 0.41160 0.12433 0.36758 0.12433)
		3 V(44 51 50) M(0) UV(0.36758 0.88209 0.41160 0.88209 0.41160 0.92773)
		3 V(44 50 43) M(0) UV(0.36758 0.88209 0.41160 0.92773 0.36758 0.92773)
		3 V(45 52 51) M(0) UV(0.36758 0.82369 0.41160 0.82369 0.41160 0.88209)
		3 V(45 51 44) M(0) UV(0.36758 0.82369 0.41160 0.88209 0.36758 0.88209)
		3 V(46 53 52) M(0) UV(0.36758 0.76262 0.41160 0.76262 0.41160 0.82369)
		3 V(46 52 45) M(0) UV(0.36758 0.76262 0.41160 0.82369 0.36758 0.82369)
		3 V(47 54 53) M(0) UV(0.36758 0.70944 0.41160 0.70944 0.41160 0.76262)
		3 V(47 53 46) M(0) UV(0.36758 0.70944 0.41160 0.76262 0.36758 0.76262)
		3 V(48 55 54) M(0) UV(0.36758 0.65536 0.41160 0.65536 0.41160 0.70944)
		3 V(48 54 47) M(0) UV(0.36758 0.65536 0.41160 0.70944 0.36758 0.70944)
		3 V(50 57 56) M(0) UV(0.41160 0.06326 0.45465 0.06277 0.45465 0.12415)
		3 V(50 56 49) M(0) UV(0.41160 0.06326 0.45465 0.12415 0.41160 0.12433)
		3 V(51 58 57) M(0) UV(0.41160 0.01854 0.45465 0.01781 0.45465 0.06277)
		3 V(51 57 50) M(0) UV(0.41160 0.01854 0.45465 0.06277 0.41160 0.06326)
		3 V(52 59 58) M(0) UV(0.41160 0.82369 0.45465 0.82301 0.45465 0.87886)
		3 V(52 58 51) M(0) UV(0.41160 0.82369 0.45465 0.87886 0.41160 0.88209)
		3 V(52 53 60) M(0) UV(0.41160 0.82369 0.41160 0.76262 0.45465 0.76461)
		3 V(52 60 59) M(0) UV(0.41160 0.82369 0.45465 0.76461 0.45465 0.82301)
		3 V(53 54 61) M(0) UV(0.41160 0.76262 0.41160 0.70944 0.45465 0.71375)
		3 V(53 61 60) M(0) UV(0.41160 0.76262 0.45465 0.71375 0.45465 0.76461)
		3 V(54 55 62) M(0) UV(0.41160 0.70944 0.41160 0.65536 0.45390 0.65570)
		3 V(54 62 61) M(0) UV(0.41160 0.70944 0.45390 0.65570 0.45465 0.71006)
		3 V(57 64 63) M(0) UV(0.45465 0.06277 0.49486 0.06501 0.49486 0.12494)
		3 V(57 63 56) M(0) UV(0.45465 0.06277 0.49486 0.12494 0.45465 0.12415)
		3 V(58 65 64) M(0) UV(0.45465 0.01781 0.49486 0.02111 0.49486 0.06501)
		3 V(58 64 57) M(0) UV(0.45465 0.01781 0.49486 0.06501 0.45465 0.06277)
		3 V(59 66 65) M(0) UV(0.45465 0.82301 0.49486 0.82169 0.49486 0.87255)
		3 V(59 65 58) M(0) UV(0.45465 0.82301 0.49486 0.87255 0.45465 0.87886)
		3 V(59 60 67) M(0) UV(0.45465 0.82301 0.45465 0.76461 0.49486 0.76851)
		3 V(59 67 66) M(0) UV(0.45465 0.82301 0.49486 0.76851 0.49486 0.82169)
		3 V(60 61 68) M(0) UV(0.45465 0.76461 0.45465 0.71375 0.49486 0.72220)
		3 V(60 68 67) M(0) UV(0.45465 0.76461 0.49486 0.72220 0.49486 0.76851)
		3 V(61 62 69) M(0) UV(0.45465 0.71006 0.45390 0.65570 0.49533 0.65415)
		3 V(61 69 68) M(0) UV(0.45465 0.71006 0.49533 0.65415 0.49486 0.70723)
		3 V(63 64 71) M(0) UV(0.49486 0.12494 0.49486 0.06501 0.53047 0.07451)
		3 V(63 71 70) M(0) UV(0.49486 0.12494 0.53047 0.07451 0.53047 0.12831)
		3 V(64 65 72) M(0) UV(0.49486 0.06501 0.49486 0.02111 0.53047 0.03511)
		3 V(64 72 71) M(0) UV(0.49486 0.06501 0.53047 0.03511 0.53047 0.07451)
		3 V(65 66 73) M(0) UV(0.49486 0.87255 0.49486 0.82169 0.53046 0.81979)
		3 V(65 73 72) M(0) UV(0.49486 0.87255 0.53046 0.81979 0.53046 0.86343)
		3 V(67 74 73) M(0) UV(0.49486 0.76851 0.53046 0.77415 0.53046 0.81979)
		3 V(67 73 66) M(0) UV(0.49486 0.76851 0.53046 0.81979 0.49486 0.82169)
		3 V(68 75 74) M(0) UV(0.49486 0.72220 0.53046 0.73441 0.53046 0.77415)
		3 V(68 74 67) M(0) UV(0.49486 0.72220 0.53046 0.77415 0.49486 0.76851)
		3 V(68 69 76) M(0) UV(0.49486 0.70723 0.49533 0.65415 0.53291 0.64757)
		3 V(68 76 75) M(0) UV(0.49486 0.70723 0.53291 0.64757 0.53047 0.69521)
		3 V(71 78 77) M(0) UV(0.53047 0.07451 0.55992 0.09191 0.55992 0.13446)
		3 V(71 77 70) M(0) UV(0.53047 0.07451 0.55992 0.13446 0.53047 0.12831)
		3 V(72 79 78) M(0) UV(0.54867 0.86344 0.57431 0.85190 0.60548 0.87889)
		3 V(72 78 71) M(0) UV(0.54867 0.86344 0.60548 0.87889 0.58808 0.89756)
		3 V(72 73 80) M(0) UV(0.54867 0.86344 0.53046 0.81979 0.55992 0.81738)
		3 V(72 80 79) M(0) UV(0.54867 0.86344 0.55992 0.81738 0.57431 0.85190)
		3 V(74 81 80) M(0) UV(0.53046 0.77415 0.55992 0.78128 0.55992 0.81738)
		3 V(74 80 73) M(0) UV(0.53046 0.77415 0.55992 0.81738 0.53046 0.81979)
		3 V(75 82 81) M(0) UV(0.56608 0.73439 0.58808 0.74983 0.56479 0.78127)
		3 V(75 81 74) M(0) UV(0.56608 0.73439 0.56479 0.78127 0.53662 0.77414)
		3 V(75 76 83) M(0) UV(0.56608 0.73439 0.61373 0.68846 0.62577 0.71771)
		3 V(75 83 82) M(0) UV(0.56608 0.73439 0.62577 0.71771 0.58808 0.74983)
		3 V(78 85 84) M(0) UV(0.60548 0.87889 0.62577 0.85713 0.65522 0.86735)
		3 V(78 84 77) M(0) UV(0.60548 0.87889 0.65522 0.86735 0.64804 0.89365)
		3 V(79 86 85) M(0) UV(0.57431 0.85190 0.60420 0.83846 0.62577 0.85713)
		3 V(79 85 78) M(0) UV(0.57431 0.85190 0.62577 0.85713 0.60548 0.87889)
		3 V(80 87 86) M(0) UV(0.55992 0.81738 0.59424 0.81457 0.60420 0.83846)
		3 V(80 86 79) M(0) UV(0.55992 0.81738 0.60420 0.83846 0.57431 0.85190)
		3 V(81 88 87) M(0) UV(0.56479 0.78127 0.59761 0.78958 0.59424 0.81457)
		3 V(81 87 80) M(0) UV(0.56479 0.78127 0.59424 0.81457 0.55992 0.81738)
		3 V(82 89 88) M(0) UV(0.58808 0.74983 0.61373 0.76782 0.59761 0.78958)
		3 V(82 88 81) M(0) UV(0.58808 0.74983 0.59761 0.78958 0.56479 0.78127)
		3 V(83 90 89) M(0) UV(0.62577 0.71771 0.63981 0.75306 0.61373 0.76782)
		3 V(83 89 82) M(0) UV(0.62577 0.71771 0.61373 0.76782 0.58808 0.74983)
		3 V(85 94 93) M(0) UV(0.62577 0.85713 0.64805 0.83324 0.66310 0.83846)
		3 V(85 93 84) M(0) UV(0.62577 0.85713 0.66310 0.83846 0.65522 0.86735)
		3 V(85 86 95) M(0) UV(0.62577 0.85713 0.60420 0.83846 0.63702 0.82369)
		3 V(85 95 94) M(0) UV(0.62577 0.85713 0.63702 0.82369 0.64805 0.83324)
		3 V(86 87 96) M(0) UV(0.60420 0.83846 0.59424 0.81457 0.63193 0.81148)
		3 V(86 96 95) M(0) UV(0.60420 0.83846 0.63193 0.81148 0.63702 0.82369)
		3 V(88 97 96) M(0) UV(0.59761 0.78958 0.63365 0.79871 0.63193 0.81148)
		3 V(88 96 87) M(0) UV(0.59761 0.78958 0.63193 0.81148 0.59424 0.81457)
		3 V(89 98 97) M(0) UV(0.61373 0.76782 0.64189 0.78759 0.63365 0.79871)
		3 V(89 97 88) M(0) UV(0.61373 0.76782 0.63365 0.79871 0.59761 0.78958)
		3 V(90 99 98) M(0) UV(0.63981 0.75306 0.65522 0.78004 0.64189 0.78759)
		3 V(90 98 89) M(0) UV(0.63981 0.75306 0.64189 0.78759 0.61373 0.76782)
		3 V(0 7 104) M(0) UV(0.17254 0.15164 0.20142 0.14580 0.20142 0.15762)
		3 V(0 104 102) M(0) UV(0.17254 0.15164 0.20142 0.15762 0.17254 0.15762)
		3 V(13 6 101) M(0) UV(0.08716 0.13438 0.11414 0.14580 0.11150 0.15762)
		3 V(13 101 103) M(0) UV(0.08716 0.13438 0.11150 0.15762 0.08197 0.15762)
		3 V(7 14 106) M(0) UV(0.20142 0.14580 0.22691 0.14048 0.22691 0.15762)
		3 V(7 106 104) M(0) UV(0.20142 0.14580 0.22691 0.15762 0.20142 0.15762)
		3 V(105 20 13) M(0) UV(0.06107 0.15762 0.06704 0.12397 0.08716 0.13438)
		3 V(105 13 103) M(0) UV(0.06107 0.15762 0.08716 0.13438 0.08197 0.15762)
		3 V(14 21 108) M(0) UV(0.22691 0.14048 0.25349 0.13492 0.25349 0.15762)
		3 V(14 108 106) M(0) UV(0.22691 0.14048 0.25349 0.15762 0.22691 0.15762)
		3 V(107 27 20) M(0) UV(0.24904 0.59101 0.24784 0.63464 0.22182 0.62375)
		3 V(107 20 105) M(0) UV(0.24904 0.59101 0.22182 0.62375 0.22276 0.59101)
		3 V(21 28 110) M(0) UV(0.25349 0.13492 0.29124 0.12950 0.29124 0.15762)
		3 V(21 110 108) M(0) UV(0.25349 0.13492 0.29124 0.15762 0.25349 0.15762)
		3 V(109 34 27) M(0) UV(0.28829 0.59101 0.28655 0.64523 0.24784 0.63464)
		3 V(109 27 107) M(0) UV(0.28829 0.59101 0.24784 0.63464 0.24904 0.59101)
		3 V(28 35 112) M(0) UV(0.29124 0.12950 0.32453 0.12749 0.32453 0.15762)
		3 V(28 112 110) M(0) UV(0.29124 0.12950 0.32453 0.15762 0.29124 0.15762)
		3 V(41 34 109) M(0) UV(0.32453 0.64916 0.28655 0.64523 0.28829 0.59101)
		3 V(41 109 111) M(0) UV(0.32453 0.64916 0.28829 0.59101 0.32453 0.59101)
		3 V(35 42 114) M(0) UV(0.32453 0.12749 0.36758 0.12433 0.36758 0.15762)
		3 V(35 114 112) M(0) UV(0.32453 0.12749 0.36758 0.15762 0.32453 0.15762)
		3 V(113 48 41) M(0) UV(0.36758 0.59101 0.36758 0.65536 0.32453 0.64916)
		3 V(113 41 111) M(0) UV(0.36758 0.59101 0.32453 0.64916 0.32453 0.59101)
		3 V(42 49 116) M(0) UV(0.36758 0.12433 0.41160 0.12433 0.41160 0.15762)
		3 V(42 116 114) M(0) UV(0.36758 0.12433 0.41160 0.15762 0.36758 0.15762)
		3 V(55 48 113) M(0) UV(0.41160 0.65536 0.36758 0.65536 0.36758 0.59101)
		3 V(55 113 115) M(0) UV(0.41160 0.65536 0.36758 0.59101 0.41160 0.59101)
		3 V(49 56 118) M(0) UV(0.41160 0.12433 0.45465 0.12415 0.45465 0.15762)
		3 V(49 118 116) M(0) UV(0.41160 0.12433 0.45465 0.15762 0.41160 0.15762)
		3 V(117 62 55) M(0) UV(0.45220 0.59101 0.45390 0.65570 0.41160 0.65536)
		3 V(117 55 115) M(0) UV(0.45220 0.59101 0.41160 0.65536 0.41160 0.59101)
		3 V(56 63 120) M(0) UV(0.45465 0.12415 0.49486 0.12494 0.49486 0.15762)
		3 V(56 120 118) M(0) UV(0.45465 0.12415 0.49486 0.15762 0.45465 0.15762)
		3 V(119 69 62) M(0) UV(0.49378 0.59101 0.49533 0.65415 0.45390 0.65570)
		3 V(119 62 117) M(0) UV(0.49378 0.59101 0.45390 0.65570 0.45220 0.59101)
		3 V(63 70 122) M(0) UV(0.49486 0.12494 0.53047 0.12831 0.53047 0.15762)
		3 V(63 122 120) M(0) UV(0.49486 0.12494 0.53047 0.15762 0.49486 0.15762)
		3 V(76 69 119) M(0) UV(0.53291 0.64757 0.49533 0.65415 0.49378 0.59101)
		3 V(76 119 121) M(0) UV(0.53291 0.64757 0.49378 0.59101 0.53158 0.59101)
		3 V(70 77 124) M(0) UV(0.53047 0.12831 0.55992 0.13446 0.55992 0.15762)
		3 V(70 124 122) M(0) UV(0.53047 0.12831 0.55992 0.15762 0.53047 0.15762)
		3 V(83 76 121) M(0) UV(0.62577 0.71771 0.61373 0.68846 0.67121 0.67903)
		3 V(83 121 123) M(0) UV(0.62577 0.71771 0.67121 0.67903 0.67121 0.71018)
		3 V(77 84 126) M(0) UV(0.64804 0.89365 0.65522 0.86735 0.67121 0.86735)
		3 V(77 126 124) M(0) UV(0.64804 0.89365 0.67121 0.86735 0.67121 0.89366)
		3 V(90 83 123) M(0) UV(0.63981 0.75306 0.62577 0.71771 0.67121 0.71018)
		3 V(90 123 125) M(0) UV(0.63981 0.75306 0.67121 0.71018 0.67121 0.74786)
		3 V(84 93 127) M(0) UV(0.65522 0.86735 0.66310 0.83846 0.67121 0.83846)
		3 V(84 127 126) M(0) UV(0.65522 0.86735 0.67121 0.83846 0.67121 0.86735)
		3 V(99 90 125) M(0) UV(0.65522 0.78004 0.63981 0.75306 0.67121 0.74786)
		3 V(99 125 91) M(0) UV(0.65522 0.78004 0.67121 0.74786 0.67121 0.77739)
		3 V(100 92 127) M(0) UV(0.67121 0.80871 0.67958 0.83846 0.67121 0.83846)
		3 V(100 93 94) M(0) UV(0.67121 0.80871 0.66310 0.83846 0.64805 0.83324)
		3 V(100 94 100) M(0) UV(0.67121 0.80871 0.64805 0.83324 0.67121 0.80838)
		3 V(100 94 95) M(0) UV(0.67121 0.80838 0.64805 0.83324 0.63702 0.82369)
		3 V(100 95 100) M(0) UV(0.67121 0.80838 0.63702 0.82369 0.67121 0.80831)
		3 V(95 96 100) M(0) UV(0.63702 0.82369 0.63193 0.81148 0.67121 0.80826)
		3 V(96 97 100) M(0) UV(0.63193 0.81148 0.63365 0.79871 0.67121 0.80822)
		3 V(97 98 100) M(0) UV(0.63365 0.79871 0.64189 0.78759 0.67121 0.80816)
		3 V(98 99 100) M(0) UV(0.64189 0.78759 0.65522 0.78004 0.67121 0.80803)
		3 V(0 102 128) M(0) UV(0.17254 0.15164 0.17254 0.15762 0.14222 0.15762)
		3 V(0 128 1) M(0) UV(0.17254 0.15164 0.14222 0.15762 0.16732 0.14048)
		3 V(128 2 1) M(0) UV(0.14222 0.15762 0.15778 0.13231 0.16732 0.14048)
		3 V(3 2 128) M(0) UV(0.14557 0.12854 0.15778 0.13231 0.14222 0.15762)
		3 V(128 4 3) M(0) UV(0.14222 0.15762 0.13280 0.12981 0.14557 0.12854)
		3 V(128 101 6) M(0) UV(0.14222 0.15762 0.11150 0.15762 0.11414 0.14580)
		3 V(6 5 128) M(0) UV(0.11414 0.14580 0.12168 0.13592 0.14222 0.15762)
		3 V(128 5 4) M(0) UV(0.14222 0.15762 0.12168 0.13592 0.13280 0.12981)
		3 V(129 131 130) M(0) UV(0.81457 0.27809 0.83088 0.29483 0.81416 0.29487)
		3 V(129 132 131) M(0) UV(0.81457 0.27809 0.82503 0.29476 0.83088 0.29483)
		3 V(129 133 132) M(0) UV(0.81457 0.27809 0.80473 0.29476 0.82503 0.29476)
		3 V(129 134 133) M(0) UV(0.81457 0.27809 0.79798 0.29482 0.80473 0.29476)
		3 V(129 130 134) M(0) UV(0.81457 0.27809 0.81416 0.29487 0.79798 0.29482)
		3 V(145 146 150) M(0) UV(0.81403 0.43655 0.83074 0.43637 0.81442 0.45296)
		3 V(146 147 150) M(0) UV(0.83074 0.43637 0.82489 0.43607 0.81442 0.45296)
		3 V(147 148 150) M(0) UV(0.82489 0.43607 0.80461 0.43606 0.81442 0.45296)
		3 V(148 149 150) M(0) UV(0.80461 0.43606 0.79787 0.43635 0.81442 0.45296)
		3 V(149 145 150) M(0) UV(0.79787 0.43635 0.81403 0.43655 0.81442 0.45296)
		3 V(131 136 135) M(0) UV(0.83088 0.29483 0.84094 0.33862 0.81387 0.33876)
		3 V(131 135 130) M(0) UV(0.83088 0.29483 0.81387 0.33876 0.81416 0.29487)
		3 V(132 137 136) M(0) UV(0.82503 0.29476 0.83145 0.33839 0.84094 0.33862)
		3 V(132 136 131) M(0) UV(0.82503 0.29476 0.84094 0.33862 0.83088 0.29483)
		3 V(133 138 137) M(0) UV(0.80473 0.29476 0.79863 0.33839 0.83145 0.33839)
		3 V(133 137 132) M(0) UV(0.80473 0.29476 0.83145 0.33839 0.82503 0.29476)
		3 V(134 139 138) M(0) UV(0.79798 0.29482 0.78770 0.33861 0.79863 0.33839)
		3 V(134 138 133) M(0) UV(0.79798 0.29482 0.79863 0.33839 0.80473 0.29476)
		3 V(130 135 139) M(0) UV(0.81416 0.29487 0.81387 0.33876 0.78770 0.33861)
		3 V(130 139 134) M(0) UV(0.81416 0.29487 0.78770 0.33861 0.79798 0.29482)
		3 V(136 141 140) M(0) UV(0.84094 0.33862 0.84088 0.39270 0.81382 0.39292)
		3 V(136 140 135) M(0) UV(0.84094 0.33862 0.81382 0.39292 0.81387 0.33876)
		3 V(137 142 141) M(0) UV(0.83145 0.33839 0.83139 0.39233 0.84088 0.39270)
		3 V(137 141 136) M(0) UV(0.83145 0.33839 0.84088 0.39270 0.84094 0.33862)
		3 V(138 143 142) M(0) UV(0.79863 0.33839 0.79859 0.39232 0.83139 0.39233)
		3 V(138 142 137) M(0) UV(0.79863 0.33839 0.83139 0.39233 0.83145 0.33839)
		3 V(139 144 143) M(0) UV(0.78770 0.33861 0.78766 0.39268 0.79859 0.39232)
		3 V(139 143 138) M(0) UV(0.78770 0.33861 0.79859 0.39232 0.79863 0.33839)
		3 V(135 140 144) M(0) UV(0.81387 0.33876 0.81382 0.39292 0.78766 0.39268)
		3 V(135 144 139) M(0) UV(0.81387 0.33876 0.78766 0.39268 0.78770 0.33861)
		3 V(141 146 145) M(0) UV(0.84088 0.39270 0.83074 0.43637 0.81403 0.43655)
		3 V(141 145 140) M(0) UV(0.84088 0.39270 0.81403 0.43655 0.81382 0.39292)
		3 V(142 147 146) M(0) UV(0.83139 0.39233 0.82489 0.43607 0.83074 0.43637)
		3 V(142 146 141) M(0) UV(0.83139 0.39233 0.83074 0.43637 0.84088 0.39270)
		3 V(143 148 147) M(0) UV(0.79859 0.39232 0.80461 0.43606 0.82489 0.43607)
		3 V(143 147 142) M(0) UV(0.79859 0.39232 0.82489 0.43607 0.83139 0.39233)
		3 V(144 149 148) M(0) UV(0.78766 0.39268 0.79787 0.43635 0.80461 0.43606)
		3 V(144 148 143) M(0) UV(0.78766 0.39268 0.80461 0.43606 0.79859 0.39232)
		3 V(140 145 149) M(0) UV(0.81382 0.39292 0.81403 0.43655 0.79787 0.43635)
		3 V(140 149 144) M(0) UV(0.81382 0.39292 0.79787 0.43635 0.78766 0.39268)
		3 V(167 168 171) M(0) UV(0.37636 0.41029 0.32624 0.40862 0.36047 0.45352)
		3 V(168 169 171) M(0) UV(0.32624 0.40862 0.30278 0.41312 0.36047 0.45352)
		3 V(169 170 171) M(0) UV(0.30278 0.41312 0.32387 0.42046 0.36047 0.45352)
		3 V(170 166 171) M(0) UV(0.32387 0.42046 0.37390 0.42509 0.36047 0.45352)
		3 V(174 173 172) M(0) UV(0.40057 0.04465 0.37896 0.03855 0.40209 0.03530)
		3 V(155 154 173) M(0) UV(0.33656 0.10729 0.31535 0.10117 0.37896 0.03855)
		3 V(174 151 155) M(0) UV(0.40057 0.04465 0.38675 0.11163 0.33656 0.10729)
		3 V(173 174 155) M(0) UV(0.37896 0.03855 0.40057 0.04465 0.33656 0.10729)
		3 V(152 172 153) M(0) UV(0.38909 0.09989 0.40209 0.03530 0.33883 0.09790)
		3 V(172 173 153) M(0) UV(0.40209 0.03530 0.37896 0.03855 0.33883 0.09790)
		3 V(154 153 173) M(0) UV(0.31535 0.10117 0.33883 0.09790 0.37896 0.03855)
		3 V(153 158 157) M(0) UV(0.33883 0.09790 0.31293 0.18959 0.39397 0.19265)
		3 V(153 157 152) M(0) UV(0.33883 0.09790 0.39397 0.19265 0.38909 0.09989)
		3 V(153 154 159) M(0) UV(0.33883 0.09790 0.31535 0.10117 0.27479 0.19547)
		3 V(153 159 158) M(0) UV(0.33883 0.09790 0.27479 0.19547 0.31293 0.18959)
		3 V(155 160 159) M(0) UV(0.33656 0.10729 0.30890 0.20599 0.27479 0.19547)
		3 V(155 159 154) M(0) UV(0.33656 0.10729 0.27479 0.19547 0.31535 0.10117)
		3 V(151 156 160) M(0) UV(0.38675 0.11163 0.39025 0.21318 0.30890 0.20599)
		3 V(151 160 155) M(0) UV(0.38675 0.11163 0.30890 0.20599 0.33656 0.10729)
		3 V(158 163 162) M(0) UV(0.31293 0.18959 0.30816 0.30799 0.38911 0.31085)
		3 V(158 162 157) M(0) UV(0.31293 0.18959 0.38911 0.31085 0.39397 0.19265)
		3 V(159 164 163) M(0) UV(0.27479 0.19547 0.27003 0.31463 0.30816 0.30799)
		3 V(159 163 158) M(0) UV(0.27479 0.19547 0.30816 0.30799 0.31293 0.18959)
		3 V(160 165 164) M(0) UV(0.30890 0.20599 0.30407 0.32591 0.27003 0.31463)
		3 V(160 164 159) M(0) UV(0.30890 0.20599 0.27003 0.31463 0.27479 0.19547)
		3 V(156 161 165) M(0) UV(0.39025 0.21318 0.38532 0.33327 0.30407 0.32591)
		3 V(156 165 160) M(0) UV(0.39025 0.21318 0.30407 0.32591 0.30890 0.20599)
		3 V(163 168 167) M(0) UV(0.30816 0.30799 0.32624 0.40862 0.37636 0.41029)
		3 V(163 167 162) M(0) UV(0.30816 0.30799 0.37636 0.41029 0.38911 0.31085)
		3 V(164 169 168) M(0) UV(0.27003 0.31463 0.30278 0.41312 0.32624 0.40862)
		3 V(164 168 163) M(0) UV(0.27003 0.31463 0.32624 0.40862 0.30816 0.30799)
		3 V(165 170 169) M(0) UV(0.30407 0.32591 0.32387 0.42046 0.30278 0.41312)
		3 V(165 169 164) M(0) UV(0.30407 0.32591 0.30278 0.41312 0.27003 0.31463)
		3 V(161 166 170) M(0) UV(0.38532 0.33327 0.37390 0.42509 0.32387 0.42046)
		3 V(161 170 165) M(0) UV(0.38532 0.33327 0.32387 0.42046 0.30407 0.32591)
		3 V(192 193 195) M(0) UV(0.92958 0.39589 0.95949 0.38024 0.96302 0.42383)
		3 V(193 194 195) M(0) UV(0.95949 0.38024 0.98729 0.39613 0.96302 0.42383)
		3 V(194 191 195) M(0) UV(0.93434 0.59550 0.92411 0.56706 0.94542 0.56296)
		3 V(192 195 200) M(0) UV(0.92958 0.39589 0.96302 0.42383 0.92391 0.41704)
		3 V(177 181 180) M(0) UV(0.76608 0.26044 0.80437 0.28185 0.78419 0.32052)
		3 V(177 180 176) M(0) UV(0.76608 0.26044 0.78419 0.32052 0.74880 0.29354)
		3 V(178 182 181) M(0) UV(0.78762 0.21916 0.82953 0.23364 0.80437 0.28185)
		3 V(178 181 177) M(0) UV(0.78762 0.21916 0.80437 0.28185 0.76608 0.26044)
		3 V(178 175 179) M(0) UV(0.73753 0.65079 0.72118 0.60533 0.75893 0.59821)
		3 V(178 179 182) M(0) UV(0.73753 0.65079 0.75893 0.59821 0.77802 0.65131)
		3 V(181 185 184) M(0) UV(0.80437 0.28185 0.85711 0.31027 0.83549 0.35170)
		3 V(181 184 180) M(0) UV(0.80437 0.28185 0.83549 0.35170 0.78419 0.32052)
		3 V(182 186 185) M(0) UV(0.82953 0.23364 0.88408 0.25861 0.85711 0.31027)
		3 V(182 185 181) M(0) UV(0.82953 0.23364 0.85711 0.31027 0.80437 0.28185)
		3 V(182 179 183) M(0) UV(0.77802 0.65131 0.75893 0.59821 0.81371 0.58788)
		3 V(182 183 186) M(0) UV(0.77802 0.65131 0.81371 0.58788 0.83417 0.64477)
		3 V(185 189 188) M(0) UV(0.85711 0.31027 0.91118 0.33617 0.89245 0.37205)
		3 V(185 188 184) M(0) UV(0.85711 0.31027 0.89245 0.37205 0.83549 0.35170)
		3 V(186 190 189) M(0) UV(0.88408 0.25861 0.93452 0.29143 0.91118 0.33617)
		3 V(186 189 185) M(0) UV(0.88408 0.25861 0.91118 0.33617 0.85711 0.31027)
		3 V(183 187 190) M(0) UV(0.81371 0.58788 0.87359 0.57658 0.89131 0.62585)
		3 V(183 190 186) M(0) UV(0.81371 0.58788 0.89131 0.62585 0.83417 0.64477)
		3 V(189 193 192) M(0) UV(0.91118 0.33617 0.95265 0.35149 0.94184 0.37220)
		3 V(189 192 188) M(0) UV(0.91118 0.33617 0.94184 0.37220 0.89245 0.37205)
		3 V(189 190 194) M(0) UV(0.91118 0.33617 0.93452 0.29143 0.96613 0.32566)
		3 V(189 194 193) M(0) UV(0.91118 0.33617 0.96613 0.32566 0.95265 0.35149)
		3 V(187 191 194) M(0) UV(0.87359 0.57658 0.92411 0.56706 0.93434 0.59550)
		3 V(187 194 190) M(0) UV(0.87359 0.57658 0.93434 0.59550 0.89131 0.62585)
		3 V(176 180 197) M(0) UV(0.72254 0.32907 0.77181 0.33717 0.76203 0.37366)
		3 V(176 197 196) M(0) UV(0.72254 0.32907 0.76203 0.37366 0.71404 0.36081)
		3 V(180 184 198) M(0) UV(0.77181 0.33717 0.83549 0.35170 0.82508 0.39056)
		3 V(180 198 197) M(0) UV(0.77181 0.33717 0.82508 0.39056 0.76203 0.37366)
		3 V(184 188 199) M(0) UV(0.83549 0.35170 0.89245 0.37205 0.88331 0.40616)
		3 V(184 199 198) M(0) UV(0.83549 0.35170 0.88331 0.40616 0.82508 0.39056)
		3 V(188 192 200) M(0) UV(0.89245 0.37205 0.92958 0.39589 0.92391 0.41704)
		3 V(188 200 199) M(0) UV(0.89245 0.37205 0.92391 0.41704 0.88331 0.40616)
		3 V(208 205 206) M(0) UV(0.88670 0.65585 0.91560 0.63916 0.91560 0.67254)
		3 V(213 207 208) M(0) UV(0.91535 0.78406 0.91537 0.81695 0.88687 0.80050)
		3 V(201 203 204) M(0) UV(0.97141 0.76289 0.94268 0.75818 0.94268 0.69727)
		3 V(201 204 202) M(0) UV(0.97141 0.76289 0.94268 0.69727 0.97141 0.69256)
		3 V(203 205 207) M(0) UV(0.94268 0.75818 0.91690 0.74642 0.91690 0.70934)
		3 V(203 207 204) M(0) UV(0.94268 0.75818 0.91690 0.70934 0.94268 0.69727)
		3 V(203 201 209) M(0) UV(0.94148 0.76895 0.97077 0.76395 0.97077 0.83428)
		3 V(203 209 211) M(0) UV(0.94148 0.76895 0.97077 0.83428 0.94148 0.82975)
		3 V(205 203 211) M(0) UV(0.91549 0.78230 0.94148 0.76895 0.94148 0.82975)
		3 V(205 211 206) M(0) UV(0.91549 0.78230 0.94148 0.82975 0.91549 0.81705)
		3 V(206 208 206) M(0) UV(0.91560 0.67332 0.88670 0.65585 0.91560 0.67254)
		3 V(207 205 208) M(0) UV(0.91660 0.70946 0.91660 0.74561 0.88602 0.72795)
		3 V(204 207 213) M(0) UV(0.94129 0.68620 0.91575 0.67404 0.91575 0.63929)
		3 V(204 213 212) M(0) UV(0.94129 0.68620 0.91575 0.63929 0.94129 0.62624)
		3 V(202 204 212) M(0) UV(0.97075 0.69120 0.94129 0.68620 0.94129 0.62624)
		3 V(202 212 210) M(0) UV(0.97075 0.69120 0.94129 0.62624 0.97075 0.62087)
		3 V(100 92 127) M(0) UV(0.67121 0.80871 0.66310 0.83846 0.67121 0.83846)
		3 V(91 310 100) M(0) UV(0.67121 0.77739 0.65522 0.78004 0.67121 0.80803)
		3 V(221 222 215) M(0) UV(0.20142 0.14580 0.19120 0.12397 0.16732 0.14048)
		3 V(214 221 215) M(0) UV(0.17254 0.15164 0.20142 0.14580 0.16732 0.14048)
		3 V(222 223 216) M(0) UV(0.19120 0.12397 0.17254 0.10799 0.15778 0.13231)
		3 V(215 222 216) M(0) UV(0.16732 0.14048 0.19120 0.12397 0.15778 0.13231)
		3 V(223 224 217) M(0) UV(0.17254 0.10799 0.14865 0.10060 0.14557 0.12854)
		3 V(216 223 217) M(0) UV(0.15778 0.13231 0.17254 0.10799 0.14557 0.12854)
		3 V(224 225 218) M(0) UV(0.14865 0.10060 0.12368 0.10310 0.13280 0.12981)
		3 V(217 224 218) M(0) UV(0.14557 0.12854 0.14865 0.10060 0.13280 0.12981)
		3 V(226 219 218) M(0) UV(0.10193 0.11505 0.12168 0.13592 0.13280 0.12981)
		3 V(225 226 218) M(0) UV(0.12368 0.10310 0.10193 0.11505 0.13280 0.12981)
		3 V(226 227 220) M(0) UV(0.10193 0.11505 0.08716 0.13438 0.11414 0.14580)
		3 V(219 226 220) M(0) UV(0.12168 0.13592 0.10193 0.11505 0.11414 0.14580)
		3 V(229 222 221) M(0) UV(0.21229 0.10894 0.19120 0.12397 0.20142 0.14580)
		3 V(228 229 221) M(0) UV(0.22691 0.14048 0.21229 0.10894 0.20142 0.14580)
		3 V(230 223 222) M(0) UV(0.18598 0.08584 0.17254 0.10799 0.19120 0.12397)
		3 V(229 230 222) M(0) UV(0.21229 0.10894 0.18598 0.08584 0.19120 0.12397)
		3 V(230 231 224) M(0) UV(0.18598 0.08584 0.15146 0.07517 0.14865 0.10060)
		3 V(223 230 224) M(0) UV(0.17254 0.10799 0.18598 0.08584 0.14865 0.10060)
		3 V(231 232 225) M(0) UV(0.15146 0.07517 0.11537 0.07878 0.12368 0.10310)
		3 V(224 231 225) M(0) UV(0.14865 0.10060 0.15146 0.07517 0.12368 0.10310)
		3 V(232 233 226) M(0) UV(0.11537 0.07878 0.08394 0.09604 0.10193 0.11505)
		3 V(225 232 226) M(0) UV(0.12368 0.10310 0.11537 0.07878 0.10193 0.11505)
		3 V(234 227 226) M(0) UV(0.06704 0.12397 0.08716 0.13438 0.10193 0.11505)
		3 V(233 234 226) M(0) UV(0.08394 0.09604 0.06704 0.12397 0.10193 0.11505)
		3 V(235 236 229) M(0) UV(0.25349 0.13492 0.25090 0.09321 0.22486 0.10894)
		3 V(228 235 229) M(0) UV(0.22691 0.14048 0.25349 0.13492 0.22486 0.10894)
		3 V(236 237 230) M(0) UV(0.22748 0.09321 0.19751 0.06266 0.18598 0.08584)
		3 V(229 236 230) M(0) UV(0.21229 0.10894 0.22748 0.09321 0.18598 0.08584)
		3 V(237 238 231) M(0) UV(0.19751 0.06266 0.15387 0.04855 0.15146 0.07517)
		3 V(230 237 231) M(0) UV(0.18598 0.08584 0.19751 0.06266 0.15146 0.07517)
		3 V(239 232 231) M(0) UV(0.10824 0.05332 0.11537 0.07878 0.15146 0.07517)
		3 V(238 239 231) M(0) UV(0.15387 0.04855 0.10824 0.05332 0.15146 0.07517)
		3 V(240 233 232) M(0) UV(0.06850 0.07615 0.08394 0.09604 0.11537 0.07878)
		3 V(239 240 232) M(0) UV(0.10824 0.05332 0.06850 0.07615 0.11537 0.07878)
		3 V(241 234 233) M(0) UV(0.21204 0.66943 0.23531 0.66856 0.23598 0.63592)
		3 V(240 241 233) M(0) UV(0.21267 0.62641 0.21204 0.66943 0.23598 0.63592)
		3 V(242 243 236) M(0) UV(0.29124 0.12950 0.28821 0.07790 0.25090 0.09321)
		3 V(235 242 236) M(0) UV(0.25349 0.13492 0.29124 0.12950 0.25090 0.09321)
		3 V(243 244 237) M(0) UV(0.28821 0.07790 0.28432 0.04010 0.24871 0.06266)
		3 V(236 243 237) M(0) UV(0.25090 0.09321 0.28821 0.07790 0.24871 0.06266)
		3 V(244 245 238) M(0) UV(0.28432 0.87255 0.28432 0.82169 0.24871 0.81979)
		3 V(237 244 238) M(0) UV(0.24871 0.86343 0.28432 0.87255 0.24871 0.81979)
		3 V(246 239 238) M(0) UV(0.28432 0.76851 0.24871 0.77415 0.24871 0.81979)
		3 V(245 246 238) M(0) UV(0.28432 0.82169 0.28432 0.76851 0.24871 0.81979)
		3 V(247 240 239) M(0) UV(0.28432 0.72220 0.24871 0.73441 0.24871 0.77415)
		3 V(246 247 239) M(0) UV(0.28432 0.76851 0.28432 0.72220 0.24871 0.77415)
		3 V(248 241 240) M(0) UV(0.28685 0.64523 0.24754 0.63616 0.24171 0.67219)
		3 V(247 248 240) M(0) UV(0.28432 0.69063 0.28685 0.64523 0.24171 0.67219)
		3 V(250 243 242) M(0) UV(0.32453 0.07222 0.28821 0.07790 0.29124 0.12950)
		3 V(249 250 242) M(0) UV(0.32453 0.12749 0.32453 0.07222 0.29124 0.12950)
		3 V(251 244 243) M(0) UV(0.32453 0.03173 0.28432 0.04010 0.28821 0.07790)
		3 V(250 251 243) M(0) UV(0.32453 0.07222 0.32453 0.03173 0.28821 0.07790)
		3 V(252 245 244) M(0) UV(0.32453 0.82301 0.28432 0.82169 0.28432 0.87255)
		3 V(251 252 244) M(0) UV(0.32453 0.87886 0.32453 0.82301 0.28432 0.87255)
		3 V(252 253 246) M(0) UV(0.32453 0.82301 0.32453 0.76461 0.28432 0.76851)
		3 V(245 252 246) M(0) UV(0.28432 0.82169 0.32453 0.82301 0.28432 0.76851)
		3 V(253 254 247) M(0) UV(0.32453 0.76461 0.32453 0.71375 0.28432 0.72220)
		3 V(246 253 247) M(0) UV(0.28432 0.76851 0.32453 0.76461 0.28432 0.72220)
		3 V(254 255 248) M(0) UV(0.32453 0.69812 0.32453 0.64916 0.28655 0.64523)
		3 V(247 254 248) M(0) UV(0.28432 0.69093 0.32453 0.69812 0.28655 0.64523)
		3 V(256 257 250) M(0) UV(0.36758 0.12433 0.36758 0.06326 0.32453 0.07222)
		3 V(249 256 250) M(0) UV(0.32453 0.12749 0.36758 0.12433 0.32453 0.07222)
		3 V(257 258 251) M(0) UV(0.36758 0.92773 0.36758 0.88209 0.32453 0.87886)
		3 V(250 257 251) M(0) UV(0.32453 0.92250 0.36758 0.92773 0.32453 0.87886)
		3 V(258 259 252) M(0) UV(0.36758 0.88209 0.36758 0.82369 0.32453 0.82301)
		3 V(251 258 252) M(0) UV(0.32453 0.87886 0.36758 0.88209 0.32453 0.82301)
		3 V(260 253 252) M(0) UV(0.36758 0.76262 0.32453 0.76461 0.32453 0.82301)
		3 V(259 260 252) M(0) UV(0.36758 0.82369 0.36758 0.76262 0.32453 0.82301)
		3 V(261 254 253) M(0) UV(0.36758 0.70944 0.32453 0.71375 0.32453 0.76461)
		3 V(260 261 253) M(0) UV(0.36758 0.76262 0.36758 0.70944 0.32453 0.76461)
		3 V(262 255 254) M(0) UV(0.36758 0.65536 0.32453 0.64916 0.32453 0.69812)
		3 V(261 262 254) M(0) UV(0.36758 0.70944 0.36758 0.65536 0.32453 0.69812)
		3 V(263 264 257) M(0) UV(0.41160 0.12433 0.41160 0.06326 0.36758 0.06326)
		3 V(256 263 257) M(0) UV(0.36758 0.12433 0.41160 0.12433 0.36758 0.06326)
		3 V(264 265 258) M(0) UV(0.41160 0.92773 0.41160 0.88209 0.36758 0.88209)
		3 V(257 264 258) M(0) UV(0.36758 0.92773 0.41160 0.92773 0.36758 0.88209)
		3 V(265 266 259) M(0) UV(0.41160 0.88209 0.41160 0.82369 0.36758 0.82369)
		3 V(258 265 259) M(0) UV(0.36758 0.88209 0.41160 0.88209 0.36758 0.82369)
		3 V(266 267 260) M(0) UV(0.41160 0.82369 0.41160 0.76262 0.36758 0.76262)
		3 V(259 266 260) M(0) UV(0.36758 0.82369 0.41160 0.82369 0.36758 0.76262)
		3 V(267 268 261) M(0) UV(0.41160 0.76262 0.41160 0.70944 0.36758 0.70944)
		3 V(260 267 261) M(0) UV(0.36758 0.76262 0.41160 0.76262 0.36758 0.70944)
		3 V(268 269 262) M(0) UV(0.41160 0.70944 0.41160 0.65536 0.36758 0.65536)
		3 V(261 268 262) M(0) UV(0.36758 0.70944 0.41160 0.70944 0.36758 0.65536)
		3 V(270 271 264) M(0) UV(0.45465 0.12415 0.45465 0.06277 0.41160 0.06326)
		3 V(263 270 264) M(0) UV(0.41160 0.12433 0.45465 0.12415 0.41160 0.06326)
		3 V(271 272 265) M(0) UV(0.45465 0.06277 0.45465 0.01781 0.41160 0.01854)
		3 V(264 271 265) M(0) UV(0.41160 0.06326 0.45465 0.06277 0.41160 0.01854)
		3 V(272 273 266) M(0) UV(0.45465 0.87886 0.45465 0.82301 0.41160 0.82369)
		3 V(265 272 266) M(0) UV(0.41160 0.88209 0.45465 0.87886 0.41160 0.82369)
		3 V(274 267 266) M(0) UV(0.45465 0.76461 0.41160 0.76262 0.41160 0.82369)
		3 V(273 274 266) M(0) UV(0.45465 0.82301 0.45465 0.76461 0.41160 0.82369)
		3 V(275 268 267) M(0) UV(0.45465 0.71375 0.41160 0.70944 0.41160 0.76262)
		3 V(274 275 267) M(0) UV(0.45465 0.76461 0.45465 0.71375 0.41160 0.76262)
		3 V(276 269 268) M(0) UV(0.45390 0.65570 0.41160 0.65536 0.41160 0.70944)
		3 V(275 276 268) M(0) UV(0.45465 0.71006 0.45390 0.65570 0.41160 0.70944)
		3 V(277 278 271) M(0) UV(0.49486 0.12494 0.49486 0.06501 0.45465 0.06277)
		3 V(270 277 271) M(0) UV(0.45465 0.12415 0.49486 0.12494 0.45465 0.06277)
		3 V(278 279 272) M(0) UV(0.49486 0.06501 0.49486 0.02111 0.45465 0.01781)
		3 V(271 278 272) M(0) UV(0.45465 0.06277 0.49486 0.06501 0.45465 0.01781)
		3 V(279 280 273) M(0) UV(0.49486 0.87255 0.49486 0.82169 0.45465 0.82301)
		3 V(272 279 273) M(0) UV(0.45465 0.87886 0.49486 0.87255 0.45465 0.82301)
		3 V(281 274 273) M(0) UV(0.49486 0.76851 0.45465 0.76461 0.45465 0.82301)
		3 V(280 281 273) M(0) UV(0.49486 0.82169 0.49486 0.76851 0.45465 0.82301)
		3 V(282 275 274) M(0) UV(0.49486 0.72220 0.45465 0.71375 0.45465 0.76461)
		3 V(281 282 274) M(0) UV(0.49486 0.76851 0.49486 0.72220 0.45465 0.76461)
		3 V(283 276 275) M(0) UV(0.49533 0.65415 0.45390 0.65570 0.45465 0.71006)
		3 V(282 283 275) M(0) UV(0.49486 0.70723 0.49533 0.65415 0.45465 0.71006)
		3 V(285 278 277) M(0) UV(0.53047 0.07451 0.49486 0.06501 0.49486 0.12494)
		3 V(284 285 277) M(0) UV(0.53047 0.12831 0.53047 0.07451 0.49486 0.12494)
		3 V(286 279 278) M(0) UV(0.53047 0.03511 0.49486 0.02111 0.49486 0.06501)
		3 V(285 286 278) M(0) UV(0.53047 0.07451 0.53047 0.03511 0.49486 0.06501)
		3 V(287 280 279) M(0) UV(0.53046 0.81979 0.49486 0.82169 0.49486 0.87255)
		3 V(286 287 279) M(0) UV(0.53046 0.86343 0.53046 0.81979 0.49486 0.87255)
		3 V(287 288 281) M(0) UV(0.53046 0.81979 0.53046 0.77415 0.49486 0.76851)
		3 V(280 287 281) M(0) UV(0.49486 0.82169 0.53046 0.81979 0.49486 0.76851)
		3 V(288 289 282) M(0) UV(0.53046 0.77415 0.53046 0.73441 0.49486 0.72220)
		3 V(281 288 282) M(0) UV(0.49486 0.76851 0.53046 0.77415 0.49486 0.72220)
		3 V(290 283 282) M(0) UV(0.53291 0.64757 0.49533 0.65415 0.49486 0.70723)
		3 V(289 290 282) M(0) UV(0.53047 0.69521 0.53291 0.64757 0.49486 0.70723)
		3 V(291 292 285) M(0) UV(0.55992 0.13446 0.55992 0.09191 0.53047 0.07451)
		3 V(284 291 285) M(0) UV(0.53047 0.12831 0.55992 0.13446 0.53047 0.07451)
		3 V(292 293 286) M(0) UV(0.60548 0.87889 0.57431 0.85190 0.54867 0.86344)
		3 V(285 292 286) M(0) UV(0.58808 0.89756 0.60548 0.87889 0.54867 0.86344)
		3 V(294 287 286) M(0) UV(0.55992 0.81738 0.53046 0.81979 0.54867 0.86344)
		3 V(293 294 286) M(0) UV(0.57431 0.85190 0.55992 0.81738 0.54867 0.86344)
		3 V(294 295 288) M(0) UV(0.55992 0.81738 0.55992 0.78128 0.53046 0.77415)
		3 V(287 294 288) M(0) UV(0.53046 0.81979 0.55992 0.81738 0.53046 0.77415)
		3 V(295 296 289) M(0) UV(0.56479 0.78127 0.58808 0.74983 0.56608 0.73439)
		3 V(288 295 289) M(0) UV(0.53662 0.77414 0.56479 0.78127 0.56608 0.73439)
		3 V(297 290 289) M(0) UV(0.62577 0.71771 0.61373 0.68846 0.56608 0.73439)
		3 V(296 297 289) M(0) UV(0.58808 0.74983 0.62577 0.71771 0.56608 0.73439)
		3 V(298 299 292) M(0) UV(0.65522 0.86735 0.62577 0.85713 0.60548 0.87889)
		3 V(291 298 292) M(0) UV(0.64804 0.89365 0.65522 0.86735 0.60548 0.87889)
		3 V(299 300 293) M(0) UV(0.62577 0.85713 0.60420 0.83846 0.57431 0.85190)
		3 V(292 299 293) M(0) UV(0.60548 0.87889 0.62577 0.85713 0.57431 0.85190)
		3 V(300 301 294) M(0) UV(0.60420 0.83846 0.59424 0.81457 0.55992 0.81738)
		3 V(293 300 294) M(0) UV(0.57431 0.85190 0.60420 0.83846 0.55992 0.81738)
		3 V(301 302 295) M(0) UV(0.59424 0.81457 0.59761 0.78958 0.56479 0.78127)
		3 V(294 301 295) M(0) UV(0.55992 0.81738 0.59424 0.81457 0.56479 0.78127)
		3 V(302 303 296) M(0) UV(0.59761 0.78958 0.61373 0.76782 0.58808 0.74983)
		3 V(295 302 296) M(0) UV(0.56479 0.78127 0.59761 0.78958 0.58808 0.74983)
		3 V(303 304 297) M(0) UV(0.61373 0.76782 0.63981 0.75306 0.62577 0.71771)
		3 V(296 303 297) M(0) UV(0.58808 0.74983 0.61373 0.76782 0.62577 0.71771)
		3 V(92 305 299) M(0) UV(0.66310 0.83846 0.64805 0.83324 0.62577 0.85713)
		3 V(298 92 299) M(0) UV(0.65522 0.86735 0.66310 0.83846 0.62577 0.85713)
		3 V(306 300 299) M(0) UV(0.63702 0.82369 0.60420 0.83846 0.62577 0.85713)
		3 V(305 306 299) M(0) UV(0.64805 0.83324 0.63702 0.82369 0.62577 0.85713)
		3 V(307 301 300) M(0) UV(0.63193 0.81148 0.59424 0.81457 0.60420 0.83846)
		3 V(306 307 300) M(0) UV(0.63702 0.82369 0.63193 0.81148 0.60420 0.83846)
		3 V(307 308 302) M(0) UV(0.63193 0.81148 0.63365 0.79871 0.59761 0.78958)
		3 V(301 307 302) M(0) UV(0.59424 0.81457 0.63193 0.81148 0.59761 0.78958)
		3 V(308 309 303) M(0) UV(0.63365 0.79871 0.64189 0.78759 0.61373 0.76782)
		3 V(302 308 303) M(0) UV(0.59761 0.78958 0.63365 0.79871 0.61373 0.76782)
		3 V(309 310 304) M(0) UV(0.64189 0.78759 0.65522 0.78004 0.63981 0.75306)
		3 V(303 309 304) M(0) UV(0.61373 0.76782 0.64189 0.78759 0.63981 0.75306)
		3 V(104 221 214) M(0) UV(0.20142 0.15762 0.20142 0.14580 0.17254 0.15164)
		3 V(102 104 214) M(0) UV(0.17254 0.15762 0.20142 0.15762 0.17254 0.15164)
		3 V(101 220 227) M(0) UV(0.11150 0.15762 0.11414 0.14580 0.08716 0.13438)
		3 V(103 101 227) M(0) UV(0.08197 0.15762 0.11150 0.15762 0.08716 0.13438)
		3 V(106 228 221) M(0) UV(0.22691 0.15762 0.22691 0.14048 0.20142 0.14580)
		3 V(104 106 221) M(0) UV(0.20142 0.15762 0.22691 0.15762 0.20142 0.14580)
		3 V(227 234 105) M(0) UV(0.08716 0.13438 0.06704 0.12397 0.06107 0.15762)
		3 V(103 227 105) M(0) UV(0.08197 0.15762 0.08716 0.13438 0.06107 0.15762)
		3 V(108 235 228) M(0) UV(0.25349 0.15762 0.25349 0.13492 0.22691 0.14048)
		3 V(106 108 228) M(0) UV(0.22691 0.15762 0.25349 0.15762 0.22691 0.14048)
		3 V(234 241 107) M(0) UV(0.22182 0.62375 0.24784 0.63464 0.24904 0.59101)
		3 V(105 234 107) M(0) UV(0.22276 0.59101 0.22182 0.62375 0.24904 0.59101)
		3 V(110 242 235) M(0) UV(0.29124 0.15762 0.29124 0.12950 0.25349 0.13492)
		3 V(108 110 235) M(0) UV(0.25349 0.15762 0.29124 0.15762 0.25349 0.13492)
		3 V(241 248 109) M(0) UV(0.24784 0.63464 0.28655 0.64523 0.28829 0.59101)
		3 V(107 241 109) M(0) UV(0.24904 0.59101 0.24784 0.63464 0.28829 0.59101)
		3 V(112 249 242) M(0) UV(0.32453 0.15762 0.32453 0.12749 0.29124 0.12950)
		3 V(110 112 242) M(0) UV(0.29124 0.15762 0.32453 0.15762 0.29124 0.12950)
		3 V(109 248 255) M(0) UV(0.28829 0.59101 0.28655 0.64523 0.32453 0.64916)
		3 V(111 109 255) M(0) UV(0.32453 0.59101 0.28829 0.59101 0.32453 0.64916)
		3 V(114 256 249) M(0) UV(0.36758 0.15762 0.36758 0.12433 0.32453 0.12749)
		3 V(112 114 249) M(0) UV(0.32453 0.15762 0.36758 0.15762 0.32453 0.12749)
		3 V(255 262 113) M(0) UV(0.32453 0.64916 0.36758 0.65536 0.36758 0.59101)
		3 V(111 255 113) M(0) UV(0.32453 0.59101 0.32453 0.64916 0.36758 0.59101)
		3 V(116 263 256) M(0) UV(0.41160 0.15762 0.41160 0.12433 0.36758 0.12433)
		3 V(114 116 256) M(0) UV(0.36758 0.15762 0.41160 0.15762 0.36758 0.12433)
		3 V(113 262 269) M(0) UV(0.36758 0.59101 0.36758 0.65536 0.41160 0.65536)
		3 V(115 113 269) M(0) UV(0.41160 0.59101 0.36758 0.59101 0.41160 0.65536)
		3 V(118 270 263) M(0) UV(0.45465 0.15762 0.45465 0.12415 0.41160 0.12433)
		3 V(116 118 263) M(0) UV(0.41160 0.15762 0.45465 0.15762 0.41160 0.12433)
		3 V(269 276 117) M(0) UV(0.41160 0.65536 0.45390 0.65570 0.45220 0.59101)
		3 V(115 269 117) M(0) UV(0.41160 0.59101 0.41160 0.65536 0.45220 0.59101)
		3 V(120 277 270) M(0) UV(0.49486 0.15762 0.49486 0.12494 0.45465 0.12415)
		3 V(118 120 270) M(0) UV(0.45465 0.15762 0.49486 0.15762 0.45465 0.12415)
		3 V(276 283 119) M(0) UV(0.45390 0.65570 0.49533 0.65415 0.49378 0.59101)
		3 V(117 276 119) M(0) UV(0.45220 0.59101 0.45390 0.65570 0.49378 0.59101)
		3 V(122 284 277) M(0) UV(0.53047 0.15762 0.53047 0.12831 0.49486 0.12494)
		3 V(120 122 277) M(0) UV(0.49486 0.15762 0.53047 0.15762 0.49486 0.12494)
		3 V(119 283 290) M(0) UV(0.49378 0.59101 0.49533 0.65415 0.53291 0.64757)
		3 V(121 119 290) M(0) UV(0.53158 0.59101 0.49378 0.59101 0.53291 0.64757)
		3 V(124 291 284) M(0) UV(0.55992 0.15762 0.55992 0.13446 0.53047 0.12831)
		3 V(122 124 284) M(0) UV(0.53047 0.15762 0.55992 0.15762 0.53047 0.12831)
		3 V(121 290 297) M(0) UV(0.67121 0.67903 0.61373 0.68846 0.62577 0.71771)
		3 V(123 121 297) M(0) UV(0.67121 0.71018 0.67121 0.67903 0.62577 0.71771)
		3 V(126 298 291) M(0) UV(0.67121 0.86735 0.65522 0.86735 0.64804 0.89365)
		3 V(124 126 291) M(0) UV(0.67121 0.89366 0.67121 0.86735 0.64804 0.89365)
		3 V(123 297 304) M(0) UV(0.67121 0.71018 0.62577 0.71771 0.63981 0.75306)
		3 V(125 123 304) M(0) UV(0.67121 0.74786 0.67121 0.71018 0.63981 0.75306)
		3 V(127 92 298) M(0) UV(0.67121 0.83846 0.66310 0.83846 0.65522 0.86735)
		3 V(126 127 298) M(0) UV(0.67121 0.86735 0.67121 0.83846 0.65522 0.86735)
		3 V(125 304 310) M(0) UV(0.67121 0.74786 0.63981 0.75306 0.65522 0.78004)
		3 V(91 125 310) M(0) UV(0.67121 0.77739 0.67121 0.74786 0.65522 0.78004)
		3 V(127 93 100) M(0) UV(0.67121 0.83846 0.67958 0.83846 0.67121 0.80871)
		3 V(305 92 100) M(0) UV(0.64805 0.83324 0.66310 0.83846 0.67121 0.80871)
		3 V(100 305 100) M(0) UV(0.67121 0.80838 0.64805 0.83324 0.67121 0.80871)
		3 V(306 305 100) M(0) UV(0.63702 0.82369 0.64805 0.83324 0.67121 0.80838)
		3 V(100 306 100) M(0) UV(0.67121 0.80831 0.63702 0.82369 0.67121 0.80838)
		3 V(100 307 306) M(0) UV(0.67121 0.80826 0.63193 0.81148 0.63702 0.82369)
		3 V(100 308 307) M(0) UV(0.67121 0.80822 0.63365 0.79871 0.63193 0.81148)
		3 V(100 309 308) M(0) UV(0.67121 0.80816 0.64189 0.78759 0.63365 0.79871)
		3 V(100 310 309) M(0) UV(0.67121 0.80803 0.65522 0.78004 0.64189 0.78759)
		3 V(128 102 214) M(0) UV(0.14222 0.15762 0.17254 0.15762 0.17254 0.15164)
		3 V(215 128 214) M(0) UV(0.16732 0.14048 0.14222 0.15762 0.17254 0.15164)
		3 V(215 216 128) M(0) UV(0.16732 0.14048 0.15778 0.13231 0.14222 0.15762)
		3 V(128 216 217) M(0) UV(0.14222 0.15762 0.15778 0.13231 0.14557 0.12854)
		3 V(217 218 128) M(0) UV(0.14557 0.12854 0.13280 0.12981 0.14222 0.15762)
		3 V(220 101 128) M(0) UV(0.11414 0.14580 0.11150 0.15762 0.14222 0.15762)
		3 V(128 219 220) M(0) UV(0.14222 0.15762 0.12168 0.13592 0.11414 0.14580)
		3 V(218 219 128) M(0) UV(0.13280 0.12981 0.12168 0.13592 0.14222 0.15762)
		3 V(312 313 311) M(0) UV(0.81416 0.29487 0.83088 0.29483 0.81457 0.27809)
		3 V(313 314 311) M(0) UV(0.83088 0.29483 0.82503 0.29476 0.81457 0.27809)
		3 V(314 315 311) M(0) UV(0.82503 0.29476 0.80473 0.29476 0.81457 0.27809)
		3 V(315 316 311) M(0) UV(0.80473 0.29476 0.79798 0.29482 0.81457 0.27809)
		3 V(316 312 311) M(0) UV(0.79798 0.29482 0.81416 0.29487 0.81457 0.27809)
		3 V(332 328 327) M(0) UV(0.81442 0.45296 0.83074 0.43637 0.81403 0.43655)
		3 V(332 329 328) M(0) UV(0.81442 0.45296 0.82489 0.43607 0.83074 0.43637)
		3 V(332 330 329) M(0) UV(0.81442 0.45296 0.80461 0.43606 0.82489 0.43607)
		3 V(332 331 330) M(0) UV(0.81442 0.45296 0.79787 0.43635 0.80461 0.43606)
		3 V(332 327 331) M(0) UV(0.81442 0.45296 0.81403 0.43655 0.79787 0.43635)
		3 V(317 318 313) M(0) UV(0.81387 0.33876 0.84094 0.33862 0.83088 0.29483)
		3 V(312 317 313) M(0) UV(0.81416 0.29487 0.81387 0.33876 0.83088 0.29483)
		3 V(318 319 314) M(0) UV(0.84094 0.33862 0.83145 0.33839 0.82503 0.29476)
		3 V(313 318 314) M(0) UV(0.83088 0.29483 0.84094 0.33862 0.82503 0.29476)
		3 V(319 320 315) M(0) UV(0.83145 0.33839 0.79863 0.33839 0.80473 0.29476)
		3 V(314 319 315) M(0) UV(0.82503 0.29476 0.83145 0.33839 0.80473 0.29476)
		3 V(320 321 316) M(0) UV(0.79863 0.33839 0.78770 0.33861 0.79798 0.29482)
		3 V(315 320 316) M(0) UV(0.80473 0.29476 0.79863 0.33839 0.79798 0.29482)
		3 V(321 317 312) M(0) UV(0.78770 0.33861 0.81387 0.33876 0.81416 0.29487)
		3 V(316 321 312) M(0) UV(0.79798 0.29482 0.78770 0.33861 0.81416 0.29487)
		3 V(322 323 318) M(0) UV(0.81382 0.39292 0.84088 0.39270 0.84094 0.33862)
		3 V(317 322 318) M(0) UV(0.81387 0.33876 0.81382 0.39292 0.84094 0.33862)
		3 V(323 324 319) M(0) UV(0.84088 0.39270 0.83139 0.39233 0.83145 0.33839)
		3 V(318 323 319) M(0) UV(0.84094 0.33862 0.84088 0.39270 0.83145 0.33839)
		3 V(324 325 320) M(0) UV(0.83139 0.39233 0.79859 0.39232 0.79863 0.33839)
		3 V(319 324 320) M(0) UV(0.83145 0.33839 0.83139 0.39233 0.79863 0.33839)
		3 V(325 326 321) M(0) UV(0.79859 0.39232 0.78766 0.39268 0.78770 0.33861)
		3 V(320 325 321) M(0) UV(0.79863 0.33839 0.79859 0.39232 0.78770 0.33861)
		3 V(326 322 317) M(0) UV(0.78766 0.39268 0.81382 0.39292 0.81387 0.33876)
		3 V(321 326 317) M(0) UV(0.78770 0.33861 0.78766 0.39268 0.81387 0.33876)
		3 V(327 328 323) M(0) UV(0.81403 0.43655 0.83074 0.43637 0.84088 0.39270)
		3 V(322 327 323) M(0) UV(0.81382 0.39292 0.81403 0.43655 0.84088 0.39270)
		3 V(328 329 324) M(0) UV(0.83074 0.43637 0.82489 0.43607 0.83139 0.39233)
		3 V(323 328 324) M(0) UV(0.84088 0.39270 0.83074 0.43637 0.83139 0.39233)
		3 V(329 330 325) M(0) UV(0.82489 0.43607 0.80461 0.43606 0.79859 0.39232)
		3 V(324 329 325) M(0) UV(0.83139 0.39233 0.82489 0.43607 0.79859 0.39232)
		3 V(330 331 326) M(0) UV(0.80461 0.43606 0.79787 0.43635 0.78766 0.39268)
		3 V(325 330 326) M(0) UV(0.79859 0.39232 0.80461 0.43606 0.78766 0.39268)
		3 V(331 327 322) M(0) UV(0.79787 0.43635 0.81403 0.43655 0.81382 0.39292)
		3 V(326 331 322) M(0) UV(0.78766 0.39268 0.79787 0.43635 0.81382 0.39292)
		3 V(353 350 349) M(0) UV(0.36047 0.45352 0.32624 0.40862 0.37636 0.41029)
		3 V(353 351 350) M(0) UV(0.36047 0.45352 0.30278 0.41312 0.32624 0.40862)
		3 V(353 352 351) M(0) UV(0.36047 0.45352 0.32387 0.42046 0.30278 0.41312)
		3 V(353 348 352) M(0) UV(0.36047 0.45352 0.37390 0.42509 0.32387 0.42046)
		3 V(354 355 356) M(0) UV(0.40209 0.03530 0.37896 0.03855 0.40057 0.04465)
		3 V(355 336 337) M(0) UV(0.37896 0.03855 0.31535 0.10117 0.33656 0.10729)
		3 V(337 333 356) M(0) UV(0.33656 0.10729 0.38675 0.11163 0.40057 0.04465)
		3 V(337 356 355) M(0) UV(0.33656 0.10729 0.40057 0.04465 0.37896 0.03855)
		3 V(335 354 334) M(0) UV(0.33883 0.09790 0.40209 0.03530 0.38909 0.09989)
		3 V(335 355 354) M(0) UV(0.33883 0.09790 0.37896 0.03855 0.40209 0.03530)
		3 V(355 335 336) M(0) UV(0.37896 0.03855 0.33883 0.09790 0.31535 0.10117)
		3 V(339 340 335) M(0) UV(0.39397 0.19265 0.31293 0.18959 0.33883 0.09790)
		3 V(334 339 335) M(0) UV(0.38909 0.09989 0.39397 0.19265 0.33883 0.09790)
		3 V(341 336 335) M(0) UV(0.27479 0.19547 0.31535 0.10117 0.33883 0.09790)
		3 V(340 341 335) M(0) UV(0.31293 0.18959 0.27479 0.19547 0.33883 0.09790)
		3 V(341 342 337) M(0) UV(0.27479 0.19547 0.30890 0.20599 0.33656 0.10729)
		3 V(336 341 337) M(0) UV(0.31535 0.10117 0.27479 0.19547 0.33656 0.10729)
		3 V(342 338 333) M(0) UV(0.30890 0.20599 0.39025 0.21318 0.38675 0.11163)
		3 V(337 342 333) M(0) UV(0.33656 0.10729 0.30890 0.20599 0.38675 0.11163)
		3 V(344 345 340) M(0) UV(0.38911 0.31085 0.30816 0.30799 0.31293 0.18959)
		3 V(339 344 340) M(0) UV(0.39397 0.19265 0.38911 0.31085 0.31293 0.18959)
		3 V(345 346 341) M(0) UV(0.30816 0.30799 0.27003 0.31463 0.27479 0.19547)
		3 V(340 345 341) M(0) UV(0.31293 0.18959 0.30816 0.30799 0.27479 0.19547)
		3 V(346 347 342) M(0) UV(0.27003 0.31463 0.30407 0.32591 0.30890 0.20599)
		3 V(341 346 342) M(0) UV(0.27479 0.19547 0.27003 0.31463 0.30890 0.20599)
		3 V(347 343 338) M(0) UV(0.30407 0.32591 0.38532 0.33327 0.39025 0.21318)
		3 V(342 347 338) M(0) UV(0.30890 0.20599 0.30407 0.32591 0.39025 0.21318)
		3 V(349 350 345) M(0) UV(0.37636 0.41029 0.32624 0.40862 0.30816 0.30799)
		3 V(344 349 345) M(0) UV(0.38911 0.31085 0.37636 0.41029 0.30816 0.30799)
		3 V(350 351 346) M(0) UV(0.32624 0.40862 0.30278 0.41312 0.27003 0.31463)
		3 V(345 350 346) M(0) UV(0.30816 0.30799 0.32624 0.40862 0.27003 0.31463)
		3 V(351 352 347) M(0) UV(0.30278 0.41312 0.32387 0.42046 0.30407 0.32591)
		3 V(346 351 347) M(0) UV(0.27003 0.31463 0.30278 0.41312 0.30407 0.32591)
		3 V(352 348 343) M(0) UV(0.32387 0.42046 0.37390 0.42509 0.38532 0.33327)
		3 V(347 352 343) M(0) UV(0.30407 0.32591 0.32387 0.42046 0.38532 0.33327)
		3 V(195 370 369) M(0) UV(0.96302 0.42383 0.95949 0.38024 0.92958 0.39589)
		3 V(195 371 370) M(0) UV(0.96302 0.42383 0.98729 0.39613 0.95949 0.38024)
		3 V(195 191 371) M(0) UV(0.94542 0.56296 0.92411 0.56706 0.93434 0.59550)
		3 V(200 195 369) M(0) UV(0.92391 0.41704 0.96302 0.42383 0.92958 0.39589)
		3 V(360 361 358) M(0) UV(0.78419 0.32052 0.80437 0.28185 0.76608 0.26044)
		3 V(357 360 358) M(0) UV(0.74880 0.29354 0.78419 0.32052 0.76608 0.26044)
		3 V(361 362 359) M(0) UV(0.80437 0.28185 0.82953 0.23364 0.78762 0.21916)
		3 V(358 361 359) M(0) UV(0.76608 0.26044 0.80437 0.28185 0.78762 0.21916)
		3 V(179 175 359) M(0) UV(0.75893 0.59821 0.72118 0.60533 0.73753 0.65079)
		3 V(362 179 359) M(0) UV(0.77802 0.65131 0.75893 0.59821 0.73753 0.65079)
		3 V(363 364 361) M(0) UV(0.83549 0.35170 0.85711 0.31027 0.80437 0.28185)
		3 V(360 363 361) M(0) UV(0.78419 0.32052 0.83549 0.35170 0.80437 0.28185)
		3 V(364 365 362) M(0) UV(0.85711 0.31027 0.88408 0.25861 0.82953 0.23364)
		3 V(361 364 362) M(0) UV(0.80437 0.28185 0.85711 0.31027 0.82953 0.23364)
		3 V(183 179 362) M(0) UV(0.81371 0.58788 0.75893 0.59821 0.77802 0.65131)
		3 V(365 183 362) M(0) UV(0.83417 0.64477 0.81371 0.58788 0.77802 0.65131)
		3 V(366 367 364) M(0) UV(0.89245 0.37205 0.91118 0.33617 0.85711 0.31027)
		3 V(363 366 364) M(0) UV(0.83549 0.35170 0.89245 0.37205 0.85711 0.31027)
		3 V(367 368 365) M(0) UV(0.91118 0.33617 0.93452 0.29143 0.88408 0.25861)
		3 V(364 367 365) M(0) UV(0.85711 0.31027 0.91118 0.33617 0.88408 0.25861)
		3 V(368 187 183) M(0) UV(0.89131 0.62585 0.87359 0.57658 0.81371 0.58788)
		3 V(365 368 183) M(0) UV(0.83417 0.64477 0.89131 0.62585 0.81371 0.58788)
		3 V(369 370 367) M(0) UV(0.94184 0.37220 0.95265 0.35149 0.91118 0.33617)
		3 V(366 369 367) M(0) UV(0.89245 0.37205 0.94184 0.37220 0.91118 0.33617)
		3 V(371 368 367) M(0) UV(0.96613 0.32566 0.93452 0.29143 0.91118 0.33617)
		3 V(370 371 367) M(0) UV(0.95265 0.35149 0.96613 0.32566 0.91118 0.33617)
		3 V(371 191 187) M(0) UV(0.93434 0.59550 0.92411 0.56706 0.87359 0.57658)
		3 V(368 371 187) M(0) UV(0.89131 0.62585 0.93434 0.59550 0.87359 0.57658)
		3 V(197 360 357) M(0) UV(0.76203 0.37366 0.77181 0.33717 0.72254 0.32907)
		3 V(196 197 357) M(0) UV(0.71404 0.36081 0.76203 0.37366 0.72254 0.32907)
		3 V(198 363 360) M(0) UV(0.82508 0.39056 0.83549 0.35170 0.77181 0.33717)
		3 V(197 198 360) M(0) UV(0.76203 0.37366 0.82508 0.39056 0.77181 0.33717)
		3 V(199 366 363) M(0) UV(0.88331 0.40616 0.89245 0.37205 0.83549 0.35170)
		3 V(198 199 363) M(0) UV(0.82508 0.39056 0.88331 0.40616 0.83549 0.35170)
		3 V(200 369 366) M(0) UV(0.92391 0.41704 0.92958 0.39589 0.89245 0.37205)
		3 V(199 200 366) M(0) UV(0.88331 0.40616 0.92391 0.41704 0.89245 0.37205)
		3 V(206 376 208) M(0) UV(0.91560 0.67254 0.91560 0.63916 0.88670 0.65585)
		3 V(208 377 213) M(0) UV(0.88687 0.80050 0.91537 0.81695 0.91535 0.78406)
		3 V(375 374 372) M(0) UV(0.94268 0.69727 0.94268 0.75818 0.97141 0.76289)
		3 V(373 375 372) M(0) UV(0.97141 0.69256 0.94268 0.69727 0.97141 0.76289)
		3 V(377 376 374) M(0) UV(0.91690 0.70934 0.91690 0.74642 0.94268 0.75818)
		3 V(375 377 374) M(0) UV(0.94268 0.69727 0.91690 0.70934 0.94268 0.75818)
		3 V(209 372 374) M(0) UV(0.97077 0.83428 0.97077 0.76395 0.94148 0.76895)
		3 V(211 209 374) M(0) UV(0.94148 0.82975 0.97077 0.83428 0.94148 0.76895)
		3 V(211 374 376) M(0) UV(0.94148 0.82975 0.94148 0.76895 0.91549 0.78230)
		3 V(206 211 376) M(0) UV(0.91549 0.81705 0.94148 0.82975 0.91549 0.78230)
		3 V(206 208 206) M(0) UV(0.91560 0.67254 0.88670 0.65585 0.91560 0.67332)
		3 V(208 376 377) M(0) UV(0.88602 0.72795 0.91660 0.74561 0.91660 0.70946)
		3 V(213 377 375) M(0) UV(0.91575 0.63929 0.91575 0.67404 0.94129 0.68620)
		3 V(212 213 375) M(0) UV(0.94129 0.62624 0.91575 0.63929 0.94129 0.68620)
		3 V(212 375 373) M(0) UV(0.94129 0.62624 0.94129 0.68620 0.97075 0.69120)
		3 V(210 212 373) M(0) UV(0.97075 0.62087 0.94129 0.62624 0.97075 0.69120)
	}
}
Object "$blade0" {
	depth 0
	folding 0
	scale 1.000000 1.000000 1.000000
	rotation 0.000000 0.000000 0.000000
	translation 0.000000 0.000000 0.000000
	visible 15
	locking 0
	shading 1
	facet 59.5
	color 1.000 0.541 0.922
	color_type 0
	vertex 52 {
		0.1000 27.2514 -0.0883
		-12.4865 27.2514 -17.4122
		-20.2654 27.2514 -6.7054
		-20.2654 27.2514 6.5288
		-12.4865 27.2514 17.2356
		-2.8484 5.5390 -4.1464
		-4.6706 5.5390 -1.6383
		-4.6706 5.5390 1.4618
		-2.8484 5.5390 3.9698
		-12.4865 16.3952 17.2356
		-20.2654 16.3952 6.5288
		-20.2654 16.3952 -6.7054
		-12.4865 16.3952 -17.4122
		-2.4586 3.0070 -3.6099
		-4.0399 3.0070 -1.4334
		-4.0399 3.0070 1.2568
		-2.4586 3.0070 3.4333
		-1.3772 1.1672 -2.1215
		-2.2902 1.1672 -0.8649
		-2.2902 1.1672 0.6883
		-1.3772 1.1672 1.9449
		0.1000 0.4938 -0.0883
		0.0226 27.2514 21.3000
		0.0225 27.2514 -21.4766
		0.0226 5.5390 4.9026
		0.0225 5.5390 -5.0792
		0.0226 16.3952 21.3000
		0.0225 16.3952 -21.4766
		0.0225 3.0070 4.2395
		0.0226 3.0070 -4.4161
		0.0226 1.1672 2.3997
		0.0226 1.1672 -2.5763
		12.4865 27.2514 -17.4122
		20.2654 27.2514 -6.7054
		20.2654 27.2514 6.5288
		12.4865 27.2514 17.2356
		2.8484 5.5390 -4.1464
		4.6706 5.5390 -1.6383
		4.6706 5.5390 1.4618
		2.8484 5.5390 3.9698
		12.4865 16.3952 17.2356
		20.2654 16.3952 6.5288
		20.2654 16.3952 -6.7054
		12.4865 16.3952 -17.4122
		2.4586 3.0070 -3.6099
		4.0399 3.0070 -1.4334
		4.0399 3.0070 1.2568
		2.4586 3.0070 3.4333
		1.3772 1.1672 -2.1215
		2.2902 1.1672 -0.8649
		2.2902 1.1672 0.6883
		1.3772 1.1672 1.9449
	}
	face 104 {
		3 V(13 5 6) M(0) UV(0.86816 0.94558 0.86700 0.93809 0.86172 0.93837)
		3 V(14 13 6) M(0) UV(0.86358 0.94583 0.86816 0.94558 0.86172 0.93837)
		3 V(14 6 7) M(0) UV(0.86358 0.94583 0.86172 0.93837 0.86180 0.93870)
		3 V(7 15 14) M(0) UV(0.86180 0.93870 0.86365 0.94613 0.86358 0.94583)
		3 V(8 15 7) M(0) UV(0.86723 0.93898 0.86365 0.94613 0.86180 0.93870)
		3 V(16 15 8) M(0) UV(0.86836 0.94638 0.86365 0.94613 0.86723 0.93898)
		3 V(0 1 23) M(0) UV(0.87556 0.87468 0.83849 0.87326 0.87488 0.87293)
		3 V(22 4 0) M(0) UV(0.87624 0.87648 0.83906 0.87613 0.87556 0.87470)
		3 V(31 17 21) M(0) UV(0.87548 0.95110 0.87138 0.95116 0.87556 0.95325)
		3 V(21 20 30) M(0) UV(0.87557 0.95328 0.87150 0.95162 0.87564 0.95168)
		3 V(25 5 29) M(0) UV(0.87540 0.93799 0.86700 0.93809 0.87542 0.94530)
		3 V(28 16 24) M(0) UV(0.87570 0.94647 0.86836 0.94638 0.87572 0.93931)
		3 V(8 7 10) M(0) UV(0.86723 0.93898 0.86180 0.93870 0.81595 0.90725)
		3 V(8 10 9) M(0) UV(0.86723 0.93898 0.81595 0.90725 0.83906 0.90829)
		3 V(10 3 4) M(0) UV(0.81595 0.90725 0.81595 0.87524 0.83906 0.87613)
		3 V(10 4 9) M(0) UV(0.81595 0.90725 0.83906 0.87613 0.83906 0.90829)
		3 V(7 6 11) M(0) UV(0.86180 0.93870 0.86172 0.93837 0.81586 0.90598)
		3 V(7 11 10) M(0) UV(0.86180 0.93870 0.81586 0.90598 0.81595 0.90725)
		3 V(11 2 3) M(0) UV(0.81586 0.90598 0.81586 0.87414 0.81595 0.87524)
		3 V(11 3 10) M(0) UV(0.81586 0.90598 0.81595 0.87524 0.81595 0.90725)
		3 V(6 5 12) M(0) UV(0.86172 0.93837 0.86700 0.93809 0.83849 0.90496)
		3 V(6 12 11) M(0) UV(0.86172 0.93837 0.83849 0.90496 0.81586 0.90598)
		3 V(12 1 2) M(0) UV(0.83849 0.90496 0.83849 0.87326 0.81586 0.87414)
		3 V(12 2 11) M(0) UV(0.83849 0.90496 0.81586 0.87414 0.81586 0.90598)
		3 V(14 18 17) M(0) UV(0.86358 0.94583 0.86874 0.95130 0.87138 0.95116)
		3 V(14 17 13) M(0) UV(0.86358 0.94583 0.87138 0.95116 0.86816 0.94558)
		3 V(15 19 18) M(0) UV(0.86365 0.94613 0.86878 0.95148 0.86874 0.95130)
		3 V(15 18 14) M(0) UV(0.86365 0.94613 0.86874 0.95130 0.86358 0.94583)
		3 V(16 20 19) M(0) UV(0.86836 0.94638 0.87150 0.95162 0.86878 0.95148)
		3 V(16 19 15) M(0) UV(0.86836 0.94638 0.86878 0.95148 0.86365 0.94613)
		3 V(2 1 0) M(0) UV(0.81586 0.87414 0.83849 0.87326 0.87556 0.87468)
		3 V(3 2 0) M(0) UV(0.81595 0.87524 0.81586 0.87414 0.87556 0.87469)
		3 V(4 3 0) M(0) UV(0.83906 0.87613 0.81595 0.87524 0.87556 0.87469)
		3 V(8 9 26) M(0) UV(0.86723 0.93898 0.83906 0.90829 0.87624 0.90869)
		3 V(8 26 24) M(0) UV(0.86723 0.93898 0.87624 0.90869 0.87572 0.93909)
		3 V(9 4 22) M(0) UV(0.83906 0.90829 0.83906 0.87613 0.87624 0.87648)
		3 V(9 22 26) M(0) UV(0.83906 0.90829 0.87624 0.87648 0.87624 0.90869)
		3 V(12 5 25) M(0) UV(0.83849 0.90496 0.86700 0.93809 0.87540 0.93799)
		3 V(12 25 27) M(0) UV(0.83849 0.90496 0.87540 0.93799 0.87488 0.90457)
		3 V(1 12 27) M(0) UV(0.83849 0.87326 0.83849 0.90496 0.87488 0.90457)
		3 V(1 27 23) M(0) UV(0.83849 0.87326 0.87488 0.90457 0.87488 0.87293)
		3 V(13 17 31) M(0) UV(0.86816 0.94558 0.87138 0.95116 0.87548 0.95110)
		3 V(13 31 29) M(0) UV(0.86816 0.94558 0.87548 0.95110 0.87542 0.94549)
		3 V(30 20 16) M(0) UV(0.87564 0.95168 0.87150 0.95162 0.86836 0.94638)
		3 V(30 16 28) M(0) UV(0.87564 0.95168 0.86836 0.94638 0.87570 0.94647)
		3 V(21 17 18) M(0) UV(0.87556 0.95325 0.87138 0.95116 0.86874 0.95130)
		3 V(21 18 21) M(0) UV(0.87556 0.95325 0.86874 0.95130 0.87556 0.95330)
		3 V(18 19 21) M(0) UV(0.86874 0.95130 0.86878 0.95148 0.87556 0.95331)
		3 V(19 20 21) M(0) UV(0.86878 0.95148 0.87150 0.95162 0.87557 0.95328)
		3 V(29 5 13) M(0) UV(0.87542 0.94530 0.86700 0.93809 0.86816 0.94558)
		3 V(29 13 29) M(0) UV(0.87542 0.94530 0.86816 0.94558 0.87542 0.94549)
		3 V(24 16 8) M(0) UV(0.87572 0.93931 0.86836 0.94638 0.86723 0.93898)
		3 V(37 36 44) M(0) UV(0.86172 0.93837 0.86700 0.93809 0.86816 0.94558)
		3 V(37 44 45) M(0) UV(0.86172 0.93837 0.86816 0.94558 0.86358 0.94583)
		3 V(38 37 45) M(0) UV(0.86180 0.93870 0.86172 0.93837 0.86358 0.94583)
		3 V(45 46 38) M(0) UV(0.86358 0.94583 0.86365 0.94613 0.86180 0.93870)
		3 V(38 46 39) M(0) UV(0.86180 0.93870 0.86365 0.94613 0.86723 0.93898)
		3 V(39 46 47) M(0) UV(0.86723 0.93898 0.86365 0.94613 0.86836 0.94638)
		3 V(23 32 0) M(0) UV(0.87488 0.87293 0.83849 0.87326 0.87556 0.87468)
		3 V(0 35 22) M(0) UV(0.87556 0.87470 0.83906 0.87613 0.87624 0.87648)
		3 V(21 48 31) M(0) UV(0.87556 0.95325 0.87138 0.95116 0.87548 0.95110)
		3 V(30 51 21) M(0) UV(0.87564 0.95168 0.87150 0.95162 0.87557 0.95328)
		3 V(29 36 25) M(0) UV(0.87542 0.94530 0.86700 0.93809 0.87540 0.93799)
		3 V(24 47 28) M(0) UV(0.87572 0.93931 0.86836 0.94638 0.87570 0.94647)
		3 V(41 38 39) M(0) UV(0.81595 0.90725 0.86180 0.93870 0.86723 0.93898)
		3 V(40 41 39) M(0) UV(0.83906 0.90829 0.81595 0.90725 0.86723 0.93898)
		3 V(35 34 41) M(0) UV(0.83906 0.87613 0.81595 0.87524 0.81595 0.90725)
		3 V(40 35 41) M(0) UV(0.83906 0.90829 0.83906 0.87613 0.81595 0.90725)
		3 V(42 37 38) M(0) UV(0.81586 0.90598 0.86172 0.93837 0.86180 0.93870)
		3 V(41 42 38) M(0) UV(0.81595 0.90725 0.81586 0.90598 0.86180 0.93870)
		3 V(34 33 42) M(0) UV(0.81595 0.87524 0.81586 0.87414 0.81586 0.90598)
		3 V(41 34 42) M(0) UV(0.81595 0.90725 0.81595 0.87524 0.81586 0.90598)
		3 V(43 36 37) M(0) UV(0.83849 0.90496 0.86700 0.93809 0.86172 0.93837)
		3 V(42 43 37) M(0) UV(0.81586 0.90598 0.83849 0.90496 0.86172 0.93837)
		3 V(33 32 43) M(0) UV(0.81586 0.87414 0.83849 0.87326 0.83849 0.90496)
		3 V(42 33 43) M(0) UV(0.81586 0.90598 0.81586 0.87414 0.83849 0.90496)
		3 V(48 49 45) M(0) UV(0.87138 0.95116 0.86874 0.95130 0.86358 0.94583)
		3 V(44 48 45) M(0) UV(0.86816 0.94558 0.87138 0.95116 0.86358 0.94583)
		3 V(49 50 46) M(0) UV(0.86874 0.95130 0.86878 0.95148 0.86365 0.94613)
		3 V(45 49 46) M(0) UV(0.86358 0.94583 0.86874 0.95130 0.86365 0.94613)
		3 V(50 51 47) M(0) UV(0.86878 0.95148 0.87150 0.95162 0.86836 0.94638)
		3 V(46 50 47) M(0) UV(0.86365 0.94613 0.86878 0.95148 0.86836 0.94638)
		3 V(0 32 33) M(0) UV(0.87556 0.87468 0.83849 0.87326 0.81586 0.87414)
		3 V(0 33 34) M(0) UV(0.87556 0.87469 0.81586 0.87414 0.81595 0.87524)
		3 V(0 34 35) M(0) UV(0.87556 0.87469 0.81595 0.87524 0.83906 0.87613)
		3 V(26 40 39) M(0) UV(0.87624 0.90869 0.83906 0.90829 0.86723 0.93898)
		3 V(24 26 39) M(0) UV(0.87572 0.93909 0.87624 0.90869 0.86723 0.93898)
		3 V(22 35 40) M(0) UV(0.87624 0.87648 0.83906 0.87613 0.83906 0.90829)
		3 V(26 22 40) M(0) UV(0.87624 0.90869 0.87624 0.87648 0.83906 0.90829)
		3 V(25 36 43) M(0) UV(0.87540 0.93799 0.86700 0.93809 0.83849 0.90496)
		3 V(27 25 43) M(0) UV(0.87488 0.90457 0.87540 0.93799 0.83849 0.90496)
		3 V(27 43 32) M(0) UV(0.87488 0.90457 0.83849 0.90496 0.83849 0.87326)
		3 V(23 27 32) M(0) UV(0.87488 0.87293 0.87488 0.90457 0.83849 0.87326)
		3 V(31 48 44) M(0) UV(0.87548 0.95110 0.87138 0.95116 0.86816 0.94558)
		3 V(29 31 44) M(0) UV(0.87542 0.94549 0.87548 0.95110 0.86816 0.94558)
		3 V(47 51 30) M(0) UV(0.86836 0.94638 0.87150 0.95162 0.87564 0.95168)
		3 V(28 47 30) M(0) UV(0.87570 0.94647 0.86836 0.94638 0.87564 0.95168)
		3 V(49 48 21) M(0) UV(0.86874 0.95130 0.87138 0.95116 0.87556 0.95325)
		3 V(21 49 21) M(0) UV(0.87556 0.95330 0.86874 0.95130 0.87556 0.95325)
		3 V(21 50 49) M(0) UV(0.87556 0.95331 0.86878 0.95148 0.86874 0.95130)
		3 V(21 51 50) M(0) UV(0.87557 0.95328 0.87150 0.95162 0.86878 0.95148)
		3 V(44 36 29) M(0) UV(0.86816 0.94558 0.86700 0.93809 0.87542 0.94530)
		3 V(29 44 29) M(0) UV(0.87542 0.94549 0.86816 0.94558 0.87542 0.94530)
		3 V(39 47 24) M(0) UV(0.86723 0.93898 0.86836 0.94638 0.87572 0.93931)
	}
}
Eof
