Metasequoia Document
Format Text Ver 1.1

Scene {
	pos -0.0000 -0.0000 8148.0259
	lookat 41.5093 329.6514 -115.2397
	head 18.1771
	pich 0.3992
	bank 0.0000
	ortho 0
	zoom2 0.9205
	amb 0.250 0.250 0.250
	dirlights 3 {
		light {
			dir 0.408 0.408 0.816
			color 1.000 1.000 1.000
		}
		light {
			dir -0.667 0.667 0.333
			color 0.500 0.500 0.500
		}
		light {
			dir -0.408 -0.408 0.816
			color 0.500 0.500 0.500
		}
	}
}
Material 1 {
	"mat1" shader(3) col(1.000 1.000 1.000 1.000) dif(0.800) amb(0.600) emi(0.000) spc(0.000) power(5.00) tex("..\..\textures\planes\minecraft.png")
}
Object "$body" {
	depth 0
	folding 0
	scale 1.000000 1.000000 1.000000
	rotation 0.000000 0.000000 0.000000
	translation 0.000000 0.000000 0.000000
	visible 15
	locking 1
	shading 1
	facet 59.5
	color 0.898 0.498 0.698
	color_type 0
	vertex 626 {
		449.9868 215.5916 -949.9734
		449.9868 165.5934 -949.9734
		149.9957 165.5934 -949.9734
		49.9988 165.5934 -949.9734
		49.9988 165.5934 -1049.9700
		149.9957 165.5934 -1049.9697
		49.9988 115.5941 -1049.9700
		149.9957 115.5941 -1049.9697
		149.9957 115.5941 -949.9734
		49.9988 115.5941 -949.9734
		149.9957 315.5884 -949.9734
		49.9988 315.5884 -949.9734
		49.9988 315.5884 -1049.9700
		149.9957 315.5884 -1049.9697
		149.9957 265.5900 -1049.9697
		149.9957 265.5900 -949.9734
		49.9988 265.5900 -949.9734
		-49.9985 265.5900 -949.9734
		49.9988 215.5916 -949.9734
		-49.9985 215.5916 -949.9734
		-49.9985 165.5934 -949.9734
		-149.9955 165.5934 -949.9734
		-149.9954 165.5934 -1049.9697
		-49.9987 165.5934 -1049.9697
		-149.9954 115.5941 -1049.9697
		-49.9987 115.5941 -1049.9697
		-49.9985 115.5941 -949.9734
		-149.9955 115.5941 -949.9734
		-49.9985 315.5884 -949.9734
		-149.9955 315.5884 -949.9734
		-149.9954 315.5884 -1049.9697
		-49.9987 315.5884 -1049.9697
		-149.9954 265.5900 -1049.9697
		-149.9955 265.5900 -949.9734
		449.9868 215.5916 -849.9758
		449.9868 165.5934 -849.9758
		349.9897 215.5916 -849.9762
		349.9897 215.5916 -949.9734
		349.9897 165.5934 -949.9734
		349.9897 165.5934 -849.9762
		249.9925 215.5916 -849.9758
		249.9925 215.5916 -949.9734
		249.9925 165.5934 -949.9734
		249.9925 165.5934 -849.9758
		149.9957 215.5916 -849.9758
		149.9957 215.5916 -949.9734
		149.9957 165.5934 -849.9758
		149.9957 465.5831 -849.9758
		149.9957 115.5941 -849.9758
		49.9987 115.5941 -849.9762
		49.9987 165.5934 -849.9762
		149.9957 265.5900 -849.9758
		49.9987 265.5900 -849.9762
		149.9957 315.5884 -849.9758
		49.9987 315.5884 -849.9762
		-49.9986 265.5900 -849.9758
		-49.9986 165.5934 -849.9758
		-49.9986 115.5941 -849.9758
		-149.9955 115.5941 -849.9758
		-149.9955 165.5934 -849.9758
		-149.9955 265.5900 -849.9758
		-49.9986 315.5884 -849.9758
		-149.9955 315.5884 -849.9758
		-149.9955 215.5916 -849.9758
		-249.9923 215.5916 -849.9758
		-249.9923 215.5916 -949.9734
		-149.9955 215.5916 -949.9734
		-249.9923 165.5934 -949.9734
		-249.9923 165.5934 -849.9758
		-249.9923 465.5831 -849.9758
		-349.9894 215.5916 -849.9762
		-349.9894 215.5916 -949.9734
		-349.9894 165.5934 -949.9734
		-349.9894 165.5934 -849.9762
		449.9868 215.5916 -749.9790
		349.9896 215.5916 -749.9790
		449.9868 165.5934 -749.9790
		349.9896 165.5934 -749.9790
		249.9925 215.5916 -749.9794
		249.9925 165.5934 -749.9794
		149.9956 165.5934 -749.9790
		149.9957 365.5865 -849.9758
		149.9956 265.5900 -749.9790
		149.9956 365.5865 -749.9790
		149.9956 465.5831 -749.9790
		149.9956 115.5941 -749.9790
		49.9987 115.5941 -749.9790
		49.9987 165.5934 -749.9790
		49.9987 265.5900 -749.9790
		149.9956 315.5884 -749.9790
		49.9987 315.5884 -749.9790
		-49.9985 115.5941 -749.9794
		-49.9985 165.5934 -749.9794
		-49.9985 265.5900 -749.9794
		-149.9955 115.5941 -749.9794
		-149.9955 165.5934 -749.9794
		-149.9955 265.5900 -749.9794
		-49.9985 315.5884 -749.9794
		-149.9955 315.5884 -749.9794
		-249.9923 265.5900 -849.9758
		-249.9923 165.5934 -749.9794
		-249.9923 265.5900 -749.9794
		-249.9923 365.5865 -849.9758
		-249.9923 365.5865 -749.9794
		-249.9923 465.5831 -749.9794
		-249.9923 215.5916 -749.9794
		-349.9894 215.5916 -749.9794
		-349.9894 165.5934 -749.9794
		349.9896 215.5916 -649.9822
		249.9925 215.5916 -649.9824
		349.9896 165.5934 -649.9822
		249.9925 165.5934 -649.9824
		149.9956 165.5934 -649.9821
		149.9956 265.5900 -649.9821
		49.9986 265.5900 -649.9821
		49.9986 165.5934 -649.9821
		49.9986 115.5941 -649.9821
		-49.9985 115.5941 -649.9822
		-49.9985 165.5934 -649.9822
		-49.9985 265.5900 -649.9822
		-149.9955 265.5900 -649.9824
		-149.9955 165.5934 -649.9824
		-249.9924 165.5934 -649.9824
		-249.9924 265.5900 -649.9824
		-249.9924 365.5865 -649.9824
		-249.9924 215.5916 -649.9824
		-349.9896 215.5916 -649.9824
		-349.9896 165.5934 -649.9824
		249.9924 265.5900 -549.9849
		149.9956 265.5900 -549.9849
		249.9924 165.5934 -549.9849
		149.9956 165.5934 -549.9849
		49.9987 265.5900 -549.9849
		49.9987 165.5934 -549.9849
		49.9987 115.5941 -549.9849
		-49.9986 115.5941 -549.9849
		-49.9986 165.5934 -549.9849
		-49.9986 265.5900 -549.9849
		-149.9955 265.5900 -549.9849
		-149.9955 165.5934 -549.9849
		-249.9924 265.5900 -549.9849
		-249.9924 165.5934 -549.9849
		349.9896 215.5916 -449.9880
		249.9924 215.5916 -449.9880
		249.9924 215.5916 -549.9849
		349.9896 215.5916 -549.9849
		349.9896 165.5934 -549.9849
		349.9896 165.5934 -449.9880
		249.9924 165.5934 -449.9880
		249.9924 265.5900 -449.9880
		149.9957 265.5900 -449.9880
		149.9957 165.5934 -449.9880
		149.9956 115.5941 -549.9849
		149.9957 115.5941 -449.9880
		49.9986 115.5941 -449.9881
		49.9986 165.5934 -449.9881
		49.9986 265.5900 -449.9881
		-49.9986 65.5970 -549.9849
		49.9987 65.5970 -549.9849
		49.9986 65.5970 -449.9881
		-49.9986 65.5970 -449.9880
		-49.9986 165.5934 -449.9880
		-49.9986 265.5900 -449.9880
		-149.9955 115.5941 -549.9849
		-49.9986 115.5941 -449.9880
		-149.9955 115.5941 -449.9880
		-149.9955 165.5934 -449.9880
		-149.9955 265.5900 -449.9880
		-249.9923 265.5900 -449.9880
		-249.9923 215.5916 -449.9880
		-349.9895 215.5916 -449.9880
		-349.9895 215.5916 -549.9849
		-249.9924 215.5916 -549.9849
		-349.9895 165.5934 -549.9849
		-349.9895 165.5934 -449.9880
		449.9868 215.5916 -349.9910
		449.9868 215.5916 -449.9880
		449.9868 165.5934 -449.9880
		449.9868 165.5934 -349.9910
		349.9897 215.5916 -349.9911
		249.9924 215.5916 -349.9911
		249.9924 165.5934 -349.9911
		149.9957 165.5934 -349.9911
		249.9924 115.5941 -449.9880
		249.9924 115.5941 -349.9911
		149.9957 115.5941 -349.9911
		149.9957 215.5916 -349.9911
		149.9957 215.5916 -449.9880
		49.9986 65.5970 -349.9911
		149.9957 190.5926 -449.9880
		49.9986 190.5926 -449.9881
		49.9986 190.5926 -349.9911
		149.9957 190.5926 -349.9911
		49.9986 265.5900 -349.9911
		149.9957 265.5900 -349.9911
		49.9986 165.5934 -349.9911
		-49.9986 65.5970 -349.9911
		-49.9986 165.5934 -349.9911
		-49.9986 265.5900 -349.9911
		49.9986 315.5884 -349.9911
		-49.9986 315.5884 -349.9911
		-49.9986 315.5884 -449.9880
		49.9986 315.5884 -449.9881
		-49.9986 190.5926 -449.9880
		-149.9955 190.5926 -449.9880
		-149.9956 190.5926 -349.9911
		-49.9986 190.5926 -349.9911
		-149.9956 265.5900 -349.9911
		-149.9956 215.5916 -349.9911
		-249.9923 215.5916 -349.9911
		-149.9955 215.5916 -449.9880
		-149.9956 165.5934 -349.9911
		-349.9896 215.5916 -349.9911
		-349.9896 165.5934 -349.9911
		449.9868 215.5916 -249.9938
		449.9868 165.5934 -249.9938
		349.9896 215.5916 -249.9939
		249.9924 165.5934 -249.9938
		249.9924 115.5941 -249.9938
		249.9924 215.5916 -249.9938
		149.9957 165.5934 -249.9939
		149.9957 115.5941 -249.9939
		149.9957 215.5916 -249.9939
		49.9986 115.5941 -349.9911
		49.9986 115.5941 -249.9939
		49.9986 165.5934 -249.9939
		149.9957 265.5900 -249.9939
		49.9986 265.5900 -249.9939
		49.9986 65.5970 -249.9939
		-49.9986 65.5970 -249.9939
		-49.9986 165.5934 -249.9939
		-49.9986 265.5900 -249.9939
		49.9986 315.5884 -249.9939
		-49.9986 315.5884 -249.9939
		-149.9956 115.5941 -349.9911
		-49.9986 115.5941 -349.9911
		-49.9986 115.5941 -249.9939
		-149.9956 115.5941 -249.9939
		-149.9956 165.5934 -249.9939
		-149.9956 265.5900 -249.9939
		-249.9923 165.5934 -249.9939
		-249.9923 115.5941 -249.9939
		-149.9956 215.5916 -249.9939
		-249.9923 215.5916 -249.9939
		-349.9896 165.5934 -249.9940
		-349.9896 115.5941 -349.9911
		-349.9896 115.5941 -249.9940
		-349.9896 215.5916 -249.9940
		449.9868 215.5916 -149.9970
		449.9868 165.5934 -149.9970
		349.9896 165.5934 -149.9970
		349.9896 215.5916 -149.9970
		249.9924 215.5916 -149.9970
		249.9924 165.5934 -149.9970
		149.9956 165.5934 -149.9970
		249.9924 115.5941 -149.9970
		149.9956 115.5941 -149.9970
		149.9956 215.5916 -149.9970
		49.9986 115.5941 -149.9970
		49.9986 165.5934 -149.9970
		149.9956 265.5900 -149.9970
		49.9986 265.5900 -149.9970
		49.9986 65.5970 -149.9970
		-49.9986 65.5970 -149.9970
		-49.9986 165.5934 -149.9970
		-49.9986 265.5900 -149.9970
		49.9986 315.5884 -149.9970
		-49.9986 315.5884 -149.9970
		-49.9986 115.5941 -149.9970
		-149.9956 115.5941 -149.9970
		-149.9956 165.5934 -149.9970
		-149.9956 265.5900 -149.9970
		-249.9924 165.5934 -149.9970
		-249.9924 115.5941 -149.9970
		-149.9956 215.5916 -149.9970
		-249.9924 215.5916 -149.9970
		-349.9896 215.5916 -149.9972
		-349.9896 165.5934 -149.9972
		449.9868 165.5934 -49.9999
		349.9896 165.5934 -50.0000
		449.9868 215.5916 -49.9999
		349.9896 215.5916 -50.0000
		249.9924 215.5916 -50.0000
		249.9924 165.5934 -50.0000
		149.9956 215.5916 -50.0000
		149.9956 165.5934 -50.0000
		149.9956 115.5941 -50.0000
		49.9986 115.5941 -50.0000
		49.9986 165.5934 -50.0000
		149.9956 265.5900 -50.0000
		49.9986 265.5900 -50.0000
		49.9986 65.5970 -50.0000
		-49.9986 65.5970 -50.0000
		-49.9986 165.5934 -50.0000
		-49.9986 265.5900 -50.0000
		49.9986 315.5884 -50.0000
		-49.9986 315.5884 -50.0000
		-49.9986 115.5941 -50.0000
		-149.9956 115.5941 -50.0000
		-149.9956 165.5934 -50.0000
		-149.9956 265.5900 -50.0000
		-149.9956 215.5916 -50.0000
		-249.9924 215.5916 -50.0000
		-249.9924 165.5934 -50.0000
		-349.9896 215.5916 -50.0000
		-349.9896 165.5934 -50.0000
		349.9896 165.5934 49.9972
		349.9896 215.5916 49.9972
		249.9924 215.5916 49.9970
		249.9924 165.5934 49.9970
		149.9956 215.5916 49.9970
		149.9956 165.5934 49.9970
		149.9956 115.5941 49.9970
		49.9986 115.5941 49.9970
		49.9986 165.5934 49.9970
		149.9956 265.5900 49.9970
		49.9986 265.5900 49.9970
		49.9986 65.5970 49.9970
		-49.9986 65.5970 49.9970
		-49.9986 165.5934 49.9970
		-49.9986 265.5900 49.9970
		49.9986 315.5884 49.9970
		-49.9986 315.5884 49.9970
		-49.9986 115.5941 49.9970
		-149.9956 115.5941 49.9970
		-149.9956 165.5934 49.9970
		-149.9956 265.5900 49.9970
		-149.9956 215.5916 49.9970
		-249.9924 215.5916 49.9970
		-249.9924 165.5934 49.9970
		-349.9896 215.5916 49.9970
		-349.9896 165.5934 49.9970
		249.9923 215.5916 149.9939
		149.9956 215.5916 149.9939
		249.9923 165.5934 149.9939
		149.9956 165.5934 149.9939
		149.9956 115.5941 149.9939
		49.9986 115.5941 149.9939
		49.9986 165.5934 149.9939
		149.9956 265.5900 149.9939
		49.9986 265.5900 149.9939
		49.9986 65.5970 149.9939
		-49.9986 65.5970 149.9939
		-49.9986 165.5934 149.9939
		49.9986 365.5865 149.9939
		-49.9986 365.5865 149.9939
		-49.9986 365.5865 49.9970
		49.9986 365.5865 49.9970
		-49.9986 265.5900 149.9939
		-49.9986 115.5941 149.9939
		-149.9957 115.5941 149.9939
		-149.9957 165.5934 149.9939
		-149.9957 265.5900 149.9939
		-149.9957 215.5916 149.9939
		-249.9924 215.5916 149.9938
		-249.9924 165.5934 149.9938
		449.9866 215.5916 249.9911
		349.9896 215.5916 249.9911
		349.9896 215.5916 149.9940
		449.9866 215.5916 149.9939
		349.9896 165.5934 149.9940
		449.9866 165.5934 149.9939
		449.9866 165.5934 249.9911
		349.9896 165.5934 249.9911
		249.9923 215.5916 249.9911
		249.9923 165.5934 249.9911
		149.9956 215.5916 249.9911
		149.9956 165.5934 249.9911
		149.9956 115.5941 249.9911
		49.9986 115.5941 249.9911
		49.9986 165.5934 249.9911
		149.9956 265.5900 249.9911
		49.9986 265.5900 249.9911
		49.9986 65.5970 249.9911
		-49.9986 65.5970 249.9911
		-49.9986 165.5934 249.9911
		-49.9986 265.5900 249.9911
		49.9986 365.5865 249.9911
		-49.9986 365.5865 249.9911
		-49.9986 115.5941 249.9911
		-149.9957 115.5941 249.9911
		-149.9957 165.5934 249.9911
		-149.9957 265.5900 249.9911
		-149.9957 215.5916 249.9911
		-249.9924 215.5916 249.9911
		-249.9924 165.5934 249.9911
		-349.9897 215.5916 249.9911
		-349.9896 215.5916 149.9939
		-349.9896 165.5934 149.9939
		-349.9897 165.5934 249.9911
		349.9895 215.5916 349.9880
		249.9923 215.5916 349.9880
		349.9895 165.5934 349.9880
		249.9923 165.5934 349.9880
		149.9955 215.5916 349.9880
		149.9955 165.5934 349.9880
		149.9955 115.5941 349.9880
		49.9986 115.5941 349.9880
		49.9986 165.5934 349.9880
		149.9955 265.5900 349.9880
		49.9986 265.5900 349.9880
		49.9986 65.5970 349.9880
		-49.9986 65.5970 349.9881
		49.9986 190.5926 249.9911
		-49.9986 190.5926 249.9911
		-49.9986 190.5926 349.9881
		49.9986 190.5926 349.9880
		-49.9986 265.5900 349.9881
		49.9986 365.5865 349.9880
		-49.9986 365.5865 349.9881
		-49.9986 115.5941 349.9881
		-149.9957 115.5941 349.9880
		-149.9957 165.5934 349.9880
		-49.9986 165.5934 349.9881
		-149.9957 265.5900 349.9880
		-149.9957 215.5916 349.9880
		-249.9924 215.5916 349.9880
		-249.9924 165.5934 349.9880
		-349.9896 215.5916 349.9880
		-349.9896 165.5934 349.9880
		249.9924 215.5916 449.9849
		149.9955 215.5916 449.9849
		249.9924 165.5934 449.9849
		149.9955 165.5934 449.9849
		149.9955 115.5941 449.9849
		49.9986 115.5941 449.9849
		49.9986 165.5934 449.9849
		149.9955 265.5900 449.9849
		49.9986 265.5900 449.9849
		49.9986 65.5970 449.9849
		-49.9987 65.5970 449.9849
		-49.9987 215.5916 449.9849
		49.9986 215.5916 449.9849
		49.9986 265.5900 399.9868
		-49.9986 265.5900 399.9868
		-49.9986 215.5916 399.9868
		49.9986 215.5916 399.9868
		-49.9987 265.5900 449.9849
		-149.9956 265.5900 449.9849
		-149.9956 215.5916 449.9849
		-249.9924 215.5916 449.9849
		-249.9924 165.5934 449.9849
		149.9955 265.5900 549.9824
		49.9985 265.5900 549.9822
		149.9955 165.5934 549.9824
		49.9985 165.5934 549.9822
		-49.9986 165.5934 549.9822
		49.9985 65.5970 549.9822
		-49.9986 65.5970 549.9822
		-49.9986 265.5900 549.9822
		-149.9956 265.5900 549.9822
		-149.9956 165.5934 549.9822
		149.9956 215.5916 649.9797
		49.9986 215.5916 649.9794
		49.9985 215.5916 549.9822
		149.9955 215.5916 549.9824
		149.9956 165.5934 649.9797
		49.9986 165.5934 649.9794
		49.9986 265.5900 649.9794
		-49.9987 265.5900 649.9794
		-49.9987 165.5934 649.9794
		-49.9987 215.5916 649.9794
		-149.9956 215.5916 649.9794
		-149.9956 215.5916 549.9822
		-49.9986 215.5916 549.9822
		-149.9956 165.5934 649.9794
		149.9955 215.5916 749.9760
		49.9986 215.5916 749.9760
		149.9955 165.5934 749.9760
		49.9986 165.5934 749.9760
		49.9986 265.5900 749.9760
		-49.9987 265.5900 749.9762
		-49.9987 165.5934 749.9762
		-49.9987 215.5916 749.9762
		-149.9957 215.5916 749.9760
		-149.9957 165.5934 749.9760
		49.9985 265.5900 849.9734
		-49.9988 265.5900 849.9735
		49.9985 165.5934 849.9734
		-49.9988 165.5934 849.9735
		49.9987 215.5916 949.9698
		-49.9988 215.5916 949.9701
		-49.9988 215.5916 849.9735
		49.9985 215.5916 849.9734
		49.9987 165.5934 949.9698
		-49.9988 165.5934 949.9701
		-449.9865 215.5916 -949.9734
		-449.9865 165.5934 -949.9734
		-449.9868 215.5916 -849.9762
		-449.9868 165.5934 -849.9762
		-449.9868 215.5916 -749.9794
		-449.9868 165.5934 -749.9794
		-449.9866 215.5916 -349.9911
		-449.9868 215.5916 -449.9880
		-449.9868 165.5934 -449.9880
		-449.9866 165.5934 -349.9911
		-449.9866 165.5934 -249.9939
		-449.9866 215.5916 -249.9939
		-449.9868 165.5934 -149.9970
		-449.9868 215.5916 -149.9970
		-449.9868 165.5934 -50.0001
		-449.9868 215.5916 -50.0001
		-449.9868 215.5916 249.9910
		-449.9868 215.5916 149.9938
		-449.9868 165.5934 149.9938
		-449.9868 165.5934 249.9910
		49.9986 415.5857 349.9880
		-49.9986 415.5857 349.9881
		-49.9986 415.5857 249.9911
		49.9986 415.5857 249.9911
		249.9925 465.5831 -849.9758
		249.9925 265.5900 -849.9758
		249.9925 265.5900 -749.9794
		249.9925 365.5865 -849.9758
		249.9925 365.5865 -749.9794
		249.9925 465.5831 -749.9794
		249.9925 265.5900 -649.9824
		249.9925 365.5865 -649.9824
		149.9956 365.5865 -649.9821
		-149.9955 465.5831 -849.9758
		-149.9955 365.5865 -849.9758
		-149.9955 365.5865 -749.9794
		-149.9955 465.5831 -749.9794
		-149.9955 365.5865 -649.9824
		49.9986 215.5916 349.9880
		-49.9986 215.5916 349.9881
		249.9925 565.5810 -949.9734
		249.9925 565.5810 -849.9758
		149.9957 565.5810 -849.9758
		149.9957 565.5810 -949.9734
		149.9957 515.5824 -849.9758
		149.9957 515.5824 -949.9734
		249.9925 515.5824 -949.9734
		249.9925 515.5824 -849.9758
		149.9957 465.5831 -899.9749
		249.9924 465.5831 -899.9749
		149.9957 515.5824 -899.9749
		249.9924 515.5824 -899.9749
		-149.9955 565.5810 -949.9734
		-149.9955 565.5810 -849.9758
		-249.9923 565.5810 -849.9758
		-249.9923 565.5810 -949.9734
		-249.9923 515.5824 -849.9758
		-249.9923 515.5824 -949.9734
		-149.9955 515.5824 -949.9734
		-149.9955 515.5824 -849.9758
		-249.9923 465.5831 -899.9749
		-149.9955 465.5831 -899.9749
		-249.9923 515.5824 -899.9749
		-149.9955 515.5824 -899.9749
		249.9925 515.5824 -749.9794
		149.9956 515.5824 -749.9790
		249.9925 565.5810 -799.9775
		149.9957 565.5810 -799.9775
		149.9957 515.5824 -799.9775
		249.9925 515.5824 -799.9775
		-149.9955 515.5824 -749.9794
		-249.9923 515.5824 -749.9794
		-149.9955 565.5810 -799.9775
		-249.9922 565.5810 -799.9775
		-249.9922 515.5824 -799.9775
		-149.9955 515.5824 -799.9775
		249.9925 415.5857 -649.9824
		249.9925 415.5857 -749.9794
		149.9956 415.5857 -749.9790
		149.9956 415.5857 -649.9821
		249.9924 465.5831 -699.9807
		149.9957 465.5831 -699.9803
		149.9957 415.5857 -699.9803
		249.9924 415.5857 -699.9807
		-149.9955 415.5857 -649.9824
		-149.9955 415.5857 -749.9794
		-249.9923 415.5857 -749.9794
		-249.9924 415.5857 -649.9824
		-149.9956 465.5831 -699.9807
		-249.9924 465.5831 -699.9807
		-249.9924 415.5857 -699.9807
		-149.9956 415.5857 -699.9807
		249.9924 315.5884 -549.9849
		249.9925 315.5884 -649.9824
		149.9956 315.5884 -649.9821
		149.9956 315.5884 -549.9849
		249.9925 365.5865 -599.9835
		149.9956 365.5865 -599.9833
		149.9956 315.5884 -599.9833
		249.9925 315.5884 -599.9835
		-149.9955 315.5884 -549.9849
		-149.9955 315.5884 -649.9824
		-249.9924 315.5884 -649.9824
		-249.9924 315.5884 -549.9849
		-149.9955 365.5865 -599.9835
		-249.9923 365.5865 -599.9835
		-249.9923 315.5884 -599.9835
		-149.9955 315.5884 -599.9835
		18.7995 184.3926 474.9844
		-18.7996 184.3926 474.9846
		-18.7996 165.5934 474.9846
		18.7995 165.5934 474.9844
		18.7994 184.3926 524.9830
		-18.7996 184.3926 524.9830
		-18.7996 165.5934 524.9830
		6.2997 229.3917 462.7885
		-6.2999 229.3917 462.7885
		-6.2999 178.1932 498.5871
		6.2997 178.1932 498.5871
		6.2998 222.2919 452.4883
		-6.2999 222.2919 452.4884
		6.2998 171.0937 488.3871
		-6.2998 171.0937 488.3871
		18.7994 165.5934 524.9830
		-249.9923 165.5934 -449.9880
		-249.9923 165.5934 -349.9911
		-249.9923 115.5941 -349.9911
		-249.9924 115.5941 -449.9880
		-49.9987 165.5934 449.9849
		-149.9956 165.5934 449.9849
		-49.9987 115.5941 449.9849
		-149.9956 115.5941 449.9849
		-49.9987 265.5900 -1049.9697
		49.9988 265.5900 -1049.9700
		-49.9987 215.5916 -1049.9697
		49.9988 215.5916 -1049.9700
		349.9897 165.5934 -349.9911
		349.9897 115.5941 -349.9911
		349.9896 165.5934 -249.9939
		349.9896 115.5941 -249.9939
	}
	face 590 {
		4 V(433 434 407 400) M(0) UV(0.12504 0.68757 0.24976 0.68757 0.24976 0.74994 0.12504 0.74994)
		4 V(432 431 435 436) M(0) UV(0.12504 0.68757 0.24976 0.68757 0.24976 0.74994 0.12504 0.74994)
		4 V(156 150 194 193) M(0) UV(0.12504 0.12496 0.24977 0.12496 0.24977 0.00021 0.12504 0.00021)
		4 V(167 162 198 207) M(0) UV(0.12504 0.12496 0.24977 0.12496 0.24977 0.00021 0.12504 0.00021)
		4 V(376 372 400 407) M(0) UV(0.12515 0.87485 0.24987 0.87485 0.24987 0.75011 0.12515 0.75011)
		4 V(435 434 433 436) M(0) UV(0.24976 0.74994 0.24976 0.68757 0.12504 0.68757 0.12504 0.74994)
		4 V(263 262 228 229) M(0) UV(0.25001 0.37498 0.37474 0.37498 0.37474 0.25023 0.25001 0.25023)
		4 V(292 291 262 263) M(0) UV(0.25001 0.37498 0.37474 0.37498 0.37474 0.25023 0.25001 0.25023)
		4 V(318 317 291 292) M(0) UV(0.25001 0.37498 0.37474 0.37498 0.37474 0.25023 0.25001 0.25023)
		4 V(342 341 317 318) M(0) UV(0.25001 0.37498 0.37474 0.37498 0.37474 0.25023 0.25001 0.25023)
		4 V(445 446 614 426) M(0) UV(0.12504 0.12496 0.24977 0.12496 0.24977 0.00021 0.12504 0.00021)
		4 V(448 447 429 430) M(0) UV(0.12504 0.12496 0.24977 0.12496 0.24977 0.00021 0.12504 0.00021)
		4 V(193 194 150 156) M(0) UV(0.12515 0.87485 0.24987 0.87485 0.24987 0.75011 0.12515 0.75011)
		4 V(207 198 162 167) M(0) UV(0.12515 0.87485 0.24987 0.87485 0.24987 0.75011 0.12515 0.75011)
		4 V(113 114 88 82) M(0) UV(-0.00000 0.62475 0.12473 0.62475 0.12473 0.50000 -0.00000 0.50000)
		4 V(115 112 80 87) M(0) UV(-0.00000 0.62475 0.12473 0.62475 0.12473 0.50000 -0.00000 0.50000)
		4 V(119 120 96 93) M(0) UV(-0.00000 0.62475 0.12473 0.62475 0.12473 0.50000 -0.00000 0.50000)
		4 V(121 118 92 95) M(0) UV(-0.00000 0.62475 0.12473 0.62475 0.12473 0.50000 -0.00000 0.50000)
		4 V(133 131 112 115) M(0) UV(-0.00000 0.62475 0.12473 0.62475 0.12473 0.50000 -0.00000 0.50000)
		4 V(139 136 118 121) M(0) UV(-0.00000 0.62475 0.12473 0.62475 0.12473 0.50000 -0.00000 0.50000)
		4 V(150 156 132 129) M(0) UV(-0.00000 0.62475 0.12473 0.62475 0.12473 0.50000 -0.00000 0.50000)
		4 V(162 167 138 137) M(0) UV(-0.00000 0.62475 0.12473 0.62475 0.12473 0.50000 -0.00000 0.50000)
		4 V(2 3 4 5) M(0) UV(0.12515 0.87485 0.24987 0.87485 0.24987 0.75011 0.12515 0.75011)
		4 V(9 8 7 6) M(0) UV(0.12515 0.87485 0.24987 0.87485 0.24987 0.75011 0.12515 0.75011)
		4 V(10 11 12 13) M(0) UV(0.12515 0.87485 0.24987 0.87485 0.24987 0.75011 0.12515 0.75011)
		4 V(16 15 14 619) M(0) UV(0.12515 0.87485 0.24987 0.87485 0.24987 0.75011 0.12515 0.75011)
		4 V(16 17 618 619) M(0) UV(0.12515 0.87485 0.24987 0.87485 0.24987 0.75011 0.12515 0.75011)
		4 V(19 18 621 620) M(0) UV(0.12515 0.87485 0.24987 0.87485 0.24987 0.75011 0.12515 0.75011)
		4 V(20 21 22 23) M(0) UV(0.12515 0.87485 0.24987 0.87485 0.24987 0.75011 0.12515 0.75011)
		4 V(27 26 25 24) M(0) UV(0.12515 0.87485 0.24987 0.87485 0.24987 0.75011 0.12515 0.75011)
		4 V(28 29 30 31) M(0) UV(0.12515 0.87485 0.24987 0.87485 0.24987 0.75011 0.12515 0.75011)
		4 V(33 17 618 32) M(0) UV(0.12515 0.87485 0.24987 0.87485 0.24987 0.75011 0.12515 0.75011)
		4 V(34 36 37 0) M(0) UV(0.12515 0.87485 0.24987 0.87485 0.24987 0.75011 0.12515 0.75011)
		4 V(39 35 1 38) M(0) UV(0.12515 0.87485 0.24987 0.87485 0.24987 0.75011 0.12515 0.75011)
		4 V(36 40 41 37) M(0) UV(0.12515 0.87485 0.24987 0.87485 0.24987 0.75011 0.12515 0.75011)
		4 V(43 39 38 42) M(0) UV(0.12515 0.87485 0.24987 0.87485 0.24987 0.75011 0.12515 0.75011)
		4 V(40 44 45 41) M(0) UV(0.12515 0.87485 0.24987 0.87485 0.24987 0.75011 0.12515 0.75011)
		4 V(46 43 42 2) M(0) UV(0.12515 0.87485 0.24987 0.87485 0.24987 0.75011 0.12515 0.75011)
		4 V(49 48 8 9) M(0) UV(0.12515 0.87485 0.24987 0.87485 0.24987 0.75011 0.12515 0.75011)
		4 V(53 54 11 10) M(0) UV(0.12515 0.87485 0.24987 0.87485 0.24987 0.75011 0.12515 0.75011)
		4 V(52 55 17 16) M(0) UV(0.12515 0.87485 0.24987 0.87485 0.24987 0.75011 0.12515 0.75011)
		4 V(56 50 3 20) M(0) UV(0.12515 0.87485 0.24987 0.87485 0.24987 0.75011 0.12515 0.75011)
		4 V(58 57 26 27) M(0) UV(0.12515 0.87485 0.24987 0.87485 0.24987 0.75011 0.12515 0.75011)
		4 V(61 62 29 28) M(0) UV(0.12515 0.87485 0.24987 0.87485 0.24987 0.75011 0.12515 0.75011)
		4 V(63 64 65 66) M(0) UV(0.12515 0.87485 0.24987 0.87485 0.24987 0.75011 0.12515 0.75011)
		4 V(68 59 21 67) M(0) UV(0.12515 0.87485 0.24987 0.87485 0.24987 0.75011 0.12515 0.75011)
		4 V(64 70 71 65) M(0) UV(0.12515 0.87485 0.24987 0.87485 0.24987 0.75011 0.12515 0.75011)
		4 V(73 68 67 72) M(0) UV(0.12515 0.87485 0.24987 0.87485 0.24987 0.75011 0.12515 0.75011)
		4 V(74 75 36 34) M(0) UV(0.12515 0.87485 0.24987 0.87485 0.24987 0.75011 0.12515 0.75011)
		4 V(77 76 35 39) M(0) UV(0.12515 0.87485 0.24987 0.87485 0.24987 0.75011 0.12515 0.75011)
		4 V(75 78 40 36) M(0) UV(0.12515 0.87485 0.24987 0.87485 0.24987 0.75011 0.12515 0.75011)
		4 V(79 77 39 43) M(0) UV(0.12515 0.87485 0.24987 0.87485 0.24987 0.75011 0.12515 0.75011)
		4 V(80 79 43 46) M(0) UV(0.12515 0.87485 0.24987 0.87485 0.24987 0.75011 0.12515 0.75011)
		4 V(86 85 48 49) M(0) UV(0.12515 0.87485 0.24987 0.87485 0.24987 0.75011 0.12515 0.75011)
		4 V(89 90 54 53) M(0) UV(0.12515 0.87485 0.24987 0.87485 0.24987 0.75011 0.12515 0.75011)
		4 V(91 86 49 57) M(0) UV(0.12515 0.87485 0.24987 0.87485 0.24987 0.75011 0.12515 0.75011)
		4 V(88 93 55 52) M(0) UV(0.12515 0.87485 0.24987 0.87485 0.24987 0.75011 0.12515 0.75011)
		4 V(94 91 57 58) M(0) UV(0.12515 0.87485 0.24987 0.87485 0.24987 0.75011 0.12515 0.75011)
		4 V(97 98 62 61) M(0) UV(0.12515 0.87485 0.24987 0.87485 0.24987 0.75011 0.12515 0.75011)
		4 V(100 95 59 68) M(0) UV(0.12515 0.87485 0.24987 0.87485 0.24987 0.75011 0.12515 0.75011)
		4 V(105 106 70 64) M(0) UV(0.12515 0.87485 0.24987 0.87485 0.24987 0.75011 0.12515 0.75011)
		4 V(107 100 68 73) M(0) UV(0.12515 0.87485 0.24987 0.87485 0.24987 0.75011 0.12515 0.75011)
		4 V(108 109 78 75) M(0) UV(0.12515 0.87485 0.24987 0.87485 0.24987 0.75011 0.12515 0.75011)
		4 V(111 110 77 79) M(0) UV(0.12515 0.87485 0.24987 0.87485 0.24987 0.75011 0.12515 0.75011)
		4 V(112 111 79 80) M(0) UV(0.12515 0.87485 0.24987 0.87485 0.24987 0.75011 0.12515 0.75011)
		4 V(117 116 86 91) M(0) UV(0.12515 0.87485 0.24987 0.87485 0.24987 0.75011 0.12515 0.75011)
		4 V(114 119 93 88) M(0) UV(0.12515 0.87485 0.24987 0.87485 0.24987 0.75011 0.12515 0.75011)
		4 V(122 121 95 100) M(0) UV(0.12515 0.87485 0.24987 0.87485 0.24987 0.75011 0.12515 0.75011)
		4 V(125 126 106 105) M(0) UV(0.12515 0.87485 0.24987 0.87485 0.24987 0.75011 0.12515 0.75011)
		4 V(127 122 100 107) M(0) UV(0.12515 0.87485 0.24987 0.87485 0.24987 0.75011 0.12515 0.75011)
		4 V(131 130 111 112) M(0) UV(0.12515 0.87485 0.24987 0.87485 0.24987 0.75011 0.12515 0.75011)
		4 V(135 134 116 117) M(0) UV(0.12515 0.87485 0.24987 0.87485 0.24987 0.75011 0.12515 0.75011)
		4 V(141 139 121 122) M(0) UV(0.12515 0.87485 0.24987 0.87485 0.24987 0.75011 0.12515 0.75011)
		4 V(142 143 144 145) M(0) UV(0.12515 0.87485 0.24987 0.87485 0.24987 0.75011 0.12515 0.75011)
		4 V(148 147 146 130) M(0) UV(0.12515 0.87485 0.24987 0.87485 0.24987 0.75011 0.12515 0.75011)
		4 V(149 150 129 128) M(0) UV(0.12515 0.87485 0.24987 0.87485 0.24987 0.75011 0.12515 0.75011)
		4 V(151 148 130 131) M(0) UV(0.12515 0.87485 0.24987 0.87485 0.24987 0.75011 0.12515 0.75011)
		4 V(154 153 152 134) M(0) UV(0.12515 0.87485 0.24987 0.87485 0.24987 0.75011 0.12515 0.75011)
		4 V(160 159 158 157) M(0) UV(0.12515 0.87485 0.24987 0.87485 0.24987 0.75011 0.12515 0.75011)
		4 V(156 162 137 132) M(0) UV(0.12515 0.87485 0.24987 0.87485 0.24987 0.75011 0.12515 0.75011)
		4 V(165 164 135 163) M(0) UV(0.12515 0.87485 0.24987 0.87485 0.24987 0.75011 0.12515 0.75011)
		4 V(167 168 140 138) M(0) UV(0.12515 0.87485 0.24987 0.87485 0.24987 0.75011 0.12515 0.75011)
		4 V(610 166 139 141) M(0) UV(0.12515 0.87485 0.24987 0.87485 0.24987 0.75011 0.12515 0.75011)
		4 V(169 170 171 172) M(0) UV(0.12515 0.87485 0.24987 0.87485 0.24987 0.75011 0.12515 0.75011)
		4 V(174 610 141 173) M(0) UV(0.12515 0.87485 0.24987 0.87485 0.24987 0.75011 0.12515 0.75011)
		4 V(175 179 142 176) M(0) UV(0.12515 0.87485 0.24987 0.87485 0.24987 0.75011 0.12515 0.75011)
		4 V(622 178 177 147) M(0) UV(0.12515 0.87485 0.24987 0.87485 0.24987 0.75011 0.12515 0.75011)
		4 V(179 180 143 142) M(0) UV(0.12515 0.87485 0.24987 0.87485 0.24987 0.75011 0.12515 0.75011)
		4 V(181 622 147 148) M(0) UV(0.12515 0.87485 0.24987 0.87485 0.24987 0.75011 0.12515 0.75011)
		4 V(185 184 183 153) M(0) UV(0.12515 0.87485 0.24987 0.87485 0.24987 0.75011 0.12515 0.75011)
		4 V(180 186 187 143) M(0) UV(0.12515 0.87485 0.24987 0.87485 0.24987 0.75011 0.12515 0.75011)
		4 V(199 200 201 202) M(0) UV(0.12515 0.87485 0.24987 0.87485 0.24987 0.75011 0.12515 0.75011)
		4 V(208 209 169 210) M(0) UV(0.12515 0.87485 0.24987 0.87485 0.24987 0.75011 0.12515 0.75011)
		4 V(209 212 170 169) M(0) UV(0.12515 0.87485 0.24987 0.87485 0.24987 0.75011 0.12515 0.75011)
		4 V(213 611 610 174) M(0) UV(0.12515 0.87485 0.24987 0.87485 0.24987 0.75011 0.12515 0.75011)
		4 V(214 216 179 175) M(0) UV(0.12515 0.87485 0.24987 0.87485 0.24987 0.75011 0.12515 0.75011)
		4 V(218 625 623 184) M(0) UV(0.12515 0.87485 0.24987 0.87485 0.24987 0.75011 0.12515 0.75011)
		4 V(216 219 180 179) M(0) UV(0.12515 0.87485 0.24987 0.87485 0.24987 0.75011 0.12515 0.75011)
		4 V(221 218 184 185) M(0) UV(0.12515 0.87485 0.24987 0.87485 0.24987 0.75011 0.12515 0.75011)
		4 V(219 222 186 180) M(0) UV(0.12515 0.87485 0.24987 0.87485 0.24987 0.75011 0.12515 0.75011)
		4 V(224 221 185 223) M(0) UV(0.12515 0.87485 0.24987 0.87485 0.24987 0.75011 0.12515 0.75011)
		4 V(229 228 188 196) M(0) UV(0.12515 0.87485 0.24987 0.87485 0.24987 0.75011 0.12515 0.75011)
		4 V(237 236 235 234) M(0) UV(0.12515 0.87485 0.24987 0.87485 0.24987 0.75011 0.12515 0.75011)
		4 V(241 237 234 612) M(0) UV(0.12515 0.87485 0.24987 0.87485 0.24987 0.75011 0.12515 0.75011)
		4 V(242 243 209 208) M(0) UV(0.12515 0.87485 0.24987 0.87485 0.24987 0.75011 0.12515 0.75011)
		4 V(246 241 612 245) M(0) UV(0.12515 0.87485 0.24987 0.87485 0.24987 0.75011 0.12515 0.75011)
		4 V(243 247 212 209) M(0) UV(0.12515 0.87485 0.24987 0.87485 0.24987 0.75011 0.12515 0.75011)
		4 V(248 251 216 214) M(0) UV(0.12515 0.87485 0.24987 0.87485 0.24987 0.75011 0.12515 0.75011)
		4 V(251 252 219 216) M(0) UV(0.12515 0.87485 0.24987 0.87485 0.24987 0.75011 0.12515 0.75011)
		4 V(253 250 624 217) M(0) UV(0.12515 0.87485 0.24987 0.87485 0.24987 0.75011 0.12515 0.75011)
		4 V(256 255 218 221) M(0) UV(0.12515 0.87485 0.24987 0.87485 0.24987 0.75011 0.12515 0.75011)
		4 V(252 257 222 219) M(0) UV(0.12515 0.87485 0.24987 0.87485 0.24987 0.75011 0.12515 0.75011)
		4 V(258 256 221 224) M(0) UV(0.12515 0.87485 0.24987 0.87485 0.24987 0.75011 0.12515 0.75011)
		4 V(266 267 233 232) M(0) UV(0.12515 0.87485 0.24987 0.87485 0.24987 0.75011 0.12515 0.75011)
		4 V(269 268 236 237) M(0) UV(0.12515 0.87485 0.24987 0.87485 0.24987 0.75011 0.12515 0.75011)
		4 V(273 269 237 241) M(0) UV(0.12515 0.87485 0.24987 0.87485 0.24987 0.75011 0.12515 0.75011)
		4 V(274 275 243 242) M(0) UV(0.12515 0.87485 0.24987 0.87485 0.24987 0.75011 0.12515 0.75011)
		4 V(275 276 247 243) M(0) UV(0.12515 0.87485 0.24987 0.87485 0.24987 0.75011 0.12515 0.75011)
		4 V(277 272 240 244) M(0) UV(0.12515 0.87485 0.24987 0.87485 0.24987 0.75011 0.12515 0.75011)
		4 V(280 281 251 248) M(0) UV(0.12515 0.87485 0.24987 0.87485 0.24987 0.75011 0.12515 0.75011)
		4 V(281 282 252 251) M(0) UV(0.12515 0.87485 0.24987 0.87485 0.24987 0.75011 0.12515 0.75011)
		4 V(283 279 250 253) M(0) UV(0.12515 0.87485 0.24987 0.87485 0.24987 0.75011 0.12515 0.75011)
		4 V(282 284 257 252) M(0) UV(0.12515 0.87485 0.24987 0.87485 0.24987 0.75011 0.12515 0.75011)
		4 V(285 283 253 254) M(0) UV(0.12515 0.87485 0.24987 0.87485 0.24987 0.75011 0.12515 0.75011)
		4 V(295 296 267 266) M(0) UV(0.12515 0.87485 0.24987 0.87485 0.24987 0.75011 0.12515 0.75011)
		4 V(301 302 275 274) M(0) UV(0.12515 0.87485 0.24987 0.87485 0.24987 0.75011 0.12515 0.75011)
		4 V(303 299 270 272) M(0) UV(0.12515 0.87485 0.24987 0.87485 0.24987 0.75011 0.12515 0.75011)
		4 V(302 304 276 275) M(0) UV(0.12515 0.87485 0.24987 0.87485 0.24987 0.75011 0.12515 0.75011)
		4 V(305 303 272 277) M(0) UV(0.12515 0.87485 0.24987 0.87485 0.24987 0.75011 0.12515 0.75011)
		4 V(307 308 282 281) M(0) UV(0.12515 0.87485 0.24987 0.87485 0.24987 0.75011 0.12515 0.75011)
		4 V(309 306 279 283) M(0) UV(0.12515 0.87485 0.24987 0.87485 0.24987 0.75011 0.12515 0.75011)
		4 V(308 310 284 282) M(0) UV(0.12515 0.87485 0.24987 0.87485 0.24987 0.75011 0.12515 0.75011)
		4 V(311 309 283 285) M(0) UV(0.12515 0.87485 0.24987 0.87485 0.24987 0.75011 0.12515 0.75011)
		4 V(313 312 286 287) M(0) UV(0.12515 0.87485 0.24987 0.87485 0.24987 0.75011 0.12515 0.75011)
		4 V(315 316 290 289) M(0) UV(0.12515 0.87485 0.24987 0.87485 0.24987 0.75011 0.12515 0.75011)
		4 V(324 323 297 298) M(0) UV(0.12515 0.87485 0.24987 0.87485 0.24987 0.75011 0.12515 0.75011)
		4 V(320 326 300 294) M(0) UV(0.12515 0.87485 0.24987 0.87485 0.24987 0.75011 0.12515 0.75011)
		4 V(327 328 302 301) M(0) UV(0.12515 0.87485 0.24987 0.87485 0.24987 0.75011 0.12515 0.75011)
		4 V(329 325 299 303) M(0) UV(0.12515 0.87485 0.24987 0.87485 0.24987 0.75011 0.12515 0.75011)
		4 V(328 330 304 302) M(0) UV(0.12515 0.87485 0.24987 0.87485 0.24987 0.75011 0.12515 0.75011)
		4 V(331 329 303 305) M(0) UV(0.12515 0.87485 0.24987 0.87485 0.24987 0.75011 0.12515 0.75011)
		4 V(332 333 310 308) M(0) UV(0.12515 0.87485 0.24987 0.87485 0.24987 0.75011 0.12515 0.75011)
		4 V(335 334 309 311) M(0) UV(0.12515 0.87485 0.24987 0.87485 0.24987 0.75011 0.12515 0.75011)
		4 V(337 336 312 313) M(0) UV(0.12515 0.87485 0.24987 0.87485 0.24987 0.75011 0.12515 0.75011)
		4 V(339 340 316 315) M(0) UV(0.12515 0.87485 0.24987 0.87485 0.24987 0.75011 0.12515 0.75011)
		4 V(344 345 346 347) M(0) UV(0.12515 0.87485 0.24987 0.87485 0.24987 0.75011 0.12515 0.75011)
		4 V(350 349 323 324) M(0) UV(0.12515 0.87485 0.24987 0.87485 0.24987 0.75011 0.12515 0.75011)
		4 V(348 352 326 320) M(0) UV(0.12515 0.87485 0.24987 0.87485 0.24987 0.75011 0.12515 0.75011)
		4 V(353 354 328 327) M(0) UV(0.12515 0.87485 0.24987 0.87485 0.24987 0.75011 0.12515 0.75011)
		4 V(355 351 325 329) M(0) UV(0.12515 0.87485 0.24987 0.87485 0.24987 0.75011 0.12515 0.75011)
		4 V(356 357 358 359) M(0) UV(0.12515 0.87485 0.24987 0.87485 0.24987 0.75011 0.12515 0.75011)
		4 V(363 362 361 360) M(0) UV(0.12515 0.87485 0.24987 0.87485 0.24987 0.75011 0.12515 0.75011)
		4 V(357 364 332 358) M(0) UV(0.12515 0.87485 0.24987 0.87485 0.24987 0.75011 0.12515 0.75011)
		4 V(365 363 360 334) M(0) UV(0.12515 0.87485 0.24987 0.87485 0.24987 0.75011 0.12515 0.75011)
		4 V(364 366 333 332) M(0) UV(0.12515 0.87485 0.24987 0.87485 0.24987 0.75011 0.12515 0.75011)
		4 V(367 365 334 335) M(0) UV(0.12515 0.87485 0.24987 0.87485 0.24987 0.75011 0.12515 0.75011)
		4 V(371 372 340 339) M(0) UV(0.12515 0.87485 0.24987 0.87485 0.24987 0.75011 0.12515 0.75011)
		4 V(374 373 341 342) M(0) UV(0.12515 0.87485 0.24987 0.87485 0.24987 0.75011 0.12515 0.75011)
		4 V(377 378 345 344) M(0) UV(0.12515 0.87485 0.24987 0.87485 0.24987 0.75011 0.12515 0.75011)
		4 V(376 382 352 348) M(0) UV(0.12515 0.87485 0.24987 0.87485 0.24987 0.75011 0.12515 0.75011)
		4 V(383 384 354 353) M(0) UV(0.12515 0.87485 0.24987 0.87485 0.24987 0.75011 0.12515 0.75011)
		4 V(385 381 351 355) M(0) UV(0.12515 0.87485 0.24987 0.87485 0.24987 0.75011 0.12515 0.75011)
		4 V(384 386 387 354) M(0) UV(0.12515 0.87485 0.24987 0.87485 0.24987 0.75011 0.12515 0.75011)
		4 V(389 385 355 388) M(0) UV(0.12515 0.87485 0.24987 0.87485 0.24987 0.75011 0.12515 0.75011)
		4 V(390 391 364 357) M(0) UV(0.12515 0.87485 0.24987 0.87485 0.24987 0.75011 0.12515 0.75011)
		4 V(393 392 363 365) M(0) UV(0.12515 0.87485 0.24987 0.87485 0.24987 0.75011 0.12515 0.75011)
		4 V(391 394 366 364) M(0) UV(0.12515 0.87485 0.24987 0.87485 0.24987 0.75011 0.12515 0.75011)
		4 V(395 393 365 367) M(0) UV(0.12515 0.87485 0.24987 0.87485 0.24987 0.75011 0.12515 0.75011)
		4 V(397 396 368 369) M(0) UV(0.12515 0.87485 0.24987 0.87485 0.24987 0.75011 0.12515 0.75011)
		4 V(399 400 372 371) M(0) UV(0.12515 0.87485 0.24987 0.87485 0.24987 0.75011 0.12515 0.75011)
		4 V(407 400 372 376) M(0) UV(0.12515 0.87485 0.24987 0.87485 0.24987 0.75011 0.12515 0.75011)
		4 V(411 410 379 380) M(0) UV(0.12515 0.87485 0.24987 0.87485 0.24987 0.75011 0.12515 0.75011)
		4 V(407 414 382 376) M(0) UV(0.12515 0.87485 0.24987 0.87485 0.24987 0.75011 0.12515 0.75011)
		4 V(415 416 384 383) M(0) UV(0.12515 0.87485 0.24987 0.87485 0.24987 0.75011 0.12515 0.75011)
		4 V(417 412 381 385) M(0) UV(0.12515 0.87485 0.24987 0.87485 0.24987 0.75011 0.12515 0.75011)
		4 V(416 418 386 384) M(0) UV(0.12515 0.87485 0.24987 0.87485 0.24987 0.75011 0.12515 0.75011)
		4 V(419 417 385 389) M(0) UV(0.12515 0.87485 0.24987 0.87485 0.24987 0.75011 0.12515 0.75011)
		4 V(420 421 394 391) M(0) UV(0.12515 0.87485 0.24987 0.87485 0.24987 0.75011 0.12515 0.75011)
		4 V(423 422 393 395) M(0) UV(0.12515 0.87485 0.24987 0.87485 0.24987 0.75011 0.12515 0.75011)
		4 V(425 424 396 397) M(0) UV(0.12515 0.87485 0.24987 0.87485 0.24987 0.75011 0.12515 0.75011)
		4 V(427 428 400 399) M(0) UV(0.12515 0.87485 0.24987 0.87485 0.24987 0.75011 0.12515 0.75011)
		4 V(426 614 413 398) M(0) UV(0.12515 0.87485 0.24987 0.87485 0.24987 0.75011 0.12515 0.75011)
		4 V(430 429 401 402) M(0) UV(0.12515 0.87485 0.24987 0.87485 0.24987 0.75011 0.12515 0.75011)
		4 V(617 616 410 411) M(0) UV(0.12515 0.87485 0.24987 0.87485 0.24987 0.75011 0.12515 0.75011)
		4 V(437 438 414 407) M(0) UV(0.12515 0.87485 0.24987 0.87485 0.24987 0.75011 0.12515 0.75011)
		4 V(439 440 416 415) M(0) UV(0.12515 0.87485 0.24987 0.87485 0.24987 0.75011 0.12515 0.75011)
		4 V(441 615 412 417) M(0) UV(0.12515 0.87485 0.24987 0.87485 0.24987 0.75011 0.12515 0.75011)
		4 V(442 443 428 427) M(0) UV(0.12515 0.87485 0.24987 0.87485 0.24987 0.75011 0.12515 0.75011)
		4 V(445 444 423 426) M(0) UV(0.12515 0.87485 0.24987 0.87485 0.24987 0.75011 0.12515 0.75011)
		4 V(449 450 438 437) M(0) UV(0.12515 0.87485 0.24987 0.87485 0.24987 0.75011 0.12515 0.75011)
		4 V(451 446 614 615) M(0) UV(0.12515 0.87485 0.24987 0.87485 0.24987 0.75011 0.12515 0.75011)
		4 V(452 453 454 455) M(0) UV(0.12515 0.87485 0.24987 0.87485 0.24987 0.75011 0.12515 0.75011)
		4 V(457 456 444 445) M(0) UV(0.12515 0.87485 0.24987 0.87485 0.24987 0.75011 0.12515 0.75011)
		4 V(458 459 449 443) M(0) UV(0.12515 0.87485 0.24987 0.87485 0.24987 0.75011 0.12515 0.75011)
		4 V(460 457 445 446) M(0) UV(0.12515 0.87485 0.24987 0.87485 0.24987 0.75011 0.12515 0.75011)
		4 V(461 462 463 464) M(0) UV(0.12515 0.87485 0.24987 0.87485 0.24987 0.75011 0.12515 0.75011)
		4 V(465 460 446 451) M(0) UV(0.12515 0.87485 0.24987 0.87485 0.24987 0.75011 0.12515 0.75011)
		4 V(466 467 453 452) M(0) UV(0.12515 0.87485 0.24987 0.87485 0.24987 0.75011 0.12515 0.75011)
		4 V(469 468 456 457) M(0) UV(0.12515 0.87485 0.24987 0.87485 0.24987 0.75011 0.12515 0.75011)
		4 V(470 471 459 458) M(0) UV(0.12515 0.87485 0.24987 0.87485 0.24987 0.75011 0.12515 0.75011)
		4 V(472 469 457 460) M(0) UV(0.12515 0.87485 0.24987 0.87485 0.24987 0.75011 0.12515 0.75011)
		4 V(473 474 462 461) M(0) UV(0.12515 0.87485 0.24987 0.87485 0.24987 0.75011 0.12515 0.75011)
		4 V(475 472 460 465) M(0) UV(0.12515 0.87485 0.24987 0.87485 0.24987 0.75011 0.12515 0.75011)
		4 V(476 477 471 470) M(0) UV(0.12515 0.87485 0.24987 0.87485 0.24987 0.75011 0.12515 0.75011)
		4 V(479 478 469 472) M(0) UV(0.12515 0.87485 0.24987 0.87485 0.24987 0.75011 0.12515 0.75011)
		4 V(480 481 482 483) M(0) UV(0.12515 0.87485 0.24987 0.87485 0.24987 0.75011 0.12515 0.75011)
		4 V(485 484 478 479) M(0) UV(0.12515 0.87485 0.24987 0.87485 0.24987 0.75011 0.12515 0.75011)
		4 V(70 488 486 71) M(0) UV(0.12515 0.87485 0.24987 0.87485 0.24987 0.75011 0.12515 0.75011)
		4 V(489 73 72 487) M(0) UV(0.12515 0.87485 0.24987 0.87485 0.24987 0.75011 0.12515 0.75011)
		4 V(106 490 488 70) M(0) UV(0.12515 0.87485 0.24987 0.87485 0.24987 0.75011 0.12515 0.75011)
		4 V(491 107 73 489) M(0) UV(0.12515 0.87485 0.24987 0.87485 0.24987 0.75011 0.12515 0.75011)
		4 V(212 492 493 170) M(0) UV(0.12515 0.87485 0.24987 0.87485 0.24987 0.75011 0.12515 0.75011)
		4 V(495 213 174 494) M(0) UV(0.12515 0.87485 0.24987 0.87485 0.24987 0.75011 0.12515 0.75011)
		4 V(247 497 492 212) M(0) UV(0.12515 0.87485 0.24987 0.87485 0.24987 0.75011 0.12515 0.75011)
		4 V(276 499 497 247) M(0) UV(0.12515 0.87485 0.24987 0.87485 0.24987 0.75011 0.12515 0.75011)
		4 V(304 501 499 276) M(0) UV(0.12515 0.87485 0.24987 0.87485 0.24987 0.75011 0.12515 0.75011)
		4 V(386 502 503 387) M(0) UV(0.12515 0.87485 0.24987 0.87485 0.24987 0.75011 0.12515 0.75011)
		4 V(505 389 388 504) M(0) UV(0.12515 0.87485 0.24987 0.87485 0.24987 0.75011 0.12515 0.75011)
		4 V(83 81 47 84) M(0) UV(0.12515 0.87485 0.24987 0.87485 0.24987 0.75011 0.12515 0.75011)
		4 V(101 99 102 103) M(0) UV(0.12515 0.87485 0.24987 0.87485 0.24987 0.75011 0.12515 0.75011)
		4 V(103 102 69 104) M(0) UV(0.12515 0.87485 0.24987 0.87485 0.24987 0.75011 0.12515 0.75011)
		4 V(123 101 103 124) M(0) UV(0.12515 0.87485 0.24987 0.87485 0.24987 0.75011 0.12515 0.75011)
		4 V(189 190 191 192) M(0) UV(0.25004 0.24980 0.37476 0.24980 0.37476 0.12505 0.25004 0.12505)
		4 V(203 204 205 206) M(0) UV(0.25004 0.24980 0.37476 0.24980 0.37476 0.12505 0.25004 0.12505)
		4 V(403 404 405 406) M(0) UV(0.25004 0.24980 0.37476 0.24980 0.37476 0.12505 0.25004 0.12505)
		4 V(226 227 193 194) M(0) UV(0.12500 0.49976 0.24973 0.49976 0.24973 0.37501 0.12500 0.37501)
		4 V(231 239 207 198) M(0) UV(0.12500 0.49976 0.24973 0.49976 0.24973 0.37501 0.12500 0.37501)
		4 V(260 261 227 226) M(0) UV(0.12500 0.49976 0.24973 0.49976 0.24973 0.37501 0.12500 0.37501)
		4 V(265 271 239 231) M(0) UV(0.12500 0.49976 0.24973 0.49976 0.24973 0.37501 0.12500 0.37501)
		4 V(289 290 261 260) M(0) UV(0.12500 0.49976 0.24973 0.49976 0.24973 0.37501 0.12500 0.37501)
		4 V(294 300 271 265) M(0) UV(0.12500 0.49976 0.24973 0.49976 0.24973 0.37501 0.12500 0.37501)
		4 V(506 507 508 509) M(0) UV(0.12515 0.87485 0.24987 0.87485 0.24987 0.75011 0.12515 0.75011)
		4 V(196 188 159 160) M(0) UV(0.12515 0.87485 0.24987 0.87485 0.24987 0.75011 0.12515 0.75011)
		4 V(16 619 12 11) M(0) UV(0.12502 0.99987 0.24974 0.99987 0.24974 0.93750 0.12502 0.93750)
		4 V(52 16 11 54) M(0) UV(0.12502 0.99987 0.24974 0.99987 0.24974 0.93750 0.12502 0.93750)
		4 V(88 52 54 90) M(0) UV(0.12502 0.99987 0.24974 0.99987 0.24974 0.93750 0.12502 0.93750)
		4 V(193 227 232 199) M(0) UV(0.12502 0.99987 0.24974 0.99987 0.24974 0.93750 0.12502 0.93750)
		4 V(227 261 266 232) M(0) UV(0.12502 0.99987 0.24974 0.99987 0.24974 0.93750 0.12502 0.93750)
		4 V(261 290 295 266) M(0) UV(0.12502 0.99987 0.24974 0.99987 0.24974 0.93750 0.12502 0.93750)
		4 V(290 316 321 295) M(0) UV(0.12502 0.99987 0.24974 0.99987 0.24974 0.93750 0.12502 0.93750)
		4 V(316 340 344 347) M(0) UV(0.12502 0.99987 0.24974 0.99987 0.24974 0.87513 0.12502 0.87513)
		4 V(340 372 377 344) M(0) UV(0.12502 0.99987 0.24974 0.99987 0.24974 0.87513 0.12502 0.87513)
		4 V(372 400 408 377) M(0) UV(0.12502 0.99987 0.24974 0.99987 0.24974 0.87513 0.12502 0.87513)
		4 V(193 199 202 156) M(0) UV(0.12502 0.99987 0.12502 0.93750 0.24974 0.93750 0.24974 0.99987)
		4 V(198 162 203 206) M(0) UV(0.12502 0.99987 0.24974 0.99987 0.24974 0.90631 0.12502 0.90631)
		4 V(19 620 618 17) M(0) UV(0.12502 0.93750 0.24974 0.93750 0.24974 0.87513 0.12502 0.87513)
		4 V(25 26 20 23) M(0) UV(0.12502 0.93750 0.24974 0.93750 0.24974 0.87513 0.12502 0.87513)
		4 V(618 17 28 31) M(0) UV(0.12502 0.99987 0.24974 0.99987 0.24974 0.93750 0.12502 0.93750)
		4 V(26 57 56 20) M(0) UV(0.12502 0.93750 0.24974 0.93750 0.24974 0.87513 0.12502 0.87513)
		4 V(17 55 61 28) M(0) UV(0.12502 0.99987 0.24974 0.99987 0.24974 0.93750 0.12502 0.93750)
		4 V(55 93 97 61) M(0) UV(0.12502 0.99987 0.24974 0.99987 0.24974 0.93750 0.12502 0.93750)
		4 V(117 91 92 118) M(0) UV(0.12502 0.93750 0.24974 0.93750 0.24974 0.87513 0.12502 0.87513)
		4 V(135 117 118 136) M(0) UV(0.12502 0.93750 0.24974 0.93750 0.24974 0.87513 0.12502 0.87513)
		4 V(160 157 136 161) M(0) UV(0.12502 0.99987 0.24974 0.99987 0.24974 0.87513 0.12502 0.87513)
		4 V(196 160 161 197) M(0) UV(0.12502 0.99987 0.24974 0.99987 0.24974 0.87513 0.12502 0.87513)
		4 V(197 161 162 198) M(0) UV(0.12502 0.99987 0.24974 0.99987 0.24974 0.87513 0.12502 0.87513)
		4 V(229 196 197 230) M(0) UV(0.12502 0.99987 0.24974 0.99987 0.24974 0.87513 0.12502 0.87513)
		4 V(231 198 200 233) M(0) UV(0.12502 0.99987 0.24974 0.99987 0.24974 0.93750 0.12502 0.93750)
		4 V(265 231 233 267) M(0) UV(0.12502 0.99987 0.24974 0.99987 0.24974 0.93750 0.12502 0.93750)
		4 V(294 265 267 296) M(0) UV(0.12502 0.99987 0.24974 0.99987 0.24974 0.93750 0.12502 0.93750)
		4 V(320 294 296 322) M(0) UV(0.12502 0.99987 0.24974 0.99987 0.24974 0.93750 0.12502 0.93750)
		4 V(348 320 346 345) M(0) UV(0.12502 0.99987 0.24974 0.99987 0.24974 0.87513 0.12502 0.87513)
		4 V(374 342 343 375) M(0) UV(0.12502 0.99987 0.24974 0.99987 0.24974 0.87513 0.12502 0.87513)
		4 V(376 348 345 378) M(0) UV(0.12502 0.99987 0.24974 0.99987 0.24974 0.87513 0.12502 0.87513)
		4 V(407 376 378 409) M(0) UV(0.12502 0.99987 0.24974 0.99987 0.24974 0.87513 0.12502 0.87513)
		4 V(379 410 413 375) M(0) UV(0.12502 0.93750 0.24974 0.93750 0.24974 0.87513 0.12502 0.87513)
		4 V(375 413 407 376) M(0) UV(0.12502 0.99987 0.24974 0.99987 0.24974 0.87513 0.12502 0.87513)
		4 V(430 402 413 614) M(0) UV(0.12502 0.99987 0.24974 0.99987 0.24974 0.87513 0.12502 0.87513)
		4 V(413 614 437 407) M(0) UV(0.12502 0.99987 0.24974 0.99987 0.24974 0.87513 0.12502 0.87513)
		4 V(614 446 449 437) M(0) UV(0.12502 0.99987 0.24974 0.99987 0.24974 0.87513 0.12502 0.87513)
		4 V(460 446 449 459) M(0) UV(0.12502 0.99987 0.24974 0.99987 0.24974 0.87513 0.12502 0.87513)
		4 V(472 460 459 471) M(0) UV(0.12502 0.99987 0.24974 0.99987 0.24974 0.87513 0.12502 0.87513)
		4 V(479 472 471 477) M(0) UV(0.12502 0.99987 0.24974 0.99987 0.24974 0.87513 0.12502 0.87513)
		4 V(485 479 482 481) M(0) UV(0.12502 0.99987 0.24974 0.99987 0.24974 0.93750 0.12502 0.93750)
		4 V(263 229 230 264) M(0) UV(0.00024 0.37489 0.12497 0.37489 0.12497 0.25014 0.00024 0.25014)
		4 V(292 263 264 293) M(0) UV(0.00024 0.37489 0.12497 0.37489 0.12497 0.25014 0.00024 0.25014)
		4 V(318 292 293 319) M(0) UV(0.00024 0.37489 0.12497 0.37489 0.12497 0.25014 0.00024 0.25014)
		4 V(342 318 319 343) M(0) UV(0.00024 0.37489 0.12497 0.37489 0.12497 0.25014 0.00024 0.25014)
		4 V(448 430 614 446) M(0) UV(0.00024 0.37489 0.12497 0.37489 0.12497 0.25014 0.00024 0.25014)
		4 V(198 162 201 200) M(0) UV(0.12502 0.99987 0.24974 0.99987 0.24974 0.93750 0.12502 0.93750)
		4 V(409 378 508 507) M(0) UV(0.12502 0.99987 0.24974 0.99987 0.24974 0.93750 0.12502 0.93750)
		4 V(43 79 512 511) M(0) UV(0.12502 0.99987 0.24974 0.99987 0.24974 0.87513 0.12502 0.87513)
		4 V(511 512 514 513) M(0) UV(0.12502 0.99987 0.24974 0.99987 0.24974 0.87513 0.12502 0.87513)
		4 V(513 514 515 510) M(0) UV(0.12502 0.99987 0.24974 0.99987 0.24974 0.87513 0.12502 0.87513)
		4 V(79 111 516 512) M(0) UV(0.12502 0.99987 0.24974 0.99987 0.24974 0.87513 0.12502 0.87513)
		4 V(512 516 517 514) M(0) UV(0.12502 0.99987 0.24974 0.99987 0.24974 0.87513 0.12502 0.87513)
		4 V(111 130 128 516) M(0) UV(0.12502 0.99987 0.24974 0.99987 0.24974 0.87513 0.12502 0.87513)
		4 V(130 148 149 128) M(0) UV(0.12502 0.99987 0.24974 0.99987 0.24974 0.87513 0.12502 0.87513)
		4 V(183 184 181 148) M(0) UV(0.12502 0.93750 0.24974 0.93750 0.24974 0.87513 0.12502 0.87513)
		4 V(218 255 253 217) M(0) UV(0.12502 0.93750 0.24974 0.93750 0.24974 0.87513 0.12502 0.87513)
		4 V(77 110 108 75) M(0) UV(0.12502 0.99987 0.24974 0.99987 0.24974 0.93750 0.12502 0.93750)
		4 V(146 147 142 145) M(0) UV(0.12502 0.99987 0.24974 0.99987 0.24974 0.93750 0.12502 0.93750)
		4 V(363 392 390 357) M(0) UV(0.12502 0.99987 0.24974 0.99987 0.24974 0.93750 0.12502 0.93750)
		4 V(35 76 74 34) M(0) UV(0.12502 0.99987 0.24974 0.99987 0.24974 0.93750 0.12502 0.93750)
		4 V(361 362 356 359) M(0) UV(0.12502 0.99987 0.24974 0.99987 0.24974 0.93750 0.12502 0.93750)
		4 V(2 46 51 15) M(0) UV(-0.00004 0.87499 0.12469 0.87499 0.12469 0.75025 -0.00004 0.75025)
		4 V(194 150 189 192) M(0) UV(0.25003 0.12499 0.37475 0.12499 0.37475 0.03143 0.25003 0.03143)
		4 V(7 8 2 5) M(0) UV(0.12502 0.93750 0.24974 0.93750 0.24974 0.87513 0.12502 0.87513)
		4 V(14 15 10 13) M(0) UV(0.12502 0.99987 0.24974 0.99987 0.24974 0.93750 0.12502 0.93750)
		4 V(8 48 46 2) M(0) UV(0.12502 0.93750 0.24974 0.93750 0.24974 0.87513 0.12502 0.87513)
		4 V(15 51 53 10) M(0) UV(0.12502 0.99987 0.24974 0.99987 0.24974 0.93750 0.12502 0.93750)
		4 V(82 51 81 83) M(0) UV(0.12502 0.99987 0.24974 0.99987 0.24974 0.87513 0.12502 0.87513)
		4 V(48 85 80 46) M(0) UV(0.12502 0.93750 0.24974 0.93750 0.24974 0.87513 0.12502 0.87513)
		4 V(113 82 83 518) M(0) UV(0.12502 0.99987 0.24974 0.99987 0.24974 0.87513 0.12502 0.87513)
		4 V(152 153 151 131) M(0) UV(0.12502 0.93750 0.24974 0.93750 0.24974 0.87513 0.12502 0.87513)
		4 V(185 153 151 182) M(0) UV(0.12502 0.93750 0.24974 0.93750 0.24974 0.87513 0.12502 0.87513)
		4 V(182 151 187 186) M(0) UV(0.12502 0.99987 0.24974 0.99987 0.24974 0.93750 0.12502 0.93750)
		4 V(256 286 285 254) M(0) UV(0.12502 0.93750 0.24974 0.93750 0.24974 0.87513 0.12502 0.87513)
		4 V(286 312 311 285) M(0) UV(0.12502 0.93750 0.24974 0.93750 0.24974 0.87513 0.12502 0.87513)
		4 V(285 311 315 289) M(0) UV(0.12502 0.99987 0.24974 0.99987 0.24974 0.87513 0.12502 0.87513)
		4 V(312 336 335 311) M(0) UV(0.12502 0.93750 0.24974 0.93750 0.24974 0.87513 0.12502 0.87513)
		4 V(311 335 339 315) M(0) UV(0.12502 0.99987 0.24974 0.99987 0.24974 0.87513 0.12502 0.87513)
		4 V(336 368 367 335) M(0) UV(0.12502 0.93750 0.24974 0.93750 0.24974 0.87513 0.12502 0.87513)
		4 V(335 367 371 339) M(0) UV(0.12502 0.99987 0.24974 0.99987 0.24974 0.87513 0.12502 0.87513)
		4 V(368 396 395 367) M(0) UV(0.12502 0.93750 0.24974 0.93750 0.24974 0.87513 0.12502 0.87513)
		4 V(367 395 399 371) M(0) UV(0.12502 0.99987 0.24974 0.99987 0.24974 0.87513 0.12502 0.87513)
		4 V(396 424 423 395) M(0) UV(0.12502 0.93750 0.24974 0.93750 0.24974 0.87513 0.12502 0.87513)
		4 V(395 423 427 399) M(0) UV(0.12502 0.99987 0.24974 0.99987 0.24974 0.87513 0.12502 0.87513)
		4 V(423 444 442 427) M(0) UV(0.12502 0.99987 0.24974 0.99987 0.24974 0.87513 0.12502 0.87513)
		4 V(444 456 452 455) M(0) UV(0.12502 0.99987 0.24974 0.99987 0.24974 0.93750 0.12502 0.93750)
		4 V(456 468 466 452) M(0) UV(0.12502 0.99987 0.24974 0.99987 0.24974 0.93750 0.12502 0.93750)
		4 V(182 220 226 194) M(0) UV(0.12500 0.49976 0.24973 0.49976 0.24973 0.37501 0.12500 0.37501)
		4 V(220 254 260 226) M(0) UV(0.12500 0.49976 0.24973 0.49976 0.24973 0.37501 0.12500 0.37501)
		4 V(254 285 289 260) M(0) UV(0.12500 0.49976 0.24973 0.49976 0.24973 0.37501 0.12500 0.37501)
		4 V(9 6 4 3) M(0) UV(0.12502 0.93750 0.24974 0.93750 0.24974 0.87513 0.12502 0.87513)
		4 V(621 18 16 619) M(0) UV(0.12502 0.93750 0.24974 0.93750 0.24974 0.87513 0.12502 0.87513)
		4 V(49 9 3 50) M(0) UV(0.12502 0.93750 0.24974 0.93750 0.24974 0.87513 0.12502 0.87513)
		4 V(86 116 115 87) M(0) UV(0.12502 0.93750 0.24974 0.93750 0.24974 0.87513 0.12502 0.87513)
		4 V(116 134 133 115) M(0) UV(0.12502 0.93750 0.24974 0.93750 0.24974 0.87513 0.12502 0.87513)
		4 V(158 159 155 133) M(0) UV(0.12502 0.99987 0.24974 0.99987 0.24974 0.87513 0.12502 0.87513)
		4 V(159 188 195 155) M(0) UV(0.12502 0.99987 0.24974 0.99987 0.24974 0.87513 0.12502 0.87513)
		4 V(155 195 193 156) M(0) UV(0.12502 0.99987 0.24974 0.99987 0.24974 0.87513 0.12502 0.87513)
		4 V(188 228 225 195) M(0) UV(0.12502 0.99987 0.24974 0.99987 0.24974 0.87513 0.12502 0.87513)
		4 V(341 373 370 338) M(0) UV(0.12502 0.99987 0.24974 0.99987 0.24974 0.87513 0.12502 0.87513)
		4 V(397 369 370 398) M(0) UV(0.12502 0.93750 0.24974 0.93750 0.24974 0.87513 0.12502 0.87513)
		4 V(398 370 372 400) M(0) UV(0.12502 0.99987 0.24974 0.99987 0.24974 0.87513 0.12502 0.87513)
		4 V(426 398 400 428) M(0) UV(0.12502 0.99987 0.24974 0.99987 0.24974 0.87513 0.12502 0.87513)
		4 V(401 429 426 398) M(0) UV(0.12502 0.99987 0.24974 0.99987 0.24974 0.87513 0.12502 0.87513)
		4 V(445 426 428 443) M(0) UV(0.12502 0.99987 0.24974 0.99987 0.24974 0.87513 0.12502 0.87513)
		4 V(445 457 458 443) M(0) UV(0.12502 0.99987 0.24974 0.99987 0.24974 0.87513 0.12502 0.87513)
		4 V(457 469 470 458) M(0) UV(0.12502 0.99987 0.24974 0.99987 0.24974 0.87513 0.12502 0.87513)
		4 V(469 478 476 470) M(0) UV(0.12502 0.99987 0.24974 0.99987 0.24974 0.87513 0.12502 0.87513)
		4 V(478 484 480 483) M(0) UV(0.12502 0.99987 0.24974 0.99987 0.24974 0.93750 0.12502 0.93750)
		4 V(228 262 259 225) M(0) UV(0.00024 0.37489 0.12497 0.37489 0.12497 0.25014 0.00024 0.25014)
		4 V(262 291 288 259) M(0) UV(0.00024 0.37489 0.12497 0.37489 0.12497 0.25014 0.00024 0.25014)
		4 V(291 317 314 288) M(0) UV(0.00024 0.37489 0.12497 0.37489 0.12497 0.25014 0.00024 0.25014)
		4 V(317 341 338 314) M(0) UV(0.00024 0.37489 0.12497 0.37489 0.12497 0.25014 0.00024 0.25014)
		4 V(429 447 445 426) M(0) UV(0.00024 0.37489 0.12497 0.37489 0.12497 0.25014 0.00024 0.25014)
		4 V(59 21 33 60) M(0) UV(-0.00004 0.87499 0.12469 0.87499 0.12469 0.75025 -0.00004 0.75025)
		4 V(167 207 205 204) M(0) UV(0.25003 0.12499 0.37475 0.12499 0.37475 0.03143 0.25003 0.03143)
		4 V(27 24 22 21) M(0) UV(0.12502 0.93750 0.24974 0.93750 0.24974 0.87513 0.12502 0.87513)
		4 V(33 32 30 29) M(0) UV(0.12502 0.99987 0.24974 0.99987 0.24974 0.93750 0.12502 0.93750)
		4 V(58 27 21 59) M(0) UV(0.12502 0.93750 0.24974 0.93750 0.24974 0.87513 0.12502 0.87513)
		4 V(60 33 29 62) M(0) UV(0.12502 0.99987 0.24974 0.99987 0.24974 0.93750 0.12502 0.93750)
		4 V(94 58 59 95) M(0) UV(0.12502 0.93750 0.24974 0.93750 0.24974 0.87513 0.12502 0.87513)
		4 V(60 96 521 520) M(0) UV(0.12502 0.99987 0.24974 0.99987 0.24974 0.87513 0.12502 0.87513)
		4 V(520 521 522 519) M(0) UV(0.12502 0.99987 0.24974 0.99987 0.24974 0.87513 0.12502 0.87513)
		4 V(96 120 523 521) M(0) UV(0.12502 0.99987 0.24974 0.99987 0.24974 0.87513 0.12502 0.87513)
		4 V(165 163 139 166) M(0) UV(0.12502 0.93750 0.24974 0.93750 0.24974 0.87513 0.12502 0.87513)
		4 V(166 211 208 210) M(0) UV(0.12502 0.99987 0.24974 0.99987 0.24974 0.93750 0.12502 0.93750)
		4 V(298 269 270 299) M(0) UV(0.12502 0.93750 0.24974 0.93750 0.24974 0.87513 0.12502 0.87513)
		4 V(324 298 299 325) M(0) UV(0.12502 0.93750 0.24974 0.93750 0.24974 0.87513 0.12502 0.87513)
		4 V(325 299 300 326) M(0) UV(0.12502 0.99987 0.24974 0.99987 0.24974 0.87513 0.12502 0.87513)
		4 V(350 324 325 351) M(0) UV(0.12502 0.93750 0.24974 0.93750 0.24974 0.87513 0.12502 0.87513)
		4 V(351 325 326 352) M(0) UV(0.12502 0.99987 0.24974 0.99987 0.24974 0.87513 0.12502 0.87513)
		4 V(380 350 351 381) M(0) UV(0.12502 0.93750 0.24974 0.93750 0.24974 0.87513 0.12502 0.87513)
		4 V(381 351 352 382) M(0) UV(0.12502 0.99987 0.24974 0.99987 0.24974 0.87513 0.12502 0.87513)
		4 V(411 380 381 412) M(0) UV(0.12502 0.93750 0.24974 0.93750 0.24974 0.87513 0.12502 0.87513)
		4 V(412 381 382 414) M(0) UV(0.12502 0.99987 0.24974 0.99987 0.24974 0.87513 0.12502 0.87513)
		4 V(617 411 412 615) M(0) UV(0.12502 0.93750 0.24974 0.93750 0.24974 0.87513 0.12502 0.87513)
		4 V(615 412 414 438) M(0) UV(0.12502 0.99987 0.24974 0.99987 0.24974 0.87513 0.12502 0.87513)
		4 V(451 615 438 450) M(0) UV(0.12502 0.99987 0.24974 0.99987 0.24974 0.87513 0.12502 0.87513)
		4 V(465 451 463 462) M(0) UV(0.12502 0.99987 0.24974 0.99987 0.24974 0.93750 0.12502 0.93750)
		4 V(238 211 207 239) M(0) UV(0.12500 0.49976 0.24973 0.49976 0.24973 0.37501 0.12500 0.37501)
		4 V(270 238 239 271) M(0) UV(0.12500 0.49976 0.24973 0.49976 0.24973 0.37501 0.12500 0.37501)
		4 V(299 270 271 300) M(0) UV(0.12500 0.49976 0.24973 0.49976 0.24973 0.37501 0.12500 0.37501)
		4 V(100 68 99 101) M(0) UV(0.12502 0.99987 0.24974 0.99987 0.24974 0.87513 0.12502 0.87513)
		4 V(122 100 101 123) M(0) UV(0.12502 0.99987 0.24974 0.99987 0.24974 0.87513 0.12502 0.87513)
		4 V(141 122 123 140) M(0) UV(0.12502 0.99987 0.24974 0.99987 0.24974 0.87513 0.12502 0.87513)
		4 V(610 141 140 168) M(0) UV(0.12502 0.99987 0.24974 0.99987 0.24974 0.87513 0.12502 0.87513)
		4 V(273 241 240 272) M(0) UV(0.12502 0.93750 0.24974 0.93750 0.24974 0.87513 0.12502 0.87513)
		4 V(441 417 416 440) M(0) UV(0.12502 0.99987 0.24974 0.99987 0.24974 0.93750 0.12502 0.93750)
		4 V(127 107 106 126) M(0) UV(0.12502 0.99987 0.24974 0.99987 0.24974 0.93750 0.12502 0.93750)
		4 V(174 173 171 170) M(0) UV(0.12502 0.99987 0.24974 0.99987 0.24974 0.93750 0.12502 0.93750)
		4 V(491 489 488 490) M(0) UV(0.12502 0.99987 0.24974 0.99987 0.24974 0.93750 0.12502 0.93750)
		4 V(505 504 503 502) M(0) UV(0.12502 0.99987 0.24974 0.99987 0.24974 0.93750 0.12502 0.93750)
		4 V(484 485 481 480) M(0) UV(0.12502 0.99987 0.24974 0.99987 0.24974 0.93750 0.12502 0.93750)
		4 V(478 479 477 476) M(0) UV(0.12502 0.99987 0.24974 0.99987 0.24974 0.87513 0.12502 0.87513)
		4 V(472 475 474 473) M(0) UV(0.12502 0.99987 0.24974 0.99987 0.24974 0.93750 0.12502 0.93750)
		4 V(447 448 446 445) M(0) UV(0.00003 0.24979 0.12475 0.24979 0.12475 0.12504 0.00003 0.12504)
		4 V(444 445 443 442) M(0) UV(0.12502 0.99987 0.24974 0.99987 0.24974 0.87513 0.12502 0.87513)
		4 V(446 451 450 449) M(0) UV(0.12502 0.99987 0.24974 0.99987 0.24974 0.87513 0.12502 0.87513)
		4 V(446 445 443 449) M(0) UV(0.12502 0.99987 0.24974 0.99987 0.24974 0.87513 0.12502 0.87513)
		4 V(614 431 432 426) M(0) UV(0.24976 0.74994 0.24976 0.68757 0.12504 0.68757 0.12504 0.74994)
		4 V(422 423 421 420) M(0) UV(0.12502 0.99987 0.24974 0.99987 0.24974 0.93750 0.12502 0.93750)
		4 V(615 441 440 439) M(0) UV(0.12502 0.99987 0.24974 0.99987 0.24974 0.93750 0.12502 0.93750)
		4 V(398 524 525 413) M(0) UV(0.24976 0.74994 0.24976 0.68757 0.12504 0.68757 0.12504 0.74994)
		4 V(524 400 407 525) M(0) UV(0.24974 0.93750 0.24974 0.87513 0.12502 0.87513 0.12502 0.93750)
		4 V(407 400 406 405) M(0) UV(0.12502 0.99987 0.24974 0.99987 0.24974 0.90631 0.12502 0.90631)
		4 V(400 407 409 408) M(0) UV(0.12502 0.99987 0.24974 0.99987 0.24974 0.87513 0.12502 0.87513)
		4 V(417 419 418 416) M(0) UV(0.12502 0.99987 0.24974 0.99987 0.24974 0.93750 0.12502 0.93750)
		4 V(402 401 398 413) M(0) UV(0.12502 0.99987 0.24974 0.99987 0.24974 0.87513 0.12502 0.87513)
		4 V(408 409 507 506) M(0) UV(0.12502 0.99987 0.24974 0.99987 0.24974 0.93750 0.12502 0.93750)
		4 V(370 375 376 372) M(0) UV(0.12502 0.99987 0.24974 0.99987 0.24974 0.87513 0.12502 0.87513)
		4 V(362 363 357 356) M(0) UV(0.12502 0.99987 0.24974 0.99987 0.24974 0.93750 0.12502 0.93750)
		4 V(373 374 375 370) M(0) UV(0.12502 0.99987 0.24974 0.99987 0.24974 0.87513 0.12502 0.87513)
		4 V(389 505 502 386) M(0) UV(0.12502 0.99987 0.24974 0.99987 0.24974 0.93750 0.12502 0.93750)
		4 V(378 377 509 508) M(0) UV(0.12502 0.99987 0.24974 0.99987 0.24974 0.93750 0.12502 0.93750)
		4 V(360 361 359 358) M(0) UV(0.12502 0.99987 0.24974 0.99987 0.24974 0.93750 0.12502 0.93750)
		4 V(334 360 358 332) M(0) UV(0.12502 0.99987 0.24974 0.99987 0.24974 0.93750 0.12502 0.93750)
		4 V(388 355 354 387) M(0) UV(0.12502 0.99987 0.24974 0.99987 0.24974 0.93750 0.12502 0.93750)
		4 V(504 388 387 503) M(0) UV(0.12502 0.99987 0.24974 0.99987 0.24974 0.93750 0.12502 0.93750)
		4 V(306 309 308 307) M(0) UV(0.12502 0.99987 0.24974 0.99987 0.24974 0.93750 0.12502 0.93750)
		4 V(329 331 330 328) M(0) UV(0.12502 0.99987 0.24974 0.99987 0.24974 0.93750 0.12502 0.93750)
		4 V(320 316 347 346) M(0) UV(0.12502 0.99987 0.24974 0.99987 0.24974 0.87513 0.12502 0.87513)
		4 V(278 279 281 280) M(0) UV(0.12502 0.99987 0.24974 0.99987 0.24974 0.93750 0.12502 0.93750)
		4 V(305 500 501 304) M(0) UV(0.12502 0.99987 0.24974 0.99987 0.24974 0.93750 0.12502 0.93750)
		4 V(255 256 254 253) M(0) UV(0.12502 0.93750 0.24974 0.93750 0.24974 0.87513 0.12502 0.87513)
		4 V(269 273 272 270) M(0) UV(0.12502 0.93750 0.24974 0.93750 0.24974 0.87513 0.12502 0.87513)
		4 V(184 623 622 181) M(0) UV(0.12502 0.93750 0.24974 0.93750 0.24974 0.87513 0.12502 0.87513)
		4 V(223 185 182 195) M(0) UV(0.12502 0.93750 0.24974 0.93750 0.24974 0.87513 0.12502 0.87513)
		4 V(234 235 197 211) M(0) UV(0.12502 0.93750 0.24974 0.93750 0.24974 0.87513 0.12502 0.87513)
		4 V(195 182 194 193) M(0) UV(0.12500 0.49976 0.24973 0.49976 0.24973 0.37501 0.12500 0.37501)
		4 V(211 197 198 207) M(0) UV(0.12500 0.49976 0.24973 0.49976 0.24973 0.37501 0.12500 0.37501)
		4 V(148 151 150 149) M(0) UV(0.12502 0.99987 0.24974 0.99987 0.24974 0.87513 0.12502 0.87513)
		4 V(153 154 155 151) M(0) UV(0.12502 0.93750 0.24974 0.93750 0.24974 0.87513 0.12502 0.87513)
		4 V(164 165 166 161) M(0) UV(0.12502 0.93750 0.24974 0.93750 0.24974 0.87513 0.12502 0.87513)
		4 V(166 610 168 167) M(0) UV(0.12502 0.99987 0.24974 0.99987 0.24974 0.87513 0.12502 0.87513)
		4 V(147 177 176 142) M(0) UV(0.12502 0.99987 0.24974 0.99987 0.24974 0.93750 0.12502 0.93750)
		4 V(153 183 148 151) M(0) UV(0.12502 0.93750 0.24974 0.93750 0.24974 0.87513 0.12502 0.87513)
		4 V(494 174 170 493) M(0) UV(0.12502 0.99987 0.24974 0.99987 0.24974 0.93750 0.12502 0.93750)
		4 V(130 146 145 144) M(0) UV(0.12502 0.99987 0.24974 0.99987 0.24974 0.93750 0.12502 0.93750)
		4 V(157 158 133 136) M(0) UV(0.12502 0.99987 0.24974 0.99987 0.24974 0.87513 0.12502 0.87513)
		4 V(173 141 172 171) M(0) UV(0.12502 0.99987 0.24974 0.99987 0.24974 0.93750 0.12502 0.93750)
		4 V(110 111 109 108) M(0) UV(0.12502 0.99987 0.24974 0.99987 0.24974 0.93750 0.12502 0.93750)
		4 V(122 127 126 125) M(0) UV(0.12502 0.99987 0.24974 0.99987 0.24974 0.93750 0.12502 0.93750)
		4 V(76 77 75 74) M(0) UV(0.12502 0.99987 0.24974 0.99987 0.24974 0.93750 0.12502 0.93750)
		4 V(85 86 87 80) M(0) UV(0.12502 0.93750 0.24974 0.93750 0.24974 0.87513 0.12502 0.87513)
		4 V(82 88 90 89) M(0) UV(0.12502 0.99987 0.24974 0.99987 0.24974 0.93750 0.12502 0.93750)
		4 V(91 94 95 92) M(0) UV(0.12502 0.93750 0.24974 0.93750 0.24974 0.87513 0.12502 0.87513)
		4 V(93 96 98 97) M(0) UV(0.12502 0.99987 0.24974 0.99987 0.24974 0.93750 0.12502 0.93750)
		4 V(107 491 490 106) M(0) UV(0.12502 0.99987 0.24974 0.99987 0.24974 0.93750 0.12502 0.93750)
		4 V(46 43 511 51) M(0) UV(0.12502 0.99987 0.24974 0.99987 0.24974 0.87513 0.12502 0.87513)
		4 V(51 511 513 81) M(0) UV(0.12502 0.99987 0.24974 0.99987 0.24974 0.87513 0.12502 0.87513)
		4 V(81 513 510 47) M(0) UV(0.12502 0.99987 0.24974 0.99987 0.24974 0.87513 0.12502 0.87513)
		4 V(68 59 60 99) M(0) UV(0.12502 0.99987 0.24974 0.99987 0.24974 0.87513 0.12502 0.87513)
		4 V(99 60 520 102) M(0) UV(0.12502 0.99987 0.24974 0.99987 0.24974 0.87513 0.12502 0.87513)
		4 V(102 520 519 69) M(0) UV(0.12502 0.99987 0.24974 0.99987 0.24974 0.87513 0.12502 0.87513)
		4 V(42 38 37 41) M(0) UV(0.12502 0.99987 0.24974 0.99987 0.24974 0.93750 0.12502 0.93750)
		4 V(2 42 41 45) M(0) UV(0.12502 0.99987 0.24974 0.99987 0.24974 0.93750 0.12502 0.93750)
		4 V(20 3 16 17) M(0) UV(0.12502 0.99987 0.24974 0.99987 0.24974 0.87513 0.12502 0.87513)
		4 V(67 21 66 65) M(0) UV(0.12502 0.99987 0.24974 0.99987 0.24974 0.93750 0.12502 0.93750)
		4 V(625 218 217 624) M(0) UV(0.12502 0.93750 0.24974 0.93750 0.24974 0.87513 0.12502 0.87513)
		4 V(241 246 244 240) M(0) UV(0.12502 0.93750 0.24974 0.93750 0.24974 0.87513 0.12502 0.87513)
		4 V(129 132 114 113) M(0) UV(-0.00000 0.62475 0.12473 0.62475 0.12473 0.50000 -0.00000 0.50000)
		4 V(137 138 120 119) M(0) UV(-0.00000 0.62475 0.12473 0.62475 0.12473 0.50000 -0.00000 0.50000)
		4 V(132 137 119 114) M(0) UV(0.12515 0.87485 0.24987 0.87485 0.24987 0.75011 0.12515 0.75011)
		4 V(529 528 530 531) M(0) UV(0.00002 0.87526 0.12475 0.87526 0.12475 0.93763 0.00002 0.93763)
		4 V(527 526 532 533) M(0) UV(0.00002 0.87526 0.12475 0.87526 0.12475 0.93763 0.00002 0.93763)
		4 V(526 529 531 532) M(0) UV(0.12475 0.87526 0.00002 0.87526 0.00002 0.93763 0.12475 0.93763)
		4 V(534 47 510 535) M(0) UV(0.00002 0.93763 0.00002 0.87526 0.12475 0.87526 0.12475 0.93763)
		4 V(531 536 537 532) M(0) UV(0.00002 1.00000 0.00002 0.93763 0.12475 0.93763 0.12475 1.00000)
		4 V(537 536 534 535) M(0) UV(0.12475 0.93763 0.00002 0.93763 0.00002 1.00000 0.12475 1.00000)
		4 V(533 537 535 510) M(0) UV(0.00002 0.93763 0.06238 0.93763 0.06238 1.00000 0.00002 1.00000)
		4 V(536 530 47 534) M(0) UV(0.06238 0.93763 0.12475 0.93763 0.12475 1.00000 0.06238 1.00000)
		4 V(541 540 542 543) M(0) UV(0.00002 0.87526 0.12475 0.87526 0.12475 0.93763 0.00002 0.93763)
		4 V(539 538 544 545) M(0) UV(0.00002 0.87526 0.12475 0.87526 0.12475 0.93763 0.00002 0.93763)
		4 V(538 541 543 544) M(0) UV(0.12475 0.87526 0.00002 0.87526 0.00002 0.93763 0.12475 0.93763)
		4 V(546 69 519 547) M(0) UV(0.00002 0.93763 0.00002 0.87526 0.12475 0.87526 0.12475 0.93763)
		4 V(543 548 549 544) M(0) UV(0.00002 1.00000 0.00002 0.93763 0.12475 0.93763 0.12475 1.00000)
		4 V(549 548 546 547) M(0) UV(0.12475 0.93763 0.00002 0.93763 0.00002 1.00000 0.12475 1.00000)
		4 V(545 549 547 519) M(0) UV(0.00002 0.93763 0.06238 0.93763 0.06238 1.00000 0.00002 1.00000)
		4 V(548 542 69 546) M(0) UV(0.06238 0.93763 0.12475 0.93763 0.12475 1.00000 0.06238 1.00000)
		4 V(515 550 533 510) M(0) UV(0.00002 1.00000 0.00002 0.93763 0.12475 0.93763 0.12475 1.00000)
		4 V(47 530 551 84) M(0) UV(0.00002 1.00000 0.00002 0.93763 0.12475 0.93763 0.12475 1.00000)
		4 V(84 551 550 515) M(0) UV(0.12475 1.00000 0.12475 0.93763 0.00002 0.93763 0.00002 1.00000)
		4 V(550 551 554 555) M(0) UV(0.00002 0.87526 0.12475 0.87526 0.12475 0.93763 0.00002 0.93763)
		4 V(554 553 552 555) M(0) UV(0.12475 0.93763 0.12475 0.87526 0.00002 0.87526 0.00002 0.93763)
		4 V(530 528 553 554) M(0) UV(0.00002 0.93763 0.00002 0.87526 0.06238 0.87526 0.06238 0.93763)
		4 V(555 552 527 533) M(0) UV(0.06238 0.93763 0.06238 0.87526 0.12475 0.87526 0.12475 0.93763)
		4 V(522 556 545 519) M(0) UV(0.00002 1.00000 0.00002 0.93763 0.12475 0.93763 0.12475 1.00000)
		4 V(69 542 557 104) M(0) UV(0.00002 1.00000 0.00002 0.93763 0.12475 0.93763 0.12475 1.00000)
		4 V(104 557 556 522) M(0) UV(0.12475 1.00000 0.12475 0.93763 0.00002 0.93763 0.00002 1.00000)
		4 V(556 557 560 561) M(0) UV(0.00002 0.87526 0.12475 0.87526 0.12475 0.93763 0.00002 0.93763)
		4 V(560 559 558 561) M(0) UV(0.12475 0.93763 0.12475 0.87526 0.00002 0.87526 0.00002 0.93763)
		4 V(542 540 559 560) M(0) UV(0.00002 0.93763 0.00002 0.87526 0.06238 0.87526 0.06238 0.93763)
		4 V(561 558 539 545) M(0) UV(0.06238 0.93763 0.06238 0.87526 0.12475 0.87526 0.12475 0.93763)
		4 V(517 562 563 514) M(0) UV(0.00002 1.00000 0.00002 0.93763 0.12475 0.93763 0.12475 1.00000)
		4 V(83 564 565 518) M(0) UV(0.00002 1.00000 0.00002 0.93763 0.12475 0.93763 0.12475 1.00000)
		4 V(518 565 562 517) M(0) UV(0.12475 1.00000 0.12475 0.93763 0.00002 0.93763 0.00002 1.00000)
		4 V(566 567 84 515) M(0) UV(0.00002 0.93763 0.12475 0.93763 0.12475 1.00000 0.00002 1.00000)
		4 V(562 565 568 569) M(0) UV(0.00002 0.87526 0.12475 0.87526 0.12475 0.93763 0.00002 0.93763)
		4 V(568 567 566 569) M(0) UV(0.12475 0.93763 0.12475 0.87526 0.00002 0.87526 0.00002 0.93763)
		4 V(564 84 567 568) M(0) UV(0.00002 0.93763 0.00002 0.87526 0.06238 0.87526 0.06238 0.93763)
		4 V(569 566 515 563) M(0) UV(0.06238 0.93763 0.06238 0.87526 0.12475 0.87526 0.12475 0.93763)
		4 V(523 570 571 521) M(0) UV(0.00002 1.00000 0.00002 0.93763 0.12475 0.93763 0.12475 1.00000)
		4 V(103 572 573 124) M(0) UV(0.00002 1.00000 0.00002 0.93763 0.12475 0.93763 0.12475 1.00000)
		4 V(124 573 570 523) M(0) UV(0.12475 1.00000 0.12475 0.93763 0.00002 0.93763 0.00002 1.00000)
		4 V(574 575 104 522) M(0) UV(0.00002 0.93763 0.12475 0.93763 0.12475 1.00000 0.00002 1.00000)
		4 V(570 573 576 577) M(0) UV(0.00002 0.87526 0.12475 0.87526 0.12475 0.93763 0.00002 0.93763)
		4 V(576 575 574 577) M(0) UV(0.12475 0.93763 0.12475 0.87526 0.00002 0.87526 0.00002 0.93763)
		4 V(572 104 575 576) M(0) UV(0.00002 0.93763 0.00002 0.87526 0.06238 0.87526 0.06238 0.93763)
		4 V(577 574 522 571) M(0) UV(0.06238 0.93763 0.06238 0.87526 0.12475 0.87526 0.12475 0.93763)
		4 V(128 578 579 516) M(0) UV(0.00002 1.00000 0.00002 0.93763 0.12475 0.93763 0.12475 1.00000)
		4 V(113 580 581 129) M(0) UV(0.00002 1.00000 0.00002 0.93763 0.12475 0.93763 0.12475 1.00000)
		4 V(129 581 578 128) M(0) UV(0.12475 1.00000 0.12475 0.93763 0.00002 0.93763 0.00002 1.00000)
		4 V(582 583 518 517) M(0) UV(0.00002 0.93763 0.12475 0.93763 0.12475 1.00000 0.00002 1.00000)
		4 V(578 581 584 585) M(0) UV(0.00002 0.87526 0.12475 0.87526 0.12475 0.93763 0.00002 0.93763)
		4 V(584 583 582 585) M(0) UV(0.12475 0.93763 0.12475 0.87526 0.00002 0.87526 0.00002 0.93763)
		4 V(580 518 583 584) M(0) UV(0.00002 0.93763 0.00002 0.87526 0.06238 0.87526 0.06238 0.93763)
		4 V(585 582 517 579) M(0) UV(0.06238 0.93763 0.06238 0.87526 0.12475 0.87526 0.12475 0.93763)
		4 V(138 586 587 120) M(0) UV(0.00002 1.00000 0.00002 0.93763 0.12475 0.93763 0.12475 1.00000)
		4 V(123 588 589 140) M(0) UV(0.00002 1.00000 0.00002 0.93763 0.12475 0.93763 0.12475 1.00000)
		4 V(140 589 586 138) M(0) UV(0.12475 1.00000 0.12475 0.93763 0.00002 0.93763 0.00002 1.00000)
		4 V(590 591 124 523) M(0) UV(0.00002 0.93763 0.12475 0.93763 0.12475 1.00000 0.00002 1.00000)
		4 V(586 589 592 593) M(0) UV(0.00002 0.87526 0.12475 0.87526 0.12475 0.93763 0.00002 0.93763)
		4 V(592 591 590 593) M(0) UV(0.12475 0.93763 0.12475 0.87526 0.00002 0.87526 0.00002 0.93763)
		4 V(588 124 591 592) M(0) UV(0.00002 0.93763 0.00002 0.87526 0.06238 0.87526 0.06238 0.93763)
		4 V(593 590 523 587) M(0) UV(0.06238 0.93763 0.06238 0.87526 0.12475 0.87526 0.12475 0.93763)
		4 V(594 595 596 597) M(0) UV(0.03910 0.02376 0.08587 0.02376 0.08587 0.00037 0.03910 0.00037)
		4 V(598 599 595 594) M(0) UV(0.03910 0.09393 0.08587 0.09393 0.08587 0.03156 0.03910 0.03156)
		4 V(599 600 596 595) M(0) UV(0.00013 0.07834 0.02351 0.07834 0.02351 0.04715 0.00013 0.04715)
		4 V(601 604 603 602) M(0) UV(0.19529 0.29704 0.19529 0.37500 0.17970 0.37500 0.17970 0.29704)
		4 V(606 602 603 608) M(0) UV(0.17970 0.29704 0.19529 0.29704 0.19529 0.37500 0.17970 0.37500)
		4 V(606 608 607 605) M(0) UV(0.19529 0.29704 0.19529 0.37500 0.17970 0.37500 0.17970 0.29704)
		4 V(609 598 594 597) M(0) UV(0.00013 0.07834 0.02351 0.07834 0.02351 0.04715 0.00013 0.04715)
		4 V(607 604 601 605) M(0) UV(0.19529 0.37500 0.17970 0.37500 0.17970 0.29704 0.19529 0.29704)
		4 V(599 598 609 600) M(0) UV(0.03910 0.02376 0.08587 0.02376 0.08587 0.00037 0.03910 0.00037)
		4 V(605 601 602 606) M(0) UV(0.17970 0.31263 0.17970 0.29704 0.19529 0.29704 0.19529 0.31263)
		4 V(165 166 610 613) M(0) UV(0.12502 0.93750 0.12502 0.87513 0.24974 0.87513 0.24974 0.93750)
		4 V(234 165 613 612) M(0) UV(0.12515 0.87485 0.12515 0.75011 0.24987 0.75011 0.24987 0.87485)
		4 V(500 498 499 501) M(0) UV(0.12502 0.99987 0.24974 0.99987 0.24974 0.93750 0.12502 0.93750)
		4 V(331 305 304 330) M(0) UV(0.12502 0.99987 0.24974 0.99987 0.24974 0.93750 0.12502 0.93750)
		4 V(249 278 280 248) M(0) UV(0.12502 0.99987 0.24974 0.99987 0.24974 0.93750 0.12502 0.93750)
		4 V(279 306 307 281) M(0) UV(0.12502 0.99987 0.24974 0.99987 0.24974 0.93750 0.12502 0.93750)
		4 V(309 334 332 308) M(0) UV(0.12502 0.99987 0.24974 0.99987 0.24974 0.93750 0.12502 0.93750)
		4 V(393 422 420 391) M(0) UV(0.12502 0.99987 0.24974 0.99987 0.24974 0.93750 0.12502 0.93750)
		4 V(392 393 391 390) M(0) UV(0.12502 0.99987 0.24974 0.99987 0.24974 0.93750 0.12502 0.93750)
		4 V(419 389 386 418) M(0) UV(0.12502 0.99987 0.24974 0.99987 0.24974 0.93750 0.12502 0.93750)
		4 V(355 329 328 354) M(0) UV(0.12502 0.99987 0.24974 0.99987 0.24974 0.93750 0.12502 0.93750)
		4 V(468 469 467 466) M(0) UV(0.12502 0.99987 0.24974 0.99987 0.24974 0.93750 0.12502 0.93750)
		4 V(475 465 462 474) M(0) UV(0.12502 0.99987 0.24974 0.99987 0.24974 0.93750 0.12502 0.93750)
		4 V(487 72 71 486) M(0) UV(0.12502 0.99987 0.24974 0.99987 0.24974 0.93750 0.12502 0.93750)
		4 V(72 67 65 71) M(0) UV(0.12502 0.99987 0.24974 0.99987 0.24974 0.93750 0.12502 0.93750)
		4 V(38 1 0 37) M(0) UV(0.12502 0.99987 0.24974 0.99987 0.24974 0.93750 0.12502 0.93750)
		4 V(162 156 202 201) M(0) UV(0.12502 0.99987 0.24974 0.99987 0.24974 0.93750 0.12502 0.93750)
		4 V(612 613 610 611) M(0) UV(0.12502 0.99987 0.24974 0.99987 0.24974 0.93750 0.12502 0.93750)
		4 V(245 612 611 213) M(0) UV(0.12502 0.99987 0.24974 0.99987 0.24974 0.93750 0.12502 0.93750)
		4 V(616 617 615 614) M(0) UV(0.12502 0.99987 0.24974 0.99987 0.24974 0.93750 0.12502 0.93750)
		4 V(424 425 426 423) M(0) UV(0.12502 0.99987 0.24974 0.99987 0.24974 0.93750 0.12502 0.93750)
		4 V(526 527 528 529) M(0) UV(0.00002 1.00000 0.00002 0.87526 0.12475 0.87526 0.12475 1.00000)
		4 V(538 539 540 541) M(0) UV(0.00002 1.00000 0.00002 0.87526 0.12475 0.87526 0.12475 1.00000)
		4 V(552 553 528 527) M(0) UV(0.00002 0.93763 0.12475 0.93763 0.12475 1.00000 0.00002 1.00000)
		4 V(558 559 540 539) M(0) UV(0.00002 0.93763 0.12475 0.93763 0.12475 1.00000 0.00002 1.00000)
		4 V(3 2 15 16) M(0) UV(-0.00004 0.87499 0.12469 0.87499 0.12469 0.75025 -0.00004 0.75025)
		4 V(21 20 17 33) M(0) UV(-0.00004 0.87499 0.12469 0.87499 0.12469 0.75025 -0.00004 0.75025)
		4 V(151 155 156 150) M(0) UV(0.12502 0.99987 0.24974 0.99987 0.24974 0.87513 0.12502 0.87513)
		4 V(161 166 167 162) M(0) UV(0.12502 0.99987 0.24974 0.99987 0.24974 0.87513 0.12502 0.87513)
		4 V(234 211 166 165) M(0) UV(0.12502 0.93750 0.12502 0.87513 0.24974 0.87513 0.24974 0.93750)
		4 V(24 25 23 22) M(0) UV(0.12502 0.93750 0.24974 0.93750 0.24974 0.87513 0.12502 0.87513)
		4 V(134 152 131 133) M(0) UV(0.12502 0.93750 0.24974 0.93750 0.24974 0.87513 0.12502 0.87513)
		4 V(163 135 136 139) M(0) UV(0.12502 0.93750 0.24974 0.93750 0.24974 0.87513 0.12502 0.87513)
		4 V(57 49 50 56) M(0) UV(0.12502 0.93750 0.24974 0.93750 0.24974 0.87513 0.12502 0.87513)
		4 V(619 14 13 12) M(0) UV(0.12502 0.93750 0.24974 0.93750 0.24974 0.87513 0.12502 0.87513)
		4 V(32 618 31 30) M(0) UV(0.12502 0.93750 0.24974 0.93750 0.24974 0.87513 0.12502 0.87513)
		4 V(6 7 5 4) M(0) UV(0.12502 0.93750 0.24974 0.93750 0.24974 0.87513 0.12502 0.87513)
		4 V(369 368 336 337) M(0) UV(0.12515 0.87485 0.24987 0.87485 0.24987 0.75011 0.12515 0.75011)
		4 V(379 349 350 380) M(0) UV(0.12515 0.87485 0.12515 0.75011 0.24987 0.75011 0.24987 0.87485)
		4 V(287 286 256 258) M(0) UV(0.12515 0.87485 0.24987 0.87485 0.24987 0.75011 0.12515 0.75011)
		4 V(297 268 269 298) M(0) UV(0.12515 0.87485 0.12515 0.75011 0.24987 0.75011 0.24987 0.87485)
		4 V(408 506 509 377) M(0) UV(0.12502 0.99987 0.12502 0.93750 0.24974 0.93750 0.24974 0.99987)
		4 V(321 322 296 295) M(0) UV(0.12515 0.87485 0.24987 0.87485 0.24987 0.75011 0.12515 0.75011)
		4 V(232 233 200 199) M(0) UV(0.12515 0.87485 0.24987 0.87485 0.24987 0.75011 0.12515 0.75011)
		4 V(496 495 492 497) M(0) UV(0.12502 0.99987 0.24974 0.99987 0.24974 0.93750 0.12502 0.93750)
		4 V(489 487 486 488) M(0) UV(0.12502 0.99987 0.24974 0.99987 0.24974 0.93750 0.12502 0.93750)
		4 V(495 494 493 492) M(0) UV(0.12502 0.99987 0.24974 0.99987 0.24974 0.93750 0.12502 0.93750)
		4 V(215 249 248 214) M(0) UV(0.12502 0.99987 0.24974 0.99987 0.24974 0.93750 0.12502 0.93750)
		4 V(498 496 497 499) M(0) UV(0.12502 0.99987 0.24974 0.99987 0.24974 0.93750 0.12502 0.93750)
		4 V(177 178 175 176) M(0) UV(0.12502 0.99987 0.24974 0.99987 0.24974 0.93750 0.12502 0.93750)
		4 V(1 35 34 0) M(0) UV(0.12502 0.99987 0.24974 0.99987 0.24974 0.93750 0.12502 0.93750)
		4 V(178 215 214 175) M(0) UV(0.12502 0.99987 0.24974 0.99987 0.24974 0.93750 0.12502 0.93750)
		4 V(620 621 619 618) M(0) UV(0.12502 0.93750 0.24974 0.93750 0.24974 0.87513 0.12502 0.87513)
		4 V(623 625 624 622) M(0) UV(0.12502 0.99987 0.24974 0.99987 0.24974 0.93750 0.12502 0.93750)
		4 V(245 213 244 246) M(0) UV(0.12502 0.99987 0.12502 0.93750 0.24974 0.93750 0.24974 0.99987)
		4 V(279 278 249 250) M(0) UV(0.12515 0.87485 0.24987 0.87485 0.24987 0.75011 0.12515 0.75011)
		4 V(250 249 215 624) M(0) UV(0.12515 0.87485 0.24987 0.87485 0.24987 0.75011 0.12515 0.75011)
		4 V(624 215 178 622) M(0) UV(0.12515 0.87485 0.24987 0.87485 0.24987 0.75011 0.12515 0.75011)
		4 V(305 277 498 500) M(0) UV(0.12515 0.87485 0.12515 0.75011 0.24987 0.75011 0.24987 0.87485)
		4 V(277 244 496 498) M(0) UV(0.12515 0.87485 0.12515 0.75011 0.24987 0.75011 0.24987 0.87485)
		4 V(244 213 495 496) M(0) UV(0.12515 0.87485 0.12515 0.75011 0.24987 0.75011 0.24987 0.87485)
	}
}
Object "$weapon0" {
	depth 0
	folding 0
	scale 1.000000 1.000000 1.000000
	rotation 0.000000 -0.000000 0.000000
	translation 0.000000 0.000000 0.000000
	visible 15
	locking 1
	shading 1
	facet 59.5
	color 0.898 0.498 0.698
	color_type 0
	vertex 20 {
		449.9868 165.5934 -349.9910
		349.9897 165.5934 -349.9911
		449.9868 165.5934 -249.9938
		349.9896 165.5934 -249.9939
		349.9897 65.5970 -349.9911
		449.9868 65.5970 -349.9910
		449.9868 65.5970 -249.9938
		349.9896 65.5970 -249.9939
		449.9868 165.5934 -149.9970
		349.9896 165.5934 -149.9970
		449.9868 65.5970 -149.9970
		349.9896 65.5970 -149.9970
		349.9896 165.5934 -50.0000
		449.9868 65.5970 -49.9999
		349.9896 65.5970 -50.0000
		449.9868 165.5934 49.9970
		349.9896 165.5934 49.9972
		449.9868 65.5970 49.9970
		349.9896 65.5970 49.9972
		449.9868 165.5934 -49.9999
	}
	face 18 {
		4 V(15 16 12 19) M(0) UV(0.12504 0.12496 0.24977 0.12496 0.24977 0.00021 0.12504 0.00021)
		4 V(18 17 13 14) M(0) UV(0.12504 0.12496 0.24977 0.12496 0.24977 0.00021 0.12504 0.00021)
		4 V(7 6 5 4) M(0) UV(0.12500 0.49976 0.24973 0.49976 0.24973 0.37501 0.12500 0.37501)
		4 V(11 10 6 7) M(0) UV(0.12500 0.49976 0.24973 0.49976 0.24973 0.37501 0.12500 0.37501)
		4 V(14 13 10 11) M(0) UV(0.12500 0.49976 0.24973 0.49976 0.24973 0.37501 0.12500 0.37501)
		4 V(7 4 1 3) M(0) UV(0.12500 0.49976 0.24973 0.49976 0.24973 0.37501 0.12500 0.37501)
		4 V(11 7 3 9) M(0) UV(0.12500 0.49976 0.24973 0.49976 0.24973 0.37501 0.12500 0.37501)
		4 V(14 11 9 12) M(0) UV(0.12500 0.49976 0.24973 0.49976 0.24973 0.37501 0.12500 0.37501)
		4 V(18 14 12 16) M(0) UV(0.00024 0.37489 0.12497 0.37489 0.12497 0.25014 0.00024 0.25014)
		4 V(5 6 2 0) M(0) UV(0.12500 0.49976 0.24973 0.49976 0.24973 0.37501 0.12500 0.37501)
		4 V(6 10 8 2) M(0) UV(0.12500 0.49976 0.24973 0.49976 0.24973 0.37501 0.12500 0.37501)
		4 V(10 13 19 8) M(0) UV(0.12500 0.49976 0.24973 0.49976 0.24973 0.37501 0.12500 0.37501)
		4 V(13 17 15 19) M(0) UV(0.00024 0.37489 0.12497 0.37489 0.12497 0.25014 0.00024 0.25014)
		4 V(17 18 16 15) M(0) UV(0.00003 0.24978 0.12475 0.24978 0.12475 0.12504 0.00003 0.12504)
		4 V(4 5 0 1) M(0) UV(0.12500 0.49976 0.24973 0.49976 0.24973 0.37501 0.12500 0.37501)
		4 V(12 9 8 19) M(0) UV(0.12500 0.49976 0.12500 0.37501 0.24973 0.37501 0.24973 0.49976)
		4 V(9 3 2 8) M(0) UV(0.12500 0.49976 0.12500 0.37501 0.24973 0.37501 0.24973 0.49976)
		4 V(3 1 0 2) M(0) UV(0.12500 0.49976 0.12500 0.37501 0.24973 0.37501 0.24973 0.49976)
	}
}
Object "$weapon1" {
	depth 0
	folding 0
	scale 1.000000 1.000000 1.000000
	rotation 0.000000 -0.000000 0.000000
	translation 0.000000 0.000000 0.000000
	visible 15
	locking 1
	shading 1
	facet 59.5
	color 0.898 0.498 0.698
	color_type 0
	vertex 20 {
		-449.9868 165.5934 -349.9910
		-349.9897 165.5934 -349.9911
		-449.9868 165.5934 -249.9938
		-349.9896 165.5934 -249.9939
		-349.9897 65.5970 -349.9911
		-449.9868 65.5970 -349.9910
		-449.9868 65.5970 -249.9938
		-349.9896 65.5970 -249.9939
		-449.9868 165.5934 -149.9970
		-349.9896 165.5934 -149.9970
		-449.9868 65.5970 -149.9970
		-349.9896 65.5970 -149.9970
		-349.9896 165.5934 -50.0000
		-449.9868 65.5970 -49.9999
		-349.9896 65.5970 -50.0000
		-449.9868 165.5934 49.9970
		-349.9896 165.5934 49.9972
		-449.9868 65.5970 49.9970
		-349.9896 65.5970 49.9972
		-449.9868 165.5934 -49.9999
	}
	face 18 {
		4 V(15 19 12 16) M(0) UV(0.12504 0.12496 0.12504 0.00021 0.24977 0.00021 0.24977 0.12496)
		4 V(18 14 13 17) M(0) UV(0.12504 0.12496 0.12504 0.00021 0.24977 0.00021 0.24977 0.12496)
		4 V(7 4 5 6) M(0) UV(0.12500 0.49976 0.12500 0.37501 0.24973 0.37501 0.24973 0.49976)
		4 V(11 7 6 10) M(0) UV(0.12500 0.49976 0.12500 0.37501 0.24973 0.37501 0.24973 0.49976)
		4 V(14 11 10 13) M(0) UV(0.12500 0.49976 0.12500 0.37501 0.24973 0.37501 0.24973 0.49976)
		4 V(7 3 1 4) M(0) UV(0.12500 0.49976 0.12500 0.37501 0.24973 0.37501 0.24973 0.49976)
		4 V(11 9 3 7) M(0) UV(0.12500 0.49976 0.12500 0.37501 0.24973 0.37501 0.24973 0.49976)
		4 V(14 12 9 11) M(0) UV(0.12500 0.49976 0.12500 0.37501 0.24973 0.37501 0.24973 0.49976)
		4 V(18 16 12 14) M(0) UV(0.00024 0.37489 0.00024 0.25014 0.12497 0.25014 0.12497 0.37489)
		4 V(5 0 2 6) M(0) UV(0.12500 0.49976 0.12500 0.37501 0.24973 0.37501 0.24973 0.49976)
		4 V(6 2 8 10) M(0) UV(0.12500 0.49976 0.12500 0.37501 0.24973 0.37501 0.24973 0.49976)
		4 V(10 8 19 13) M(0) UV(0.12500 0.49976 0.12500 0.37501 0.24973 0.37501 0.24973 0.49976)
		4 V(13 19 15 17) M(0) UV(0.00024 0.37489 0.00024 0.25014 0.12497 0.25014 0.12497 0.37489)
		4 V(17 15 16 18) M(0) UV(0.00003 0.24978 0.00003 0.12504 0.12475 0.12504 0.12475 0.24978)
		4 V(4 1 0 5) M(0) UV(0.12500 0.49976 0.12500 0.37501 0.24973 0.37501 0.24973 0.49976)
		4 V(12 19 8 9) M(0) UV(0.12500 0.49976 0.24973 0.49976 0.24973 0.37501 0.12500 0.37501)
		4 V(9 8 2 3) M(0) UV(0.12500 0.49976 0.24973 0.49976 0.24973 0.37501 0.12500 0.37501)
		4 V(3 2 0 1) M(0) UV(0.12500 0.49976 0.24973 0.49976 0.24973 0.37501 0.12500 0.37501)
	}
}
Object "$canopy" {
	depth 0
	folding 0
	scale 1.000000 1.000000 1.000000
	rotation 0.000000 -0.000000 0.000000
	translation 0.000000 0.000000 0.000000
	visible 15
	locking 1
	shading 1
	facet 59.5
	color 0.898 0.498 0.698
	color_type 0
	vertex 12 {
		49.9986 265.5900 349.9880
		-49.9986 265.5900 349.9881
		49.9986 365.5865 349.9880
		-49.9986 365.5865 349.9881
		49.9986 265.5900 449.9849
		49.9986 365.5865 449.9849
		-49.9987 365.5865 449.9849
		-49.9987 265.5900 449.9849
		49.9985 265.5900 549.9822
		49.9985 365.5865 549.9822
		-49.9986 365.5865 549.9822
		-49.9986 265.5900 549.9822
	}
	face 7 {
		4 V(5 6 3 2) M(0) UV(0.00006 0.49996 0.12530 0.49996 0.12530 0.37504 0.00006 0.37504)
		4 V(0 4 5 2) M(0) UV(0.00006 0.49996 0.12530 0.49996 0.12530 0.37504 0.00006 0.37504)
		4 V(7 1 3 6) M(0) UV(0.00006 0.49996 0.12530 0.49996 0.12530 0.37504 0.00006 0.37504)
		4 V(9 10 6 5) M(0) UV(0.00006 0.49996 0.12530 0.49996 0.12530 0.37504 0.00006 0.37504)
		4 V(8 11 10 9) M(0) UV(0.00006 0.49996 0.12530 0.49996 0.12530 0.37504 0.00006 0.37504)
		4 V(4 8 9 5) M(0) UV(0.00006 0.49996 0.12530 0.49996 0.12530 0.37504 0.00006 0.37504)
		4 V(11 7 6 10) M(0) UV(0.00006 0.49996 0.12530 0.49996 0.12530 0.37504 0.00006 0.37504)
	}
}
Object "$lg0" {
	depth 0
	folding 0
	scale 1.000000 1.000000 1.000000
	rotation 0.000000 -0.000000 0.000000
	translation 0.000000 0.000000 0.000000
	visible 15
	locking 1
	shading 1
	facet 59.5
	color 0.898 0.498 0.698
	color_type 0
	vertex 36 {
		49.9986 65.5970 249.9911
		-49.9986 65.5970 249.9911
		49.9986 65.5970 349.9880
		-49.9986 65.5970 349.9881
		-49.9986 -34.4011 249.9911
		49.9986 -34.4011 249.9911
		49.9986 -34.4011 349.9880
		-49.9986 -34.4011 349.9881
		49.9986 65.5970 -449.9881
		-49.9986 65.5970 -449.9880
		149.9957 65.5970 -349.9911
		49.9986 65.5970 -349.9911
		149.9957 65.5970 -449.9880
		49.9986 -34.4011 -449.9881
		149.9957 -34.4011 -449.9880
		149.9957 -34.4011 -349.9911
		49.9986 -34.4011 -349.9911
		-49.9986 65.5970 -349.9911
		-149.9956 65.5970 -349.9911
		-149.9955 65.5970 -449.9880
		-149.9955 -34.4011 -449.9880
		-49.9986 -34.4011 -449.9880
		-49.9986 -34.4011 -349.9911
		-149.9956 -34.4011 -349.9911
		-49.9986 90.5949 349.9881
		49.9986 90.5949 349.9880
		49.9986 90.5949 249.9911
		-49.9986 90.5949 249.9911
		49.9986 90.5949 -349.9911
		149.9957 90.5949 -349.9911
		149.9957 90.5949 -449.9880
		49.9986 90.5949 -449.9881
		-149.9956 90.5949 -349.9911
		-49.9986 90.5949 -349.9911
		-49.9986 90.5949 -449.9880
		-149.9955 90.5949 -449.9880
	}
	face 32 {
		4 V(4 5 0 1) M(0) UV(0.00004 0.74990 0.12489 0.74990 0.12489 0.62508 0.00004 0.62508)
		4 V(6 7 3 2) M(0) UV(0.00004 0.74990 0.12489 0.74990 0.12489 0.62508 0.00004 0.62508)
		4 V(5 6 2 0) M(0) UV(0.00004 0.74990 0.12489 0.74990 0.12489 0.62508 0.00004 0.62508)
		4 V(7 4 1 3) M(0) UV(0.00004 0.74990 0.12489 0.74990 0.12489 0.62508 0.00004 0.62508)
		4 V(7 6 5 4) M(0) UV(0.00004 0.74990 0.12489 0.74990 0.12489 0.62508 0.00004 0.62508)
		4 V(15 16 11 10) M(0) UV(0.00004 0.74990 0.12489 0.74990 0.12489 0.62508 0.00004 0.62508)
		4 V(14 15 10 12) M(0) UV(0.00004 0.74990 0.12489 0.74990 0.12489 0.62508 0.00004 0.62508)
		4 V(16 13 8 11) M(0) UV(0.00004 0.74990 0.12489 0.74990 0.12489 0.62508 0.00004 0.62508)
		4 V(16 15 14 13) M(0) UV(0.00004 0.74990 0.12489 0.74990 0.12489 0.62508 0.00004 0.62508)
		4 V(22 23 18 17) M(0) UV(0.00004 0.74990 0.12489 0.74990 0.12489 0.62508 0.00004 0.62508)
		4 V(21 22 17 9) M(0) UV(0.00004 0.74990 0.12489 0.74990 0.12489 0.62508 0.00004 0.62508)
		4 V(23 20 19 18) M(0) UV(0.00004 0.74990 0.12489 0.74990 0.12489 0.62508 0.00004 0.62508)
		4 V(23 22 21 20) M(0) UV(0.00004 0.74990 0.12489 0.74990 0.12489 0.62508 0.00004 0.62508)
		4 V(27 26 25 24) M(0) UV(0.12505 0.24996 0.24990 0.24996 0.24990 0.12514 0.12505 0.12514)
		4 V(2 3 1 0) M(0) UV(0.12505 0.24996 0.24990 0.24996 0.24990 0.12514 0.12505 0.12514)
		4 V(0 1 3 2) UV(0.00000 1.00000 1.00000 1.00000 1.00000 0.00000 0.00000 0.00000)
		4 V(24 25 2 3) M(0) UV(0.25002 0.03125 0.37488 0.03125 0.37488 0.00005 0.25002 0.00005)
		4 V(26 27 1 0) M(0) UV(0.25002 0.03125 0.37488 0.03125 0.37488 0.00005 0.25002 0.00005)
		4 V(25 26 0 2) M(0) UV(0.25002 0.03125 0.37488 0.03125 0.37488 0.00005 0.25002 0.00005)
		4 V(27 24 3 1) M(0) UV(0.25002 0.03125 0.37488 0.03125 0.37488 0.00005 0.25002 0.00005)
		4 V(31 30 29 28) M(0) UV(0.12505 0.24996 0.24990 0.24996 0.24990 0.12514 0.12505 0.12514)
		4 V(35 34 33 32) M(0) UV(0.12505 0.24996 0.24990 0.24996 0.24990 0.12514 0.12505 0.12514)
		4 V(28 29 10 11) M(0) UV(0.25002 0.03125 0.37488 0.03125 0.37488 0.00005 0.25002 0.00005)
		4 V(30 31 8 12) M(0) UV(0.25002 0.03125 0.37488 0.03125 0.37488 0.00005 0.25002 0.00005)
		4 V(29 30 12 10) M(0) UV(0.25002 0.03125 0.37488 0.03125 0.37488 0.00005 0.25002 0.00005)
		4 V(31 28 11 8) M(0) UV(0.25002 0.03125 0.37488 0.03125 0.37488 0.00005 0.25002 0.00005)
		4 V(32 33 17 18) M(0) UV(0.25002 0.03125 0.37488 0.03125 0.37488 0.00005 0.25002 0.00005)
		4 V(34 35 19 9) M(0) UV(0.25002 0.03125 0.37488 0.03125 0.37488 0.00005 0.25002 0.00005)
		4 V(33 34 9 17) M(0) UV(0.25002 0.03125 0.37488 0.03125 0.37488 0.00005 0.25002 0.00005)
		4 V(35 32 18 19) M(0) UV(0.25002 0.03125 0.37488 0.03125 0.37488 0.00005 0.25002 0.00005)
		4 V(13 14 12 8) M(0) UV(0.00004 0.74990 0.12489 0.74990 0.12489 0.62508 0.00004 0.62508)
		4 V(20 21 9 19) M(0) UV(0.00004 0.74990 0.12489 0.74990 0.12489 0.62508 0.00004 0.62508)
	}
}
Object "$lg1" {
	depth 0
	folding 0
	scale 1.000000 1.000000 1.000000
	rotation 0.000000 -0.000000 0.000000
	translation 0.000000 0.000000 0.000000
	visible 15
	locking 1
	shading 1
	facet 59.5
	color 0.898 0.498 0.698
	color_type 0
	vertex 24 {
		87.4975 190.5926 -387.4900
		112.4966 190.5926 -387.4901
		112.4966 90.5949 -387.4901
		87.4975 90.5949 -387.4900
		112.4965 190.5926 -412.4894
		87.4975 190.5926 -412.4894
		87.4975 90.5949 -412.4894
		112.4965 90.5949 -412.4894
		-112.4965 190.5926 -387.4900
		-87.4975 190.5926 -387.4901
		-87.4975 90.5949 -387.4901
		-112.4965 90.5949 -387.4900
		-87.4975 190.5926 -412.4894
		-112.4965 190.5926 -412.4894
		-112.4965 90.5949 -412.4894
		-87.4975 90.5949 -412.4894
		-12.4997 190.5926 312.4893
		12.4997 190.5926 312.4891
		12.4997 90.5949 312.4891
		-12.4997 90.5949 312.4893
		12.4997 190.5926 287.4900
		-12.4998 190.5926 287.4900
		-12.4998 90.5949 287.4900
		12.4997 90.5949 287.4900
	}
	face 12 {
		4 V(0 1 2 3) M(0) UV(0.37488 0.03125 0.37488 0.00005 0.25002 0.00005 0.25002 0.03125)
		4 V(4 5 6 7) M(0) UV(0.37488 0.03125 0.37488 0.00005 0.25002 0.00005 0.25002 0.03125)
		4 V(1 4 7 2) M(0) UV(0.37488 0.03125 0.37488 0.00005 0.25002 0.00005 0.25002 0.03125)
		4 V(5 0 3 6) M(0) UV(0.37488 0.03125 0.37488 0.00005 0.25002 0.00005 0.25002 0.03125)
		4 V(8 9 10 11) M(0) UV(0.37488 0.03125 0.37488 0.00005 0.25002 0.00005 0.25002 0.03125)
		4 V(12 13 14 15) M(0) UV(0.37488 0.03125 0.37488 0.00005 0.25002 0.00005 0.25002 0.03125)
		4 V(9 12 15 10) M(0) UV(0.37488 0.03125 0.37488 0.00005 0.25002 0.00005 0.25002 0.03125)
		4 V(13 8 11 14) M(0) UV(0.37488 0.03125 0.37488 0.00005 0.25002 0.00005 0.25002 0.03125)
		4 V(16 17 18 19) M(0) UV(0.37488 0.03125 0.37488 0.00005 0.25002 0.00005 0.25002 0.03125)
		4 V(20 21 22 23) M(0) UV(0.37488 0.03125 0.37488 0.00005 0.25002 0.00005 0.25002 0.03125)
		4 V(17 20 23 18) M(0) UV(0.37488 0.03125 0.37488 0.00005 0.25002 0.00005 0.25002 0.03125)
		4 V(21 16 19 22) M(0) UV(0.37488 0.03125 0.37488 0.00005 0.25002 0.00005 0.25002 0.03125)
	}
}
Object "$wing0" {
	depth 0
	folding 0
	scale 1.000000 1.000000 1.000000
	rotation 0.000000 -0.000000 0.000000
	translation 0.000000 0.000000 0.000000
	visible 15
	locking 1
	shading 1
	facet 59.5
	color 0.898 0.498 0.698
	color_type 0
	vertex 38 {
		-449.9866 215.5916 -349.9911
		-449.9868 215.5916 -449.9880
		-449.9868 165.5934 -449.9880
		-449.9866 165.5934 -349.9911
		-549.9835 215.5916 -349.9911
		-549.9833 215.5916 -449.9880
		-549.9833 165.5934 -449.9880
		-549.9835 165.5934 -349.9911
		-649.9807 215.5916 -349.9911
		-649.9807 215.5916 -449.9881
		-649.9807 165.5934 -449.9881
		-649.9807 165.5934 -349.9911
		-749.9776 215.5916 -349.9913
		-749.9776 215.5916 -449.9881
		-749.9776 165.5934 -449.9881
		-749.9776 165.5934 -349.9913
		-449.9866 165.5934 -249.9939
		-449.9866 215.5916 -249.9939
		-549.9835 215.5916 -249.9939
		-549.9835 165.5934 -249.9939
		-649.9807 215.5916 -249.9940
		-649.9807 165.5934 -249.9940
		-449.9868 165.5934 -149.9970
		-449.9868 215.5916 -149.9970
		-549.9835 215.5916 -149.9972
		-549.9835 165.5934 -149.9972
		-449.9865 215.5916 -949.9734
		-549.9835 215.5916 -949.9734
		-549.9833 215.5916 -1049.9697
		-449.9866 215.5916 -1049.9700
		-549.9833 165.5934 -1049.9697
		-449.9866 165.5934 -1049.9700
		-449.9865 165.5934 -949.9734
		-549.9835 165.5934 -949.9734
		-449.9868 215.5916 -849.9762
		-449.9868 165.5934 -849.9762
		-549.9833 215.5916 -849.9758
		-549.9833 165.5934 -849.9758
	}
	face 34 {
		4 V(0 4 5 1) M(0) UV(0.12515 0.87485 0.24987 0.87485 0.24987 0.75011 0.12515 0.75011)
		4 V(7 3 2 6) M(0) UV(0.12515 0.87485 0.24987 0.87485 0.24987 0.75011 0.12515 0.75011)
		4 V(4 8 9 5) M(0) UV(0.12515 0.87485 0.24987 0.87485 0.24987 0.75011 0.12515 0.75011)
		4 V(11 7 6 10) M(0) UV(0.12515 0.87485 0.24987 0.87485 0.24987 0.75011 0.12515 0.75011)
		4 V(8 12 13 9) M(0) UV(0.12515 0.87485 0.24987 0.87485 0.24987 0.75011 0.12515 0.75011)
		4 V(15 11 10 14) M(0) UV(0.12515 0.87485 0.24987 0.87485 0.24987 0.75011 0.12515 0.75011)
		4 V(17 18 4 0) M(0) UV(0.12515 0.87485 0.24987 0.87485 0.24987 0.75011 0.12515 0.75011)
		4 V(19 16 3 7) M(0) UV(0.12515 0.87485 0.24987 0.87485 0.24987 0.75011 0.12515 0.75011)
		4 V(18 20 8 4) M(0) UV(0.12515 0.87485 0.24987 0.87485 0.24987 0.75011 0.12515 0.75011)
		4 V(21 19 7 11) M(0) UV(0.12515 0.87485 0.24987 0.87485 0.24987 0.75011 0.12515 0.75011)
		4 V(23 24 18 17) M(0) UV(0.12515 0.87485 0.24987 0.87485 0.24987 0.75011 0.12515 0.75011)
		4 V(25 22 16 19) M(0) UV(0.12515 0.87485 0.24987 0.87485 0.24987 0.75011 0.12515 0.75011)
		4 V(21 11 8 20) M(0) UV(0.12502 0.99987 0.24974 0.99987 0.24974 0.93750 0.12502 0.93750)
		4 V(25 19 18 24) M(0) UV(0.12502 0.99987 0.24974 0.99987 0.24974 0.93750 0.12502 0.93750)
		4 V(22 25 24 23) M(0) UV(0.12502 0.99987 0.24974 0.99987 0.24974 0.93750 0.12502 0.93750)
		4 V(11 15 12 8) M(0) UV(0.12502 0.99987 0.24974 0.99987 0.24974 0.93750 0.12502 0.93750)
		4 V(6 2 1 5) M(0) UV(0.12502 0.99987 0.24974 0.99987 0.24974 0.93750 0.12502 0.93750)
		4 V(10 6 5 9) M(0) UV(0.12502 0.99987 0.24974 0.99987 0.24974 0.93750 0.12502 0.93750)
		4 V(14 10 9 13) M(0) UV(0.12502 0.99987 0.24974 0.99987 0.24974 0.93750 0.12502 0.93750)
		4 V(19 21 20 18) M(0) UV(0.12502 0.99987 0.24974 0.99987 0.24974 0.93750 0.12502 0.93750)
		4 V(15 14 13 12) M(0) UV(0.12502 0.99987 0.24974 0.99987 0.24974 0.93750 0.12502 0.93750)
		4 V(26 27 28 29) M(0) UV(0.12515 0.87485 0.24987 0.87485 0.24987 0.75011 0.12515 0.75011)
		4 V(33 32 31 30) M(0) UV(0.12515 0.87485 0.24987 0.87485 0.24987 0.75011 0.12515 0.75011)
		4 V(34 36 27 26) M(0) UV(0.12515 0.87485 0.24987 0.87485 0.24987 0.75011 0.12515 0.75011)
		4 V(37 35 32 33) M(0) UV(0.12515 0.87485 0.24987 0.87485 0.24987 0.75011 0.12515 0.75011)
		4 V(31 32 26 29) M(0) UV(0.12502 0.99987 0.24974 0.99987 0.24974 0.93750 0.12502 0.93750)
		4 V(33 30 28 27) M(0) UV(0.12502 0.99987 0.24974 0.99987 0.24974 0.93750 0.12502 0.93750)
		4 V(37 33 27 36) M(0) UV(0.12502 0.99987 0.24974 0.99987 0.24974 0.93750 0.12502 0.93750)
		4 V(35 37 36 34) M(0) UV(0.12502 0.99987 0.24974 0.99987 0.24974 0.93750 0.12502 0.93750)
		4 V(30 31 29 28) M(0) UV(0.12502 0.99987 0.24974 0.99987 0.24974 0.93750 0.12502 0.93750)
		4 V(3 16 17 0) M(0) UV(0.12502 0.99987 0.24974 0.99987 0.24974 0.93750 0.12502 0.93750)
		4 V(32 35 34 26) M(0) UV(0.12502 0.99987 0.24974 0.99987 0.24974 0.93750 0.12502 0.93750)
		4 V(2 3 0 1) M(0) UV(0.12502 0.99987 0.24974 0.99987 0.24974 0.93750 0.12502 0.93750)
		4 V(16 22 23 17) M(0) UV(0.12502 0.99987 0.24974 0.99987 0.24974 0.93750 0.12502 0.93750)
	}
}
Object "$wing1" {
	depth 0
	folding 0
	scale 1.000000 1.000000 1.000000
	rotation 0.000000 -0.000000 0.000000
	translation 0.000000 0.000000 0.000000
	visible 15
	locking 1
	shading 1
	facet 59.5
	color 0.898 0.498 0.698
	color_type 0
	vertex 38 {
		549.9835 215.5916 -949.9734
		449.9868 215.5916 -949.9734
		449.9868 215.5916 -1049.9697
		549.9835 215.5916 -1049.9697
		449.9868 165.5934 -1049.9697
		549.9835 165.5934 -1049.9697
		549.9835 165.5934 -949.9734
		449.9868 165.5934 -949.9734
		549.9835 215.5916 -849.9758
		449.9868 215.5916 -849.9758
		549.9835 165.5934 -849.9758
		449.9868 165.5934 -849.9758
		749.9776 215.5916 -349.9911
		649.9807 215.5916 -349.9911
		649.9807 215.5916 -449.9880
		749.9776 215.5916 -449.9880
		649.9807 165.5934 -449.9880
		749.9776 165.5934 -449.9880
		749.9776 165.5934 -349.9911
		649.9807 165.5934 -349.9911
		549.9835 215.5916 -349.9910
		549.9835 215.5916 -449.9880
		549.9835 165.5934 -449.9880
		549.9835 165.5934 -349.9910
		449.9868 215.5916 -349.9910
		449.9868 215.5916 -449.9880
		449.9868 165.5934 -449.9880
		449.9868 165.5934 -349.9910
		649.9807 215.5916 -249.9939
		549.9835 215.5916 -249.9939
		649.9807 165.5934 -249.9939
		549.9835 165.5934 -249.9939
		449.9868 215.5916 -249.9938
		449.9868 165.5934 -249.9938
		549.9835 215.5916 -149.9969
		449.9868 215.5916 -149.9970
		549.9835 165.5934 -149.9969
		449.9868 165.5934 -149.9970
	}
	face 34 {
		4 V(0 1 2 3) M(0) UV(0.12515 0.87485 0.24987 0.87485 0.24987 0.75011 0.12515 0.75011)
		4 V(7 6 5 4) M(0) UV(0.12515 0.87485 0.24987 0.87485 0.24987 0.75011 0.12515 0.75011)
		4 V(8 9 1 0) M(0) UV(0.12515 0.87485 0.24987 0.87485 0.24987 0.75011 0.12515 0.75011)
		4 V(11 10 6 7) M(0) UV(0.12515 0.87485 0.24987 0.87485 0.24987 0.75011 0.12515 0.75011)
		4 V(12 13 14 15) M(0) UV(0.12515 0.87485 0.24987 0.87485 0.24987 0.75011 0.12515 0.75011)
		4 V(19 18 17 16) M(0) UV(0.12515 0.87485 0.24987 0.87485 0.24987 0.75011 0.12515 0.75011)
		4 V(13 20 21 14) M(0) UV(0.12515 0.87485 0.24987 0.87485 0.24987 0.75011 0.12515 0.75011)
		4 V(23 19 16 22) M(0) UV(0.12515 0.87485 0.24987 0.87485 0.24987 0.75011 0.12515 0.75011)
		4 V(20 24 25 21) M(0) UV(0.12515 0.87485 0.24987 0.87485 0.24987 0.75011 0.12515 0.75011)
		4 V(27 23 22 26) M(0) UV(0.12515 0.87485 0.24987 0.87485 0.24987 0.75011 0.12515 0.75011)
		4 V(28 29 20 13) M(0) UV(0.12515 0.87485 0.24987 0.87485 0.24987 0.75011 0.12515 0.75011)
		4 V(31 30 19 23) M(0) UV(0.12515 0.87485 0.24987 0.87485 0.24987 0.75011 0.12515 0.75011)
		4 V(29 32 24 20) M(0) UV(0.12515 0.87485 0.24987 0.87485 0.24987 0.75011 0.12515 0.75011)
		4 V(33 31 23 27) M(0) UV(0.12515 0.87485 0.24987 0.87485 0.24987 0.75011 0.12515 0.75011)
		4 V(34 35 32 29) M(0) UV(0.12515 0.87485 0.24987 0.87485 0.24987 0.75011 0.12515 0.75011)
		4 V(37 36 31 33) M(0) UV(0.12515 0.87485 0.24987 0.87485 0.24987 0.75011 0.12515 0.75011)
		4 V(5 6 0 3) M(0) UV(0.12502 0.99987 0.24974 0.99987 0.24974 0.93750 0.12502 0.93750)
		4 V(6 10 8 0) M(0) UV(0.12502 0.99987 0.24974 0.99987 0.24974 0.93750 0.12502 0.93750)
		4 V(7 4 2 1) M(0) UV(0.12502 0.99987 0.24974 0.99987 0.24974 0.93750 0.12502 0.93750)
		4 V(19 30 28 13) M(0) UV(0.12502 0.99987 0.24974 0.99987 0.24974 0.93750 0.12502 0.93750)
		4 V(36 37 35 34) M(0) UV(0.12502 0.99987 0.24974 0.99987 0.24974 0.93750 0.12502 0.93750)
		4 V(18 19 13 12) M(0) UV(0.12502 0.99987 0.24974 0.99987 0.24974 0.93750 0.12502 0.93750)
		4 V(16 17 15 14) M(0) UV(0.12502 0.99987 0.24974 0.99987 0.24974 0.93750 0.12502 0.93750)
		4 V(22 16 14 21) M(0) UV(0.12502 0.99987 0.24974 0.99987 0.24974 0.93750 0.12502 0.93750)
		4 V(26 22 21 25) M(0) UV(0.12502 0.99987 0.24974 0.99987 0.24974 0.93750 0.12502 0.93750)
		4 V(10 11 9 8) M(0) UV(0.12502 0.99987 0.24974 0.99987 0.24974 0.93750 0.12502 0.93750)
		4 V(4 5 3 2) M(0) UV(0.12502 0.99987 0.24974 0.99987 0.24974 0.93750 0.12502 0.93750)
		4 V(30 31 29 28) M(0) UV(0.12502 0.99987 0.24974 0.99987 0.24974 0.93750 0.12502 0.93750)
		4 V(17 18 12 15) M(0) UV(0.12502 0.99987 0.24974 0.99987 0.24974 0.93750 0.12502 0.93750)
		4 V(31 36 34 29) M(0) UV(0.12502 0.99987 0.24974 0.99987 0.24974 0.93750 0.12502 0.93750)
		4 V(37 33 32 35) M(0) UV(0.12502 0.99987 0.24974 0.99987 0.24974 0.93750 0.12502 0.93750)
		4 V(33 27 24 32) M(0) UV(0.12502 0.99987 0.24974 0.99987 0.24974 0.93750 0.12502 0.93750)
		4 V(27 26 25 24) M(0) UV(0.12502 0.99987 0.24974 0.99987 0.24974 0.93750 0.12502 0.93750)
		4 V(11 7 1 9) M(0) UV(0.12502 0.99987 0.24974 0.99987 0.24974 0.93750 0.12502 0.93750)
	}
}
Eof
